     0.0000000        0.31101250        0.00315705
     0.1000000        0.17003319        0.00228948
     0.2000000        0.09551244        0.00170401
     0.3000000        0.05551806        0.00092366
     0.4000000        0.03311612        0.00060809
     0.5000000        0.02066297        0.00046915
     0.6000000        0.01316159        0.00035165
     0.7000000        0.00857794        0.00028726
     0.8000000        0.00573647        0.00033495
     0.9000000        0.00362579        0.00030982
     1.0000000        0.00234051        0.00025988
     1.1000000        0.00150726        0.00026247
     1.2000000        0.00107123        0.00027598
     1.3000000        0.00083582        0.00022785
     1.4000000        0.00069308        0.00019606
     1.5000000        0.00057717        0.00017857
     1.6000000        0.00046406        0.00017894
     1.7000000        0.00037578        0.00013078
     1.8000000        0.00023742        0.00011943
     1.9000000        0.00025769        0.00018105
     2.0000000        0.00021552        0.00022538
     2.1000000        0.00017628        0.00024330
     2.2000000        0.00019541        0.00021820
     2.3000000        0.00017049        0.00013817
     2.4000000        0.00014050        0.00011702
     2.5000000        0.00015908        0.00016480
     2.6000000        0.00016049        0.00017540
     2.7000000        0.00014679        0.00017287
     2.8000000        0.00012390        0.00011913
     2.9000000        0.00005634        0.00009802
     3.0000000        0.00001608        0.00007924
     3.1000000        0.00000245        0.00008158
     3.2000000        0.00001485        0.00004568
     3.3000000        0.00002488        0.00004415
     3.4000000        0.00000300        0.00004492
     3.5000000       -0.00001371        0.00004875
     3.6000000       -0.00000646        0.00004219
     3.7000000       -0.00002744        0.00005637
     3.8000000       -0.00006082        0.00007588
     3.9000000       -0.00005766        0.00007187
     4.0000000       -0.00004893        0.00006286
     4.1000000       -0.00000076        0.00004436
     4.2000000        0.00001259        0.00004956
     4.3000000        0.00003066        0.00002854
     4.4000000        0.00004110        0.00003372
     4.5000000        0.00004350        0.00004574
     4.6000000        0.00003626        0.00003762
     4.7000000        0.00003796        0.00003668
     4.8000000        0.00005766        0.00004945
     4.9000000        0.00005810        0.00004517
     5.0000000        0.00001962        0.00003017
     5.1000000        0.00002396        0.00002557
     5.2000000        0.00004272        0.00003347
     5.3000000        0.00005224        0.00002827
     5.4000000        0.00005483        0.00002695
     5.5000000        0.00003742        0.00003261
     5.6000000        0.00000149        0.00004519
     5.7000000        0.00002399        0.00004581
     5.8000000        0.00002509        0.00004414
     5.9000000        0.00001850        0.00002964
     6.0000000        0.00003139        0.00002654
     6.1000000        0.00000744        0.00003197
     6.2000000        0.00002617        0.00003981
     6.3000000        0.00006217        0.00004753
     6.4000000        0.00004449        0.00005382
     6.5000000        0.00004283        0.00006179
     6.6000000        0.00002159        0.00006133
     6.7000000        0.00001532        0.00005224
     6.8000000        0.00000571        0.00005320
     6.9000000       -0.00007182        0.00005667
     7.0000000       -0.00009488        0.00007813
     7.1000000       -0.00021823        0.00011795
     7.2000000       -0.00030786        0.00014570
     7.3000000       -0.00029492        0.00014814
     7.4000000       -0.00008242        0.00014876
     7.5000000        0.00000910        0.00012034
     7.6000000       -0.00012026        0.00009671
     7.7000000       -0.00032282        0.00037020
     7.8000000       -0.00030112        0.00039639
     7.9000000       -0.00025026        0.00041683
     8.0000000       -0.00054017        0.00077007
     8.1000000       -0.00078673        0.00094825
     8.2000000       -0.00036384        0.00067662
     8.3000000       -0.00028209        0.00066603
     8.4000000       -0.00037327        0.00073910
     8.5000000       -0.00019965        0.00070514
     8.6000000        0.00027441        0.00082510
     8.7000000        0.00052589        0.00093182
     8.8000000        0.00069846        0.00116389
     8.9000000        0.00144287        0.00101905
     9.0000000        0.00210220        0.00119015
     9.1000000        0.00332136        0.00117040
     9.2000000        0.00501412        0.00090906
     9.3000000        0.00775169        0.00079308
     9.4000000        0.01233588        0.00133515
     9.5000000        0.02001751        0.00157835
     9.6000000        0.03285964        0.00201181
     9.7000000        0.05465207        0.00234349
     9.8000000        0.09455010        0.00263573
     9.9000000        0.16943366        0.00285064
    10.0000000        0.31101250        0.00315705
