     0.0000000        1.34769260        0.01407790
     0.1000000        1.12457899        0.01485841
     0.2000000        0.94945711        0.01431982
     0.3000000        0.80737690        0.01213254
     0.4000000        0.69379299        0.01161912
     0.5000000        0.59991399        0.01065944
     0.6000000        0.51972691        0.00892372
     0.7000000        0.45315497        0.00725459
     0.8000000        0.39648285        0.00593881
     0.9000000        0.34942480        0.00519821
     1.0000000        0.30991321        0.00470596
     1.1000000        0.27647134        0.00470415
     1.2000000        0.24721311        0.00434421
     1.3000000        0.22260598        0.00462146
     1.4000000        0.20117979        0.00467654
     1.5000000        0.18206640        0.00456133
     1.6000000        0.16442303        0.00417031
     1.7000000        0.14968855        0.00392814
     1.8000000        0.13755733        0.00441765
     1.9000000        0.12809082        0.00522593
     2.0000000        0.12032002        0.00539402
     2.1000000        0.11421572        0.00550690
     2.2000000        0.10880373        0.00556382
     2.3000000        0.10459117        0.00541962
     2.4000000        0.10252425        0.00491286
     2.5000000        0.10118768        0.00422184
     2.6000000        0.10076556        0.00388332
     2.7000000        0.10219753        0.00405554
     2.8000000        0.10541486        0.00457891
     2.9000000        0.10931459        0.00482620
     3.0000000        0.11471479        0.00511963
     3.1000000        0.12156133        0.00523157
     3.2000000        0.13102065        0.00570109
     3.3000000        0.14347730        0.00554263
     3.4000000        0.15815665        0.00556530
     3.5000000        0.17684769        0.00600627
     3.6000000        0.19648540        0.00681318
     3.7000000        0.21924635        0.00751520
     3.8000000        0.24458279        0.00685720
     3.9000000        0.27342202        0.00628918
     4.0000000        0.30796185        0.00616804
     4.1000000        0.34777764        0.00613521
     4.2000000        0.39548450        0.00655976
     4.3000000        0.45131851        0.00715934
     4.4000000        0.51696316        0.00789548
     4.5000000        0.59574644        0.00853193
     4.6000000        0.68922345        0.00945092
     4.7000000        0.80318145        0.01069452
     4.8000000        0.94368819        0.01138431
     4.9000000        1.12141067        0.01260843
     5.0000000        1.34769260        0.01407790
