     0.0000000        0.37451036        0.00267459
     0.1000000        0.19179753        0.00196697
     0.2000000        0.10051314        0.00140027
     0.3000000        0.05369467        0.00101866
     0.4000000        0.02936238        0.00074001
     0.5000000        0.01651152        0.00046342
     0.6000000        0.00932025        0.00036855
     0.7000000        0.00512243        0.00041528
     0.8000000        0.00306445        0.00050635
     0.9000000        0.00170202        0.00052009
     1.0000000        0.00102273        0.00039191
     1.1000000        0.00049451        0.00032239
     1.2000000        0.00016080        0.00024831
     1.3000000        0.00002021        0.00022041
     1.4000000       -0.00007707        0.00018620
     1.5000000        0.00000360        0.00019108
     1.6000000        0.00018684        0.00020057
     1.7000000        0.00021984        0.00021886
     1.8000000        0.00014248        0.00020143
     1.9000000        0.00018581        0.00022649
     2.0000000        0.00016252        0.00027571
     2.1000000        0.00021385        0.00026017
     2.2000000        0.00021134        0.00023624
     2.3000000        0.00010611        0.00017292
     2.4000000        0.00002959        0.00010114
     2.5000000       -0.00000622        0.00008756
     2.6000000       -0.00000660        0.00007453
     2.7000000       -0.00005229        0.00006963
     2.8000000       -0.00006928        0.00008729
     2.9000000       -0.00010053        0.00010405
     3.0000000       -0.00013908        0.00012593
     3.1000000       -0.00012518        0.00012480
     3.2000000       -0.00004970        0.00011303
     3.3000000        0.00001629        0.00010046
     3.4000000        0.00000722        0.00009134
     3.5000000        0.00002900        0.00007890
     3.6000000        0.00004907        0.00005733
     3.7000000        0.00004365        0.00005315
     3.8000000        0.00002055        0.00005658
     3.9000000        0.00002840        0.00007403
     4.0000000       -0.00002050        0.00007987
     4.1000000       -0.00001491        0.00008637
     4.2000000       -0.00000906        0.00010365
     4.3000000        0.00000697        0.00010790
     4.4000000        0.00001645        0.00009376
     4.5000000        0.00000350        0.00008150
     4.6000000       -0.00000171        0.00006148
     4.7000000       -0.00001343        0.00005247
     4.8000000       -0.00002374        0.00004973
     4.9000000       -0.00002980        0.00005077
     5.0000000       -0.00002167        0.00005711
     5.1000000        0.00001664        0.00004329
     5.2000000        0.00003118        0.00003588
     5.3000000        0.00002670        0.00003520
     5.4000000        0.00005850        0.00008040
     5.5000000        0.00002631        0.00004968
     5.6000000       -0.00000738        0.00004370
     5.7000000       -0.00001980        0.00004434
     5.8000000        0.00001311        0.00005135
     5.9000000        0.00001105        0.00005274
     6.0000000        0.00002241        0.00007338
     6.1000000        0.00002634        0.00008189
     6.2000000        0.00015709        0.00012914
     6.3000000        0.00024856        0.00017972
     6.4000000        0.00028651        0.00017184
     6.5000000        0.00033344        0.00018640
     6.6000000        0.00032419        0.00017119
     6.7000000        0.00025089        0.00011912
     6.8000000        0.00027200        0.00016352
     6.9000000        0.00032230        0.00022127
     7.0000000        0.00026684        0.00019368
     7.1000000        0.00037315        0.00031006
     7.2000000        0.00030494        0.00024715
     7.3000000        0.00026273        0.00025578
     7.4000000        0.00039604        0.00040218
     7.5000000        0.00065545        0.00065940
     7.6000000        0.00085389        0.00083426
     7.7000000        0.00134594        0.00124841
     7.8000000        0.00213584        0.00207941
     7.9000000        0.00182365        0.00187778
     8.0000000        0.00112818        0.00127395
     8.1000000        0.00081262        0.00094552
     8.2000000        0.00043450        0.00044150
     8.3000000        0.00027178        0.00027673
     8.4000000        0.00008953        0.00035870
     8.5000000        0.00005672        0.00028975
     8.6000000        0.00027792        0.00034124
     8.7000000        0.00024358        0.00041371
     8.8000000        0.00057297        0.00051361
     8.9000000        0.00019667        0.00077892
     9.0000000        0.00038701        0.00126493
     9.1000000        0.00093518        0.00136151
     9.2000000        0.00193032        0.00164867
     9.3000000        0.00356083        0.00246164
     9.4000000        0.00708148        0.00261934
     9.5000000        0.01401852        0.00236969
     9.6000000        0.02774588        0.00174747
     9.7000000        0.05245902        0.00161902
     9.8000000        0.09922430        0.00181631
     9.9000000        0.19148094        0.00211604
    10.0000000        0.37451036        0.00267459
