     0.0000000        0.74647767        0.00507647
     0.1000000        0.63391313        0.00498425
     0.2000000        0.55186769        0.00471260
     0.3000000        0.48974416        0.00450298
     0.4000000        0.44130801        0.00424605
     0.5000000        0.40251526        0.00397075
     0.6000000        0.37093557        0.00379249
     0.7000000        0.34508132        0.00379602
     0.8000000        0.32280337        0.00353891
     0.9000000        0.30417261        0.00328196
     1.0000000        0.28842748        0.00320867
     1.1000000        0.27518978        0.00311602
     1.2000000        0.26393783        0.00304131
     1.3000000        0.25457002        0.00309864
     1.4000000        0.24590550        0.00300029
     1.5000000        0.23802292        0.00293376
     1.6000000        0.23131279        0.00278962
     1.7000000        0.22572583        0.00272189
     1.8000000        0.22100009        0.00258349
     1.9000000        0.21700944        0.00247395
     2.0000000        0.21364523        0.00243053
     2.1000000        0.21105996        0.00242907
     2.2000000        0.20949461        0.00246827
     2.3000000        0.20834706        0.00249619
     2.4000000        0.20764332        0.00245649
     2.5000000        0.20709086        0.00249716
     2.6000000        0.20702441        0.00246940
     2.7000000        0.20796266        0.00253097
     2.8000000        0.20925660        0.00247110
     2.9000000        0.21144240        0.00251982
     3.0000000        0.21388833        0.00250516
     3.1000000        0.21657883        0.00243914
     3.2000000        0.22024556        0.00240272
     3.3000000        0.22481956        0.00242608
     3.4000000        0.23009601        0.00246386
     3.5000000        0.23655616        0.00256232
     3.6000000        0.24399822        0.00261385
     3.7000000        0.25262731        0.00272943
     3.8000000        0.26267767        0.00294668
     3.9000000        0.27471853        0.00316012
     4.0000000        0.28883977        0.00335814
     4.1000000        0.30500016        0.00348648
     4.2000000        0.32358188        0.00356574
     4.3000000        0.34564333        0.00377073
     4.4000000        0.37209411        0.00408943
     4.5000000        0.40341268        0.00428945
     4.6000000        0.44190206        0.00441563
     4.7000000        0.49024465        0.00449473
     4.8000000        0.55228288        0.00468775
     4.9000000        0.63443682        0.00494388
     5.0000000        0.74647767        0.00507647
