     0.0000000        0.99596654        0.04732839
     0.1000000        0.71536636        0.03776851
     0.2000000        0.53409797        0.02599076
     0.3000000        0.40433572        0.02021898
     0.4000000        0.31164564        0.01005067
     0.5000000        0.23843294        0.00770454
     0.6000000        0.18268481        0.00378564
     0.7000000        0.13850190        0.00126626
     0.8000000        0.10530588        0.00008727
     0.9000000        0.08155204        0.00157422
     1.0000000        0.06536015        0.00417344
     1.1000000        0.05347858        0.00148227
     1.2000000        0.04160235        0.00255833
     1.3000000        0.03308744        0.00382976
     1.4000000        0.02851196        0.00283216
     1.5000000        0.02205904        0.00420477
     1.6000000        0.01636687        0.00408607
     1.7000000        0.01299904        0.00386077
     1.8000000        0.00971896        0.00466931
     1.9000000        0.00794429        0.00522697
     2.0000000        0.00680931        0.00396058
     2.1000000        0.00545216        0.00487383
     2.2000000        0.00576295        0.00484572
     2.3000000        0.00419463        0.00592045
     2.4000000        0.00178207        0.00582212
     2.5000000        0.00072994        0.00402720
     2.6000000        0.00134635        0.00550313
     2.7000000        0.00116783        0.00617585
     2.8000000        0.00136715        0.00514141
     2.9000000        0.00023277        0.00500850
     3.0000000        0.00026037        0.00368865
     3.1000000        0.00028479        0.00225127
     3.2000000        0.00166618        0.00131523
     3.3000000        0.00119993        0.00051477
     3.4000000        0.00076006        0.00052614
     3.5000000        0.00110979        0.00062059
     3.6000000        0.00267823        0.00192954
     3.7000000        0.00213261        0.00152652
     3.8000000        0.00259277        0.00160882
     3.9000000        0.00268219        0.00136377
     4.0000000        0.00186085        0.00122461
     4.1000000        0.00123806        0.00125226
     4.2000000        0.00166342        0.00151821
     4.3000000        0.00106840        0.00144317
     4.4000000        0.00114139        0.00148049
     4.5000000        0.00200480        0.00123067
     4.6000000        0.00228530        0.00065663
     4.7000000        0.00168337        0.00031904
     4.8000000        0.00118038        0.00064595
     4.9000000        0.00110980        0.00018710
     5.0000000        0.00118432        0.00061442
     5.1000000        0.00087289        0.00038492
     5.2000000        0.00029085        0.00053219
     5.3000000        0.00040578        0.00056325
     5.4000000        0.00040112        0.00108803
     5.5000000        0.00085651        0.00117068
     5.6000000        0.00045573        0.00101533
     5.7000000        0.00015391        0.00055707
     5.8000000       -0.00051478        0.00077420
     5.9000000       -0.00072304        0.00090553
     6.0000000       -0.00117162        0.00114074
     6.1000000       -0.00137016        0.00143806
     6.2000000       -0.00125822        0.00145517
     6.3000000       -0.00061187        0.00284441
     6.4000000       -0.00075759        0.00292556
     6.5000000       -0.00074650        0.00310415
     6.6000000       -0.00039926        0.00278120
     6.7000000        0.00079014        0.00200720
     6.8000000        0.00134966        0.00184564
     6.9000000        0.00022343        0.00300968
     7.0000000       -0.00072971        0.00327550
     7.1000000       -0.00106765        0.00197883
     7.2000000       -0.00123142        0.00178113
     7.3000000       -0.00099235        0.00259444
     7.4000000       -0.00048799        0.00285832
     7.5000000       -0.00130537        0.00218712
     7.6000000       -0.00274389        0.00208889
     7.7000000       -0.00358091        0.00235730
     7.8000000       -0.00116194        0.00310313
     7.9000000        0.00108385        0.00285757
     8.0000000        0.00444173        0.00378823
     8.1000000        0.00433273        0.00382547
     8.2000000        0.00640482        0.00444791
     8.3000000        0.00858607        0.00514910
     8.4000000        0.00948944        0.00741569
     8.5000000        0.01584605        0.00533282
     8.6000000        0.01974184        0.00619749
     8.7000000        0.02883933        0.00769250
     8.8000000        0.03639211        0.00896735
     8.9000000        0.05058802        0.00823866
     9.0000000        0.06513727        0.00683322
     9.1000000        0.08133946        0.00815548
     9.2000000        0.10562762        0.01473647
     9.3000000        0.14120649        0.01839522
     9.4000000        0.18146797        0.01845482
     9.5000000        0.23729505        0.02255522
     9.6000000        0.30945573        0.02113116
     9.7000000        0.40308696        0.02682826
     9.8000000        0.52937952        0.03163969
     9.9000000        0.71791829        0.03859391
    10.0000000        1.00403346        0.04732839
