     0.0000000        0.65879463        0.02449604
     0.1000000        0.54294144        0.02367998
     0.2000000        0.45835978        0.02330482
     0.3000000        0.39527712        0.02279496
     0.4000000        0.34943318        0.02213434
     0.5000000        0.31226997        0.02089884
     0.6000000        0.28351405        0.01954618
     0.7000000        0.25891804        0.01795728
     0.8000000        0.24086199        0.01673528
     0.9000000        0.22521024        0.01655237
     1.0000000        0.20920987        0.01584651
     1.1000000        0.19364116        0.01507469
     1.2000000        0.18054524        0.01480292
     1.3000000        0.16973061        0.01506345
     1.4000000        0.16056230        0.01392815
     1.5000000        0.14923492        0.01131417
     1.6000000        0.13790963        0.01037664
     1.7000000        0.12593801        0.01004161
     1.8000000        0.11643569        0.00958826
     1.9000000        0.10991587        0.00892787
     2.0000000        0.10193446        0.00850561
     2.1000000        0.09305623        0.00767830
     2.2000000        0.08603322        0.00725361
     2.3000000        0.07756593        0.00705270
     2.4000000        0.07209809        0.00798548
     2.5000000        0.06923061        0.00861383
     2.6000000        0.06618410        0.00852571
     2.7000000        0.05999928        0.00883056
     2.8000000        0.05495514        0.00940386
     2.9000000        0.05201202        0.00907333
     3.0000000        0.05029708        0.00871085
     3.1000000        0.04878868        0.00851364
     3.2000000        0.04856188        0.00832861
     3.3000000        0.04540911        0.00811105
     3.4000000        0.04318678        0.00830039
     3.5000000        0.04299466        0.00723576
     3.6000000        0.04175424        0.00805992
     3.7000000        0.04235361        0.00842544
     3.8000000        0.04225408        0.00913278
     3.9000000        0.04061046        0.00995521
     4.0000000        0.03951397        0.01086942
     4.1000000        0.03741017        0.01035957
     4.2000000        0.03612420        0.01146408
     4.3000000        0.03402093        0.01181074
     4.4000000        0.03277114        0.01144421
     4.5000000        0.03183611        0.01148778
     4.6000000        0.02836254        0.01124731
     4.7000000        0.02546784        0.01125598
     4.8000000        0.01960184        0.00982507
     4.9000000        0.01836676        0.00856216
     5.0000000        0.02347239        0.00861472
     5.1000000        0.02626895        0.00811523
     5.2000000        0.02639475        0.00654834
     5.3000000        0.03007635        0.00653093
     5.4000000        0.03303078        0.00650745
     5.5000000        0.03389416        0.00751288
     5.6000000        0.03280353        0.00823817
     5.7000000        0.03081482        0.00830728
     5.8000000        0.02867096        0.00838403
     5.9000000        0.02923096        0.00858416
     6.0000000        0.02729263        0.00894042
     6.1000000        0.02675868        0.00832928
     6.2000000        0.02714697        0.00835331
     6.3000000        0.02824840        0.00893639
     6.4000000        0.03092298        0.00977041
     6.5000000        0.03156651        0.00936314
     6.6000000        0.02923963        0.00952617
     6.7000000        0.02838549        0.01015218
     6.8000000        0.02564529        0.01062857
     6.9000000        0.02475359        0.01071403
     7.0000000        0.02565749        0.01091689
     7.1000000        0.02853735        0.01124839
     7.2000000        0.03388142        0.01086677
     7.3000000        0.04025881        0.01062426
     7.4000000        0.05049202        0.01078036
     7.5000000        0.05769491        0.01144850
     7.6000000        0.06333348        0.01214506
     7.7000000        0.06869912        0.01283158
     7.8000000        0.08085168        0.01323368
     7.9000000        0.09003219        0.01346778
     8.0000000        0.09847002        0.01336326
     8.1000000        0.10647445        0.01308131
     8.2000000        0.11558336        0.01422373
     8.3000000        0.12369128        0.01501494
     8.4000000        0.13128150        0.01565017
     8.5000000        0.13846892        0.01559327
     8.6000000        0.14980704        0.01617211
     8.7000000        0.16052535        0.01647502
     8.8000000        0.17335359        0.01696232
     8.9000000        0.18976542        0.01807055
     9.0000000        0.20421800        0.01921809
     9.1000000        0.21910401        0.01928619
     9.2000000        0.23945310        0.02039107
     9.3000000        0.25992832        0.02269465
     9.4000000        0.28857188        0.02444726
     9.5000000        0.31958788        0.02503442
     9.6000000        0.35723843        0.02506633
     9.7000000        0.40531159        0.02460399
     9.8000000        0.46727894        0.02456420
     9.9000000        0.54824589        0.02472332
    10.0000000        0.65879463        0.02449604
