     0.0000000        0.41870119        0.00435352
     0.1000000        0.35905625        0.00380398
     0.2000000        0.30943840        0.00352601
     0.3000000        0.26730695        0.00339087
     0.4000000        0.23155334        0.00347798
     0.5000000        0.20068832        0.00315097
     0.6000000        0.17414488        0.00298768
     0.7000000        0.15175254        0.00283559
     0.8000000        0.13180278        0.00235189
     0.9000000        0.11442340        0.00172373
     1.0000000        0.09971777        0.00138249
     1.1000000        0.08711261        0.00121431
     1.2000000        0.07598680        0.00111301
     1.3000000        0.06602275        0.00095876
     1.4000000        0.05767032        0.00100396
     1.5000000        0.05015136        0.00097195
     1.6000000        0.04351867        0.00085792
     1.7000000        0.03779009        0.00080400
     1.8000000        0.03244820        0.00098821
     1.9000000        0.02772027        0.00141384
     2.0000000        0.02379351        0.00175878
     2.1000000        0.02024967        0.00215723
     2.2000000        0.01707015        0.00250749
     2.3000000        0.01430276        0.00286260
     2.4000000        0.01279028        0.00269728
     2.5000000        0.01099568        0.00250538
     2.6000000        0.00966544        0.00221009
     2.7000000        0.00837098        0.00211304
     2.8000000        0.00745154        0.00185253
     2.9000000        0.00632864        0.00175676
     3.0000000        0.00519073        0.00175700
     3.1000000        0.00411443        0.00183657
     3.2000000        0.00346697        0.00188834
     3.3000000        0.00294055        0.00182400
     3.4000000        0.00251498        0.00169399
     3.5000000        0.00237221        0.00156872
     3.6000000        0.00230101        0.00156803
     3.7000000        0.00213585        0.00163194
     3.8000000        0.00222739        0.00165354
     3.9000000        0.00184533        0.00200309
     4.0000000        0.00165959        0.00233923
     4.1000000        0.00182066        0.00256642
     4.2000000        0.00207816        0.00274705
     4.3000000        0.00266168        0.00278654
     4.4000000        0.00273016        0.00292040
     4.5000000        0.00308333        0.00290341
     4.6000000        0.00323525        0.00278802
     4.7000000        0.00336720        0.00262884
     4.8000000        0.00313476        0.00255103
     4.9000000        0.00299874        0.00241920
     5.0000000        0.00350020        0.00220146
     5.1000000        0.00333257        0.00194060
     5.2000000        0.00270028        0.00177602
     5.3000000        0.00209986        0.00169311
     5.4000000        0.00164407        0.00165143
     5.5000000        0.00157844        0.00165967
     5.6000000        0.00171379        0.00174387
     5.7000000        0.00150481        0.00192765
     5.8000000        0.00133360        0.00204070
     5.9000000        0.00111223        0.00194825
     6.0000000        0.00141871        0.00197876
     6.1000000        0.00158447        0.00202880
     6.2000000        0.00177170        0.00201221
     6.3000000        0.00204821        0.00182299
     6.4000000        0.00220255        0.00167530
     6.5000000        0.00304491        0.00165570
     6.6000000        0.00340217        0.00156433
     6.7000000        0.00415950        0.00146582
     6.8000000        0.00485411        0.00152560
     6.9000000        0.00606478        0.00164319
     7.0000000        0.00708593        0.00178189
     7.1000000        0.00809489        0.00180597
     7.2000000        0.00901117        0.00173278
     7.3000000        0.01006588        0.00168818
     7.4000000        0.01132429        0.00160431
     7.5000000        0.01325998        0.00172956
     7.6000000        0.01513333        0.00171516
     7.7000000        0.01736061        0.00185971
     7.8000000        0.01965714        0.00170734
     7.9000000        0.02233112        0.00162673
     8.0000000        0.02535731        0.00166282
     8.1000000        0.02932691        0.00161947
     8.2000000        0.03376753        0.00174154
     8.3000000        0.03887333        0.00201974
     8.4000000        0.04479562        0.00229190
     8.5000000        0.05111918        0.00250950
     8.6000000        0.05875542        0.00278774
     8.7000000        0.06764995        0.00304741
     8.8000000        0.07778882        0.00320846
     8.9000000        0.08891502        0.00320995
     9.0000000        0.10089097        0.00308393
     9.1000000        0.11540963        0.00319848
     9.2000000        0.13211598        0.00322495
     9.3000000        0.15182245        0.00327211
     9.4000000        0.17474870        0.00326249
     9.5000000        0.20033613        0.00301558
     9.6000000        0.23051150        0.00315897
     9.7000000        0.26633361        0.00324056
     9.8000000        0.30878171        0.00354586
     9.9000000        0.35898872        0.00410319
    10.0000000        0.41870119        0.00435352
