     0.0000000        0.29870032        0.01488700
     0.0500000        0.26816962        0.01415541
     0.1000000        0.24160372        0.01339695
     0.1500000        0.21865845        0.01277629
     0.2000000        0.19828135        0.01225323
     0.2500000        0.18030748        0.01184138
     0.3000000        0.16432633        0.01145109
     0.3500000        0.15002631        0.01119423
     0.4000000        0.13742795        0.01093672
     0.4500000        0.12606490        0.01058689
     0.5000000        0.11591533        0.01015346
     0.5500000        0.10706477        0.00975105
     0.6000000        0.09942496        0.00945307
     0.6500000        0.09211831        0.00937463
     0.7000000        0.08517728        0.00945500
     0.7500000        0.07876416        0.00965355
     0.8000000        0.07301308        0.00990600
     0.8500000        0.06797351        0.01011170
     0.9000000        0.06356150        0.01039605
     0.9500000        0.06014528        0.01067040
     1.0000000        0.05718767        0.01083823
     1.0500000        0.05492582        0.01098086
     1.1000000        0.05256055        0.01110055
     1.1500000        0.05057070        0.01119862
     1.2000000        0.04882959        0.01125323
     1.2500000        0.04693012        0.01130409
     1.3000000        0.04511269        0.01112316
     1.3500000        0.04323257        0.01083646
     1.4000000        0.04115831        0.01053023
     1.4500000        0.03918736        0.01027359
     1.5000000        0.03721862        0.00991189
     1.5500000        0.03502084        0.00964848
     1.6000000        0.03287030        0.00943559
     1.6500000        0.03079991        0.00925025
     1.7000000        0.02947097        0.00906655
     1.7500000        0.02832028        0.00879506
     1.8000000        0.02702854        0.00851660
     1.8500000        0.02550567        0.00829528
     1.9000000        0.02381909        0.00812834
     1.9500000        0.02178796        0.00797953
     2.0000000        0.01996283        0.00780395
     2.0500000        0.01824779        0.00755043
     2.1000000        0.01699882        0.00736593
     2.1500000        0.01571102        0.00719388
     2.2000000        0.01455038        0.00699705
     2.2500000        0.01353666        0.00671100
     2.3000000        0.01250360        0.00627954
     2.3500000        0.01144257        0.00585612
     2.4000000        0.01044862        0.00543543
     2.4500000        0.00940452        0.00501948
     2.5000000        0.00837626        0.00455430
     2.5500000        0.00753447        0.00410350
     2.6000000        0.00670018        0.00369293
     2.6500000        0.00609325        0.00333573
     2.7000000        0.00546759        0.00301727
     2.7500000        0.00508280        0.00273124
     2.8000000        0.00485057        0.00257065
     2.8500000        0.00444961        0.00244130
     2.9000000        0.00403883        0.00229808
     2.9500000        0.00366172        0.00226595
     3.0000000        0.00324259        0.00222942
     3.0500000        0.00294900        0.00223744
     3.1000000        0.00264111        0.00229804
     3.1500000        0.00259497        0.00238993
     3.2000000        0.00263628        0.00251135
     3.2500000        0.00259640        0.00261761
     3.3000000        0.00258007        0.00269250
     3.3500000        0.00260850        0.00271742
     3.4000000        0.00280160        0.00274895
     3.4500000        0.00291508        0.00275468
     3.5000000        0.00303905        0.00278486
     3.5500000        0.00289052        0.00284478
     3.6000000        0.00257608        0.00293408
     3.6500000        0.00204189        0.00309343
     3.7000000        0.00136904        0.00327000
     3.7500000        0.00065362        0.00347512
     3.8000000       -0.00013155        0.00365994
     3.8500000       -0.00071543        0.00385477
     3.9000000       -0.00115421        0.00402819
     3.9500000       -0.00143784        0.00420140
     4.0000000       -0.00146595        0.00437277
     4.0500000       -0.00128285        0.00448476
     4.1000000       -0.00097144        0.00460746
     4.1500000       -0.00070569        0.00469250
     4.2000000       -0.00030913        0.00476055
     4.2500000        0.00010939        0.00492509
     4.3000000        0.00065087        0.00489596
     4.3500000        0.00117873        0.00488672
     4.4000000        0.00159742        0.00491407
     4.4500000        0.00186121        0.00484797
     4.5000000        0.00190883        0.00475700
     4.5500000        0.00165902        0.00469071
     4.6000000        0.00157353        0.00464241
     4.6500000        0.00148344        0.00459990
     4.7000000        0.00154436        0.00458405
     4.7500000        0.00134837        0.00441625
     4.8000000        0.00102504        0.00422138
     4.8500000        0.00068983        0.00402393
     4.9000000        0.00056809        0.00386952
     4.9500000        0.00067559        0.00375269
     5.0000000        0.00077662        0.00368663
     5.0500000        0.00091605        0.00364887
     5.1000000        0.00103246        0.00353215
     5.1500000        0.00102589        0.00346352
     5.2000000        0.00105182        0.00341265
     5.2500000        0.00118743        0.00338766
     5.3000000        0.00116996        0.00336813
     5.3500000        0.00130502        0.00346334
     5.4000000        0.00145615        0.00362076
     5.4500000        0.00168379        0.00390700
     5.5000000        0.00183367        0.00410715
     5.5500000        0.00205965        0.00420676
     5.6000000        0.00218593        0.00419802
     5.6500000        0.00246571        0.00414519
     5.7000000        0.00254924        0.00413154
     5.7500000        0.00241495        0.00415514
     5.8000000        0.00194433        0.00418955
     5.8500000        0.00131232        0.00425458
     5.9000000        0.00063196        0.00423726
     5.9500000        0.00005722        0.00420261
     6.0000000       -0.00049673        0.00417479
     6.0500000       -0.00082789        0.00416574
     6.1000000       -0.00087591        0.00416948
     6.1500000       -0.00061795        0.00402565
     6.2000000       -0.00042782        0.00389501
     6.2500000       -0.00010284        0.00375883
     6.3000000        0.00043039        0.00350941
     6.3500000        0.00098821        0.00322028
     6.4000000        0.00179253        0.00295755
     6.4500000        0.00238367        0.00275539
     6.5000000        0.00287419        0.00261156
     6.5500000        0.00333777        0.00249874
     6.6000000        0.00383225        0.00247804
     6.6500000        0.00416005        0.00248473
     6.7000000        0.00443299        0.00246319
     6.7500000        0.00454453        0.00246577
     6.8000000        0.00446721        0.00253617
     6.8500000        0.00403614        0.00261080
     6.9000000        0.00364519        0.00273126
     6.9500000        0.00322758        0.00286672
     7.0000000        0.00287549        0.00310616
     7.0500000        0.00271096        0.00335157
     7.1000000        0.00309944        0.00349256
     7.1500000        0.00349391        0.00362550
     7.2000000        0.00376522        0.00370787
     7.2500000        0.00424212        0.00368613
     7.3000000        0.00440783        0.00359591
     7.3500000        0.00421277        0.00346122
     7.4000000        0.00402094        0.00331272
     7.4500000        0.00367941        0.00321322
     7.5000000        0.00344175        0.00310008
     7.5500000        0.00315391        0.00302096
     7.6000000        0.00280405        0.00291202
     7.6500000        0.00249430        0.00276765
     7.7000000        0.00217820        0.00256243
     7.7500000        0.00177512        0.00241969
     7.8000000        0.00140876        0.00230560
     7.8500000        0.00109662        0.00221518
     7.9000000        0.00089940        0.00224856
     7.9500000        0.00062569        0.00230835
     8.0000000        0.00024387        0.00236055
     8.0500000       -0.00008079        0.00237974
     8.1000000       -0.00025895        0.00240368
     8.1500000       -0.00041510        0.00243778
     8.2000000       -0.00060386        0.00248269
     8.2500000       -0.00066410        0.00252181
     8.3000000       -0.00067304        0.00258426
     8.3500000       -0.00080947        0.00266475
     8.4000000       -0.00090523        0.00276089
     8.4500000       -0.00081648        0.00281923
     8.5000000       -0.00071452        0.00288523
     8.5500000       -0.00048877        0.00293419
     8.6000000       -0.00021165        0.00291377
     8.6500000        0.00010937        0.00284575
     8.7000000        0.00043582        0.00280768
     8.7500000        0.00056124        0.00270047
     8.8000000        0.00060552        0.00255597
     8.8500000        0.00083405        0.00240524
     8.9000000        0.00117952        0.00228190
     8.9500000        0.00152358        0.00214808
     9.0000000        0.00176173        0.00204589
     9.0500000        0.00200092        0.00199579
     9.1000000        0.00210957        0.00197613
     9.1500000        0.00203726        0.00197810
     9.2000000        0.00204235        0.00203485
     9.2500000        0.00208040        0.00209128
     9.3000000        0.00204357        0.00212796
     9.3500000        0.00215101        0.00220361
     9.4000000        0.00225862        0.00238438
     9.4500000        0.00243333        0.00257968
     9.5000000        0.00263017        0.00273015
     9.5500000        0.00276903        0.00287261
     9.6000000        0.00289383        0.00303744
     9.6500000        0.00304020        0.00319999
     9.7000000        0.00315480        0.00339075
     9.7500000        0.00381064        0.00382840
     9.8000000        0.00430577        0.00421681
     9.8500000        0.00465682        0.00468583
     9.9000000        0.00481159        0.00515023
     9.9500000        0.00504213        0.00560295
    10.0000000        0.00511299        0.00604167
    10.0500000        0.00420947        0.00577708
    10.1000000        0.00342238        0.00547205
    10.1500000        0.00267399        0.00520449
    10.2000000        0.00200896        0.00485805
    10.2500000        0.00171312        0.00457779
    10.3000000        0.00140063        0.00431935
    10.3500000        0.00069120        0.00407917
    10.4000000        0.00018278        0.00390821
    10.4500000       -0.00049064        0.00371509
    10.5000000       -0.00115982        0.00355251
    10.5500000       -0.00172305        0.00342873
    10.6000000       -0.00188269        0.00330107
    10.6500000       -0.00178473        0.00311342
    10.7000000       -0.00143199        0.00285782
    10.7500000       -0.00085229        0.00262326
    10.8000000       -0.00031012        0.00246087
    10.8500000        0.00025363        0.00242319
    10.9000000        0.00078839        0.00244726
    10.9500000        0.00149528        0.00244796
    11.0000000        0.00214461        0.00242538
    11.0500000        0.00271102        0.00242189
    11.1000000        0.00310574        0.00240555
    11.1500000        0.00359394        0.00237068
    11.2000000        0.00392834        0.00233659
    11.2500000        0.00410072        0.00237543
    11.3000000        0.00411239        0.00248830
    11.3500000        0.00412068        0.00258724
    11.4000000        0.00420485        0.00270982
    11.4500000        0.00444993        0.00279646
    11.5000000        0.00488745        0.00278196
    11.5500000        0.00537684        0.00269690
    11.6000000        0.00580052        0.00255021
    11.6500000        0.00601586        0.00235116
    11.7000000        0.00605911        0.00215215
    11.7500000        0.00610769        0.00199169
    11.8000000        0.00619037        0.00190491
    11.8500000        0.00634061        0.00189033
    11.9000000        0.00647755        0.00195883
    11.9500000        0.00642889        0.00199583
    12.0000000        0.00642879        0.00202032
    12.0500000        0.00631668        0.00205338
    12.1000000        0.00623227        0.00210486
    12.1500000        0.00623296        0.00215203
    12.2000000        0.00621587        0.00218617
    12.2500000        0.00624609        0.00222936
    12.3000000        0.00621825        0.00230679
    12.3500000        0.00608829        0.00230715
    12.4000000        0.00605564        0.00237492
    12.4500000        0.00609169        0.00243591
    12.5000000        0.00599601        0.00252532
    12.5500000        0.00558263        0.00249534
    12.6000000        0.00508312        0.00243678
    12.6500000        0.00463515        0.00239943
    12.7000000        0.00450033        0.00234322
    12.7500000        0.00405187        0.00221599
    12.8000000        0.00333087        0.00208609
    12.8500000        0.00258904        0.00191129
    12.9000000        0.00179504        0.00181375
    12.9500000        0.00090066        0.00170251
    13.0000000        0.00014876        0.00164057
    13.0500000       -0.00033903        0.00161811
    13.1000000       -0.00065091        0.00166497
    13.1500000       -0.00091807        0.00171675
    13.2000000       -0.00115773        0.00176084
    13.2500000       -0.00123383        0.00179514
    13.3000000       -0.00112149        0.00182473
    13.3500000       -0.00098262        0.00191835
    13.4000000       -0.00070891        0.00199004
    13.4500000       -0.00030175        0.00200004
    13.5000000       -0.00000274        0.00210396
    13.5500000        0.00008159        0.00213670
    13.6000000        0.00020069        0.00212562
    13.6500000        0.00042642        0.00216133
    13.7000000        0.00061829        0.00224123
    13.7500000        0.00071823        0.00241272
    13.8000000        0.00082348        0.00269446
    13.8500000        0.00098620        0.00300668
    13.9000000        0.00124372        0.00325473
    13.9500000        0.00169345        0.00348449
    14.0000000        0.00228593        0.00372214
    14.0500000        0.00286296        0.00398867
    14.1000000        0.00350026        0.00435199
    14.1500000        0.00406067        0.00464738
    14.2000000        0.00454080        0.00488849
    14.2500000        0.00473702        0.00497848
    14.3000000        0.00507315        0.00509909
    14.3500000        0.00513415        0.00491949
    14.4000000        0.00520315        0.00475754
    14.4500000        0.00537752        0.00456291
    14.5000000        0.00552201        0.00432243
    14.5500000        0.00567267        0.00411867
    14.6000000        0.00565991        0.00396651
    14.6500000        0.00549081        0.00386427
    14.7000000        0.00510777        0.00377427
    14.7500000        0.00405848        0.00356068
    14.8000000        0.00307716        0.00345119
    14.8500000        0.00189645        0.00338137
    14.9000000        0.00077053        0.00343747
    14.9500000        0.00004368        0.00354546
    15.0000000       -0.00073748        0.00376849
    15.0500000       -0.00117049        0.00406092
    15.1000000       -0.00170694        0.00443794
    15.1500000       -0.00179639        0.00462826
    15.2000000       -0.00179239        0.00469768
    15.2500000       -0.00188108        0.00468286
    15.3000000       -0.00236618        0.00479032
    15.3500000       -0.00305147        0.00497210
    15.4000000       -0.00390597        0.00516706
    15.4500000       -0.00467059        0.00531779
    15.5000000       -0.00539014        0.00548736
    15.5500000       -0.00615038        0.00569405
    15.6000000       -0.00668730        0.00594767
    15.6500000       -0.00745066        0.00617558
    15.7000000       -0.00772467        0.00620135
    15.7500000       -0.00767358        0.00600797
    15.8000000       -0.00746629        0.00575829
    15.8500000       -0.00702378        0.00530488
    15.9000000       -0.00671581        0.00488886
    15.9500000       -0.00651151        0.00450199
    16.0000000       -0.00644329        0.00423313
    16.0500000       -0.00642006        0.00402327
    16.1000000       -0.00618782        0.00381067
    16.1500000       -0.00598158        0.00363171
    16.2000000       -0.00540454        0.00342622
    16.2500000       -0.00487612        0.00336278
    16.3000000       -0.00461042        0.00343595
    16.3500000       -0.00448625        0.00356626
    16.4000000       -0.00405947        0.00367331
    16.4500000       -0.00383149        0.00380789
    16.5000000       -0.00363489        0.00391692
    16.5500000       -0.00348100        0.00409025
    16.6000000       -0.00348780        0.00427907
    16.6500000       -0.00348713        0.00449517
    16.7000000       -0.00338689        0.00474042
    16.7500000       -0.00311188        0.00493295
    16.8000000       -0.00245378        0.00505495
    16.8500000       -0.00188324        0.00513649
    16.9000000       -0.00144287        0.00520167
    16.9500000       -0.00090761        0.00517351
    17.0000000       -0.00022989        0.00514390
    17.0500000        0.00038560        0.00512808
    17.1000000        0.00126800        0.00511763
    17.1500000        0.00216647        0.00503276
    17.2000000        0.00278345        0.00505460
    17.2500000        0.00340427        0.00513891
    17.3000000        0.00403489        0.00520972
    17.3500000        0.00459274        0.00534528
    17.4000000        0.00528960        0.00559912
    17.4500000        0.00612859        0.00598175
    17.5000000        0.00679216        0.00651612
    17.5500000        0.00750258        0.00700049
    17.6000000        0.00813987        0.00762412
    17.6500000        0.00855293        0.00818027
    17.7000000        0.00906720        0.00885029
    17.7500000        0.00953527        0.00955775
    17.8000000        0.01037684        0.01027234
    17.8500000        0.01122396        0.01091906
    17.9000000        0.01181928        0.01160198
    17.9500000        0.01228737        0.01221598
    18.0000000        0.01280654        0.01259864
    18.0500000        0.01346646        0.01293498
    18.1000000        0.01425815        0.01311069
    18.1500000        0.01522230        0.01329486
    18.2000000        0.01614386        0.01352743
    18.2500000        0.01728118        0.01358009
    18.3000000        0.01899037        0.01348121
    18.3500000        0.02099138        0.01331841
    18.4000000        0.02326772        0.01316528
    18.4500000        0.02563300        0.01310624
    18.5000000        0.02794981        0.01318625
    18.5500000        0.03082699        0.01319114
    18.6000000        0.03426082        0.01314327
    18.6500000        0.03839933        0.01309547
    18.7000000        0.04275224        0.01339606
    18.7500000        0.04669759        0.01371230
    18.8000000        0.05023591        0.01409448
    18.8500000        0.05353784        0.01446864
    18.9000000        0.05782765        0.01488482
    18.9500000        0.06244877        0.01546867
    19.0000000        0.06785555        0.01603479
    19.0500000        0.07410416        0.01652760
    19.1000000        0.08023281        0.01702275
    19.1500000        0.08627891        0.01728474
    19.2000000        0.09270053        0.01775956
    19.2500000        0.09924552        0.01821128
    19.3000000        0.10571310        0.01862104
    19.3500000        0.11178319        0.01908169
    19.4000000        0.11720794        0.01904763
    19.4500000        0.12253564        0.01864992
    19.5000000        0.12847050        0.01820357
    19.5500000        0.13582970        0.01766603
    19.6000000        0.14509910        0.01701939
    19.6500000        0.15594642        0.01627049
    19.7000000        0.16853804        0.01568241
    19.7500000        0.18334421        0.01523798
    19.8000000        0.20025470        0.01480611
    19.8500000        0.21954422        0.01462551
    19.9000000        0.24217772        0.01457996
    19.9500000        0.26825490        0.01476573
    20.0000000        0.29870032        0.01488700
