     0.0000000        0.87196381        0.05795643
     0.1000000        0.60477207        0.06631928
     0.2000000        0.43702849        0.05338563
     0.3000000        0.33111045        0.05351067
     0.4000000        0.25652629        0.04715011
     0.5000000        0.20164846        0.03850795
     0.6000000        0.15830065        0.03262921
     0.7000000        0.12925771        0.03300000
     0.8000000        0.10936290        0.03546459
     0.9000000        0.10395540        0.05137368
     1.0000000        0.09024623        0.04860508
     1.1000000        0.06994387        0.03184022
     1.2000000        0.05958797        0.02791887
     1.3000000        0.04629698        0.02132746
     1.4000000        0.03582544        0.01680548
     1.5000000        0.02820296        0.01560783
     1.6000000        0.02478431        0.01679035
     1.7000000        0.01865256        0.01222155
     1.8000000        0.01332761        0.00697148
     1.9000000        0.01490041        0.01146902
     2.0000000        0.01574993        0.01526382
     2.1000000        0.01630924        0.01981056
     2.2000000        0.00971697        0.00966839
     2.3000000        0.01303352        0.01666293
     2.4000000        0.01204521        0.01734279
     2.5000000        0.00522218        0.01048807
     2.6000000       -0.00372903        0.00080175
     2.7000000       -0.00859220        0.00840814
     2.8000000       -0.00536447        0.00228901
     2.9000000       -0.00096189        0.00306335
     3.0000000       -0.00212241        0.00081635
     3.1000000       -0.00061257        0.00281542
     3.2000000       -0.00250843        0.00136964
     3.3000000       -0.00166510        0.00039558
     3.4000000       -0.00241300        0.00040022
     3.5000000       -0.00256510        0.00146815
     3.6000000       -0.00186043        0.00029244
     3.7000000       -0.00205244        0.00098990
     3.8000000       -0.00115220        0.00103637
     3.9000000       -0.00110518        0.00075255
     4.0000000       -0.00332248        0.00311260
     4.1000000       -0.00304316        0.00366241
     4.2000000       -0.00226587        0.00245681
     4.3000000       -0.00071910        0.00002039
     4.4000000       -0.00042268        0.00011556
     4.5000000       -0.00092664        0.00169459
     4.6000000       -0.00072509        0.00274773
     4.7000000       -0.00036829        0.00595157
     4.8000000       -0.00111927        0.00673553
     4.9000000       -0.00184709        0.00739484
     5.0000000       -0.00158558        0.00731203
     5.1000000       -0.00118132        0.00668828
     5.2000000       -0.00139008        0.00793273
     5.3000000       -0.00020383        0.00878282
     5.4000000        0.00010132        0.00867126
     5.5000000        0.00028451        0.00964675
     5.6000000       -0.00062850        0.00689625
     5.7000000       -0.00122417        0.00589499
     5.8000000       -0.00147537        0.00515525
     5.9000000       -0.00167004        0.00510943
     6.0000000       -0.00131487        0.00564520
     6.1000000       -0.00076495        0.00566060
     6.2000000        0.00031082        0.00578172
     6.3000000        0.00018490        0.00610766
     6.4000000       -0.00002869        0.00750100
     6.5000000        0.00097512        0.00765784
     6.6000000        0.00222012        0.00651190
     6.7000000        0.00276257        0.00481741
     6.8000000        0.00405018        0.00358469
     6.9000000        0.00410112        0.00312451
     7.0000000        0.00516747        0.00321181
     7.1000000        0.00666584        0.00422537
     7.2000000        0.00912133        0.00650354
     7.3000000        0.01086094        0.00807920
     7.4000000        0.00889701        0.00466680
     7.5000000        0.01009003        0.00897576
     7.6000000        0.01140324        0.01101882
     7.7000000        0.01113174        0.01415747
     7.8000000        0.01265644        0.01806233
     7.9000000        0.01255232        0.01797077
     8.0000000        0.01286035        0.01492793
     8.1000000        0.01193383        0.01021990
     8.2000000        0.00983811        0.00222766
     8.3000000        0.00894073        0.00441277
     8.4000000        0.00949289        0.00684324
     8.5000000        0.01201817        0.00957813
     8.6000000        0.01742451        0.00520483
     8.7000000        0.02190448        0.00462453
     8.8000000        0.03007215        0.00290864
     8.9000000        0.03842275        0.00278841
     9.0000000        0.04787321        0.00164057
     9.1000000        0.06609960        0.00783722
     9.2000000        0.08933618        0.01703120
     9.3000000        0.11048375        0.01803784
     9.4000000        0.13515754        0.01164460
     9.5000000        0.18314462        0.02106714
     9.6000000        0.24910682        0.03590136
     9.7000000        0.31778000        0.03104193
     9.8000000        0.43155353        0.04188484
     9.9000000        0.61049218        0.06549397
    10.0000000        0.87196381        0.05795643
