     0.0000000        0.64653336        0.02154843
     0.1000000        0.53698073        0.02157633
     0.2000000        0.45236868        0.02180100
     0.3000000        0.38709676        0.02143157
     0.4000000        0.33834661        0.02118195
     0.5000000        0.30383772        0.02010346
     0.6000000        0.27558942        0.01823296
     0.7000000        0.24677759        0.01680980
     0.8000000        0.22365136        0.01577171
     0.9000000        0.20232519        0.01473879
     1.0000000        0.18342076        0.01480839
     1.1000000        0.16819997        0.01579644
     1.2000000        0.15565442        0.01627125
     1.3000000        0.14683613        0.01657031
     1.4000000        0.13669330        0.01635798
     1.5000000        0.12864820        0.01737901
     1.6000000        0.12082325        0.01593973
     1.7000000        0.11167115        0.01483861
     1.8000000        0.10438830        0.01353500
     1.9000000        0.09698450        0.01299214
     2.0000000        0.09115040        0.01226273
     2.1000000        0.08508560        0.01153801
     2.2000000        0.08206251        0.01055599
     2.3000000        0.08252128        0.01098482
     2.4000000        0.08202695        0.01073517
     2.5000000        0.08126548        0.01111581
     2.6000000        0.08288658        0.01095155
     2.7000000        0.08173781        0.01202892
     2.8000000        0.07802188        0.01318875
     2.9000000        0.07370512        0.01326429
     3.0000000        0.07299049        0.01344020
     3.1000000        0.07024622        0.01407234
     3.2000000        0.06598437        0.01434421
     3.3000000        0.06568115        0.01379656
     3.4000000        0.06417043        0.01466854
     3.5000000        0.06177448        0.01532511
     3.6000000        0.05740188        0.01570700
     3.7000000        0.05287967        0.01569333
     3.8000000        0.04724926        0.01542784
     3.9000000        0.03923693        0.01390419
     4.0000000        0.03328856        0.01371809
     4.1000000        0.02816824        0.01296291
     4.2000000        0.02344946        0.01370732
     4.3000000        0.02140690        0.01408755
     4.4000000        0.02447340        0.01415712
     4.5000000        0.02519325        0.01504598
     4.6000000        0.02653168        0.01528172
     4.7000000        0.02462059        0.01626053
     4.8000000        0.02438363        0.01576816
     4.9000000        0.02490870        0.01569545
     5.0000000        0.02678805        0.01548798
     5.1000000        0.02622056        0.01449284
     5.2000000        0.02732562        0.01440027
     5.3000000        0.03026960        0.01495210
     5.4000000        0.02944079        0.01613274
     5.5000000        0.03036521        0.01601401
     5.6000000        0.03082452        0.01629830
     5.7000000        0.02953564        0.01683903
     5.8000000        0.03129632        0.01667062
     5.9000000        0.03287658        0.01626552
     6.0000000        0.03674800        0.01614603
     6.1000000        0.03614128        0.01584179
     6.2000000        0.03712782        0.01553606
     6.3000000        0.03699692        0.01551787
     6.4000000        0.03786749        0.01545081
     6.5000000        0.03882984        0.01547403
     6.6000000        0.03772889        0.01587296
     6.7000000        0.03603823        0.01615413
     6.8000000        0.03453600        0.01520743
     6.9000000        0.03717529        0.01531581
     7.0000000        0.04025771        0.01614378
     7.1000000        0.04475239        0.01762313
     7.2000000        0.04963582        0.01774134
     7.3000000        0.05216270        0.01693165
     7.4000000        0.05591173        0.01630493
     7.5000000        0.05946905        0.01713997
     7.6000000        0.06765259        0.01725840
     7.7000000        0.07103389        0.01600960
     7.8000000        0.07608063        0.01467134
     7.9000000        0.07805967        0.01384483
     8.0000000        0.07948660        0.01378845
     8.1000000        0.08486882        0.01457459
     8.2000000        0.09256984        0.01666525
     8.3000000        0.10246966        0.01759572
     8.4000000        0.10947753        0.01783424
     8.5000000        0.11815246        0.01669214
     8.6000000        0.12722298        0.01537496
     8.7000000        0.13849627        0.01469067
     8.8000000        0.15331960        0.01394782
     8.9000000        0.16632255        0.01330537
     9.0000000        0.18220765        0.01363946
     9.1000000        0.20004217        0.01427595
     9.2000000        0.21765889        0.01399816
     9.3000000        0.24131924        0.01517168
     9.4000000        0.26770127        0.01653747
     9.5000000        0.29916586        0.01628128
     9.6000000        0.33778776        0.01710075
     9.7000000        0.38597299        0.01911337
     9.8000000        0.44820645        0.02080869
     9.9000000        0.53092791        0.02130967
    10.0000000        0.64653336        0.02154843
