     0.0000000        1.00000000        0.00000004
     0.1000000        0.79629337        0.00136277
     0.2000000        0.64579841        0.00265682
     0.3000000        0.53204399        0.00376328
     0.4000000        0.44487361        0.00332907
     0.5000000        0.37520326        0.00255509
     0.6000000        0.31952299        0.00305439
     0.7000000        0.27626685        0.00266097
     0.8000000        0.24091434        0.00323910
     0.9000000        0.20828790        0.00334930
     1.0000000        0.18095818        0.00316605
     1.1000000        0.15817429        0.00367866
     1.2000000        0.13926617        0.00331934
     1.3000000        0.12369426        0.00319061
     1.4000000        0.10937784        0.00277589
     1.5000000        0.10010211        0.00283879
     1.6000000        0.08746964        0.00241736
     1.7000000        0.07810189        0.00223916
     1.8000000        0.06919190        0.00178730
     1.9000000        0.06087220        0.00137891
     2.0000000        0.05454710        0.00107291
     2.1000000        0.04945454        0.00113171
     2.2000000        0.04442925        0.00120010
     2.3000000        0.03999779        0.00111304
     2.4000000        0.03652915        0.00159403
     2.5000000        0.03212740        0.00147100
     2.6000000        0.02828748        0.00127134
     2.7000000        0.02690863        0.00157830
     2.8000000        0.02451266        0.00228672
     2.9000000        0.02151026        0.00165251
     3.0000000        0.01941183        0.00154764
     3.1000000        0.01815249        0.00146472
     3.2000000        0.01678704        0.00183712
     3.3000000        0.01596268        0.00169735
     3.4000000        0.01353652        0.00098923
     3.5000000        0.01234882        0.00094661
     3.6000000        0.01126539        0.00085898
     3.7000000        0.00990310        0.00114205
     3.8000000        0.00850150        0.00116322
     3.9000000        0.00794865        0.00098242
     4.0000000        0.00778284        0.00104764
     4.1000000        0.00778059        0.00096553
     4.2000000        0.00729114        0.00104077
     4.3000000        0.00691103        0.00095151
     4.4000000        0.00653204        0.00085680
     4.5000000        0.00678798        0.00086819
     4.6000000        0.00684082        0.00120840
     4.7000000        0.00650987        0.00104761
     4.8000000        0.00625870        0.00091500
     4.9000000        0.00665749        0.00104173
     5.0000000        0.00527247        0.00084848
     5.1000000        0.00576508        0.00074093
     5.2000000        0.00603450        0.00077451
     5.3000000        0.00593829        0.00040637
     5.4000000        0.00687527        0.00039730
     5.5000000        0.00757119        0.00072649
     5.6000000        0.00766302        0.00099808
     5.7000000        0.00808682        0.00096378
     5.8000000        0.00777964        0.00089142
     5.9000000        0.00825540        0.00069465
     6.0000000        0.00864978        0.00142345
     6.1000000        0.00987204        0.00150050
     6.2000000        0.01073180        0.00160902
     6.3000000        0.01254643        0.00172533
     6.4000000        0.01387179        0.00200947
     6.5000000        0.01355408        0.00183700
     6.6000000        0.01387388        0.00182987
     6.7000000        0.01545661        0.00171379
     6.8000000        0.01690030        0.00207664
     6.9000000        0.01918372        0.00114651
     7.0000000        0.02067727        0.00122207
     7.1000000        0.02226443        0.00123893
     7.2000000        0.02512012        0.00139733
     7.3000000        0.02555664        0.00162103
     7.4000000        0.02890910        0.00208108
     7.5000000        0.03272252        0.00159065
     7.6000000        0.03515893        0.00125181
     7.7000000        0.04027526        0.00233143
     7.8000000        0.04355340        0.00205517
     7.9000000        0.04938504        0.00178863
     8.0000000        0.05480885        0.00213426
     8.1000000        0.06127056        0.00155930
     8.2000000        0.06727433        0.00182274
     8.3000000        0.07439028        0.00166771
     8.4000000        0.08296437        0.00160528
     8.5000000        0.09560660        0.00176904
     8.6000000        0.10811413        0.00195996
     8.7000000        0.12162148        0.00262575
     8.8000000        0.13808552        0.00244818
     8.9000000        0.15663333        0.00265821
     9.0000000        0.17957940        0.00263212
     9.1000000        0.20675135        0.00340473
     9.2000000        0.23804823        0.00316792
     9.3000000        0.27523811        0.00341041
     9.4000000        0.31942070        0.00361604
     9.5000000        0.37686971        0.00291555
     9.6000000        0.44742769        0.00220428
     9.7000000        0.53256179        0.00205175
     9.8000000        0.64703744        0.00225916
     9.9000000        0.79633319        0.00163358
    10.0000000        1.00000000        0.00000000
