     0.0000000        0.01664256        0.00235644
     0.0500000        0.01664256        0.00235644
     0.1000000        0.01664256        0.00235644
     0.1500000        0.01664256        0.00235644
     0.2000000        0.01664256        0.00235644
     0.2500000        0.01664256        0.00235644
     0.3000000        0.01664256        0.00235644
     0.3500000        0.01664256        0.00235644
     0.4000000        0.01664256        0.00235644
     0.4500000        0.01664256        0.00235644
     0.5000000        0.01664256        0.00235644
     0.5500000        0.01664256        0.00235644
     0.6000000        0.01664256        0.00235644
     0.6500000        0.01664256        0.00235644
     0.7000000        0.01664256        0.00235644
     0.7500000        0.01664256        0.00235644
     0.8000000        0.01664256        0.00235644
     0.8500000        0.01664256        0.00235644
     0.9000000        0.01664256        0.00235644
     0.9500000        0.01664256        0.00235644
     1.0000000        0.01664256        0.00235644
     1.0500000        0.01664256        0.00235644
     1.1000000        0.01664256        0.00235644
     1.1500000        0.01664256        0.00235644
     1.2000000        0.01664256        0.00235644
     1.2500000        0.01664256        0.00235644
     1.3000000        0.01664256        0.00235644
     1.3500000        0.01664256        0.00235644
     1.4000000        0.01664256        0.00235644
     1.4500000        0.01664256        0.00235644
     1.5000000        0.01664256        0.00235644
     1.5500000        0.01664256        0.00235644
     1.6000000        0.01664256        0.00235644
     1.6500000        0.01664256        0.00235644
     1.7000000        0.01664256        0.00235644
     1.7500000        0.01664256        0.00235644
     1.8000000        0.01664256        0.00235644
     1.8500000        0.01664256        0.00235644
     1.9000000        0.01664256        0.00235644
     1.9500000        0.01664256        0.00235644
     2.0000000        0.01664256        0.00235644
     2.0500000        0.01664256        0.00235644
     2.1000000        0.01664256        0.00235644
     2.1500000        0.01664256        0.00235644
     2.2000000        0.01664256        0.00235644
     2.2500000        0.01664256        0.00235644
     2.3000000        0.01664256        0.00235644
     2.3500000        0.01664256        0.00235644
     2.4000000        0.01664256        0.00235644
     2.4500000        0.01664256        0.00235644
     2.5000000        0.01664256        0.00235644
     2.5500000        0.01664256        0.00235644
     2.6000000        0.01664256        0.00235644
     2.6500000        0.01664256        0.00235644
     2.7000000        0.01664256        0.00235644
     2.7500000        0.01664256        0.00235644
     2.8000000        0.01664256        0.00235644
     2.8500000        0.01664256        0.00235644
     2.9000000        0.01664256        0.00235644
     2.9500000        0.01664256        0.00235644
     3.0000000        0.01664256        0.00235644
     3.0500000        0.01664256        0.00235644
     3.1000000        0.01664256        0.00235644
     3.1500000        0.01664256        0.00235644
     3.2000000        0.01664256        0.00235644
     3.2500000        0.01664256        0.00235644
     3.3000000        0.01664256        0.00235644
     3.3500000        0.01664256        0.00235644
     3.4000000        0.01664256        0.00235644
     3.4500000        0.01664256        0.00235644
     3.5000000        0.01664256        0.00235644
     3.5500000        0.01664256        0.00235644
     3.6000000        0.01664256        0.00235644
     3.6500000        0.01664256        0.00235644
     3.7000000        0.01664256        0.00235644
     3.7500000        0.01664256        0.00235644
     3.8000000        0.01664256        0.00235644
     3.8500000        0.01664256        0.00235644
     3.9000000        0.01664256        0.00235644
     3.9500000        0.01664256        0.00235644
     4.0000000        0.01664256        0.00235644
     4.0500000        0.01664256        0.00235644
     4.1000000        0.01664256        0.00235644
     4.1500000        0.01664256        0.00235644
     4.2000000        0.01664256        0.00235644
     4.2500000        0.01664256        0.00235644
     4.3000000        0.01664256        0.00235644
     4.3500000        0.01664256        0.00235644
     4.4000000        0.01664256        0.00235644
     4.4500000        0.01664256        0.00235644
     4.5000000        0.01664256        0.00235644
     4.5500000        0.01664256        0.00235644
     4.6000000        0.01664256        0.00235644
     4.6500000        0.01664256        0.00235644
     4.7000000        0.01664256        0.00235644
     4.7500000        0.01664256        0.00235644
     4.8000000        0.01664256        0.00235644
     4.8500000        0.01664256        0.00235644
     4.9000000        0.01664256        0.00235644
     4.9500000        0.01664256        0.00235644
     5.0000000        0.01664256        0.00235644
     5.0500000        0.01664256        0.00235644
     5.1000000        0.01664256        0.00235644
     5.1500000        0.01664256        0.00235644
     5.2000000        0.01664256        0.00235644
     5.2500000        0.01664256        0.00235644
     5.3000000        0.01664256        0.00235644
     5.3500000        0.01664256        0.00235644
     5.4000000        0.01664256        0.00235644
     5.4500000        0.01664256        0.00235644
     5.5000000        0.01664256        0.00235644
     5.5500000        0.01664256        0.00235644
     5.6000000        0.01664256        0.00235644
     5.6500000        0.01664256        0.00235644
     5.7000000        0.01664256        0.00235644
     5.7500000        0.01664256        0.00235644
     5.8000000        0.01664256        0.00235644
     5.8500000        0.01664256        0.00235644
     5.9000000        0.01664256        0.00235644
     5.9500000        0.01664256        0.00235644
     6.0000000        0.01664256        0.00235644
     6.0500000        0.01664256        0.00235644
     6.1000000        0.01664256        0.00235644
     6.1500000        0.01664256        0.00235644
     6.2000000        0.01664256        0.00235644
     6.2500000        0.01664256        0.00235644
     6.3000000        0.01664256        0.00235644
     6.3500000        0.01664256        0.00235644
     6.4000000        0.01664256        0.00235644
     6.4500000        0.01664256        0.00235644
     6.5000000        0.01664256        0.00235644
     6.5500000        0.01664256        0.00235644
     6.6000000        0.01664256        0.00235644
     6.6500000        0.01664256        0.00235644
     6.7000000        0.01664256        0.00235644
     6.7500000        0.01664256        0.00235644
     6.8000000        0.01664256        0.00235644
     6.8500000        0.01664256        0.00235644
     6.9000000        0.01664256        0.00235644
     6.9500000        0.01664256        0.00235644
     7.0000000        0.01664256        0.00235644
     7.0500000        0.01664256        0.00235644
     7.1000000        0.01664256        0.00235644
     7.1500000        0.01664256        0.00235644
     7.2000000        0.01664256        0.00235644
     7.2500000        0.01664256        0.00235644
     7.3000000        0.01664256        0.00235644
     7.3500000        0.01664256        0.00235644
     7.4000000        0.01664256        0.00235644
     7.4500000        0.01664256        0.00235644
     7.5000000        0.01664256        0.00235644
     7.5500000        0.01664256        0.00235644
     7.6000000        0.01664256        0.00235644
     7.6500000        0.01664256        0.00235644
     7.7000000        0.01664256        0.00235644
     7.7500000        0.01664256        0.00235644
     7.8000000        0.01664256        0.00235644
     7.8500000        0.01664256        0.00235644
     7.9000000        0.01664256        0.00235644
     7.9500000        0.01664256        0.00235644
     8.0000000        0.01664256        0.00235644
     8.0500000        0.01664256        0.00235644
     8.1000000        0.01664256        0.00235644
     8.1500000        0.01664256        0.00235644
     8.2000000        0.01664256        0.00235644
     8.2500000        0.01664256        0.00235644
     8.3000000        0.01664256        0.00235644
     8.3500000        0.01664256        0.00235644
     8.4000000        0.01664256        0.00235644
     8.4500000        0.01664256        0.00235644
     8.5000000        0.01664256        0.00235644
     8.5500000        0.01664256        0.00235644
     8.6000000        0.01664256        0.00235644
     8.6500000        0.01664256        0.00235644
     8.7000000        0.01664256        0.00235644
     8.7500000        0.01664256        0.00235644
     8.8000000        0.01664256        0.00235644
     8.8500000        0.01664256        0.00235644
     8.9000000        0.01664256        0.00235644
     8.9500000        0.01664256        0.00235644
     9.0000000        0.01664256        0.00235644
     9.0500000        0.01664256        0.00235644
     9.1000000        0.01664256        0.00235644
     9.1500000        0.01664256        0.00235644
     9.2000000        0.01664256        0.00235644
     9.2500000        0.01664256        0.00235644
     9.3000000        0.01664256        0.00235644
     9.3500000        0.01664256        0.00235644
     9.4000000        0.01664256        0.00235644
     9.4500000        0.01664256        0.00235644
     9.5000000        0.01664256        0.00235644
     9.5500000        0.01664256        0.00235644
     9.6000000        0.01664256        0.00235644
     9.6500000        0.01664256        0.00235644
     9.7000000        0.01664256        0.00235644
     9.7500000        0.01664256        0.00235644
     9.8000000        0.01664256        0.00235644
     9.8500000        0.01664256        0.00235644
     9.9000000        0.01664256        0.00235644
     9.9500000        0.01664256        0.00235644
    10.0000000        0.01664256        0.00235644
    10.0500000        0.01664256        0.00235644
    10.1000000        0.01664256        0.00235644
    10.1500000        0.01664256        0.00235644
    10.2000000        0.01664256        0.00235644
    10.2500000        0.01664256        0.00235644
    10.3000000        0.01664256        0.00235644
    10.3500000        0.01664256        0.00235644
    10.4000000        0.01664256        0.00235644
    10.4500000        0.01664256        0.00235644
    10.5000000        0.01664256        0.00235644
    10.5500000        0.01664256        0.00235644
    10.6000000        0.01664256        0.00235644
    10.6500000        0.01664256        0.00235644
    10.7000000        0.01664256        0.00235644
    10.7500000        0.01664256        0.00235644
    10.8000000        0.01664256        0.00235644
    10.8500000        0.01664256        0.00235644
    10.9000000        0.01664256        0.00235644
    10.9500000        0.01664256        0.00235644
    11.0000000        0.01664256        0.00235644
    11.0500000        0.01664256        0.00235644
    11.1000000        0.01664256        0.00235644
    11.1500000        0.01664256        0.00235644
    11.2000000        0.01664256        0.00235644
    11.2500000        0.01664256        0.00235644
    11.3000000        0.01664256        0.00235644
    11.3500000        0.01664256        0.00235644
    11.4000000        0.01664256        0.00235644
    11.4500000        0.01664256        0.00235644
    11.5000000        0.01664256        0.00235644
    11.5500000        0.01664256        0.00235644
    11.6000000        0.01664256        0.00235644
    11.6500000        0.01664256        0.00235644
    11.7000000        0.01664256        0.00235644
    11.7500000        0.01664256        0.00235644
    11.8000000        0.01664256        0.00235644
    11.8500000        0.01664256        0.00235644
    11.9000000        0.01664256        0.00235644
    11.9500000        0.01664256        0.00235644
    12.0000000        0.01664256        0.00235644
    12.0500000        0.01664256        0.00235644
    12.1000000        0.01664256        0.00235644
    12.1500000        0.01664256        0.00235644
    12.2000000        0.01664256        0.00235644
    12.2500000        0.01664256        0.00235644
    12.3000000        0.01664256        0.00235644
    12.3500000        0.01664256        0.00235644
    12.4000000        0.01664256        0.00235644
    12.4500000        0.01664256        0.00235644
    12.5000000        0.01664256        0.00235644
    12.5500000        0.01664256        0.00235644
    12.6000000        0.01664256        0.00235644
    12.6500000        0.01664256        0.00235644
    12.7000000        0.01664256        0.00235644
    12.7500000        0.01664256        0.00235644
    12.8000000        0.01664256        0.00235644
    12.8500000        0.01664256        0.00235644
    12.9000000        0.01664256        0.00235644
    12.9500000        0.01664256        0.00235644
    13.0000000        0.01664256        0.00235644
    13.0500000        0.01664256        0.00235644
    13.1000000        0.01664256        0.00235644
    13.1500000        0.01664256        0.00235644
    13.2000000        0.01664256        0.00235644
    13.2500000        0.01664256        0.00235644
    13.3000000        0.01664256        0.00235644
    13.3500000        0.01664256        0.00235644
    13.4000000        0.01664256        0.00235644
    13.4500000        0.01664256        0.00235644
    13.5000000        0.01664256        0.00235644
    13.5500000        0.01664256        0.00235644
    13.6000000        0.01664256        0.00235644
    13.6500000        0.01664256        0.00235644
    13.7000000        0.01664256        0.00235644
    13.7500000        0.01664256        0.00235644
    13.8000000        0.01664256        0.00235644
    13.8500000        0.01664256        0.00235644
    13.9000000        0.01664256        0.00235644
    13.9500000        0.01664256        0.00235644
    14.0000000        0.01664256        0.00235644
    14.0500000        0.01664256        0.00235644
    14.1000000        0.01664256        0.00235644
    14.1500000        0.01664256        0.00235644
    14.2000000        0.01664256        0.00235644
    14.2500000        0.01664256        0.00235644
    14.3000000        0.01664256        0.00235644
    14.3500000        0.01664256        0.00235644
    14.4000000        0.01664256        0.00235644
    14.4500000        0.01664256        0.00235644
    14.5000000        0.01664256        0.00235644
    14.5500000        0.01664256        0.00235644
    14.6000000        0.01664256        0.00235644
    14.6500000        0.01664256        0.00235644
    14.7000000        0.01664256        0.00235644
    14.7500000        0.01664256        0.00235644
    14.8000000        0.01664256        0.00235644
    14.8500000        0.01664256        0.00235644
    14.9000000        0.01664256        0.00235644
    14.9500000        0.01664256        0.00235644
    15.0000000        0.01664256        0.00235644
    15.0500000        0.01664256        0.00235644
    15.1000000        0.01664256        0.00235644
    15.1500000        0.01664256        0.00235644
    15.2000000        0.01664256        0.00235644
    15.2500000        0.01664256        0.00235644
    15.3000000        0.01664256        0.00235644
    15.3500000        0.01664256        0.00235644
    15.4000000        0.01664256        0.00235644
    15.4500000        0.01664256        0.00235644
    15.5000000        0.01664256        0.00235644
    15.5500000        0.01664256        0.00235644
    15.6000000        0.01664256        0.00235644
    15.6500000        0.01664256        0.00235644
    15.7000000        0.01664256        0.00235644
    15.7500000        0.01664256        0.00235644
    15.8000000        0.01664256        0.00235644
    15.8500000        0.01664256        0.00235644
    15.9000000        0.01664256        0.00235644
    15.9500000        0.01664256        0.00235644
    16.0000000        0.01664256        0.00235644
    16.0500000        0.01664256        0.00235644
    16.1000000        0.01664256        0.00235644
    16.1500000        0.01664256        0.00235644
    16.2000000        0.01664256        0.00235644
    16.2500000        0.01664256        0.00235644
    16.3000000        0.01664256        0.00235644
    16.3500000        0.01664256        0.00235644
    16.4000000        0.01664256        0.00235644
    16.4500000        0.01664256        0.00235644
    16.5000000        0.01664256        0.00235644
    16.5500000        0.01664256        0.00235644
    16.6000000        0.01664256        0.00235644
    16.6500000        0.01664256        0.00235644
    16.7000000        0.01664256        0.00235644
    16.7500000        0.01664256        0.00235644
    16.8000000        0.01664256        0.00235644
    16.8500000        0.01664256        0.00235644
    16.9000000        0.01664256        0.00235644
    16.9500000        0.01664256        0.00235644
    17.0000000        0.01664256        0.00235644
    17.0500000        0.01664256        0.00235644
    17.1000000        0.01664256        0.00235644
    17.1500000        0.01664256        0.00235644
    17.2000000        0.01664256        0.00235644
    17.2500000        0.01664256        0.00235644
    17.3000000        0.01664256        0.00235644
    17.3500000        0.01664256        0.00235644
    17.4000000        0.01664256        0.00235644
    17.4500000        0.01664256        0.00235644
    17.5000000        0.01664256        0.00235644
    17.5500000        0.01664256        0.00235644
    17.6000000        0.01664256        0.00235644
    17.6500000        0.01664256        0.00235644
    17.7000000        0.01664256        0.00235644
    17.7500000        0.01664256        0.00235644
    17.8000000        0.01664256        0.00235644
    17.8500000        0.01664256        0.00235644
    17.9000000        0.01664256        0.00235644
    17.9500000        0.01664256        0.00235644
    18.0000000        0.01664256        0.00235644
    18.0500000        0.01664256        0.00235644
    18.1000000        0.01664256        0.00235644
    18.1500000        0.01664256        0.00235644
    18.2000000        0.01664256        0.00235644
    18.2500000        0.01664256        0.00235644
    18.3000000        0.01664256        0.00235644
    18.3500000        0.01664256        0.00235644
    18.4000000        0.01664256        0.00235644
    18.4500000        0.01664256        0.00235644
    18.5000000        0.01664256        0.00235644
    18.5500000        0.01664256        0.00235644
    18.6000000        0.01664256        0.00235644
    18.6500000        0.01664256        0.00235644
    18.7000000        0.01664256        0.00235644
    18.7500000        0.01664256        0.00235644
    18.8000000        0.01664256        0.00235644
    18.8500000        0.01664256        0.00235644
    18.9000000        0.01664256        0.00235644
    18.9500000        0.01664256        0.00235644
    19.0000000        0.01664256        0.00235644
    19.0500000        0.01664256        0.00235644
    19.1000000        0.01664256        0.00235644
    19.1500000        0.01664256        0.00235644
    19.2000000        0.01664256        0.00235644
    19.2500000        0.01664256        0.00235644
    19.3000000        0.01664256        0.00235644
    19.3500000        0.01664256        0.00235644
    19.4000000        0.01664256        0.00235644
    19.4500000        0.01664256        0.00235644
    19.5000000        0.01664256        0.00235644
    19.5500000        0.01664256        0.00235644
    19.6000000        0.01664256        0.00235644
    19.6500000        0.01664256        0.00235644
    19.7000000        0.01664256        0.00235644
    19.7500000        0.01664256        0.00235644
    19.8000000        0.01664256        0.00235644
    19.8500000        0.01664256        0.00235644
    19.9000000        0.01664256        0.00235644
    19.9500000        0.01664256        0.00235644
    20.0000000        0.01664256        0.00235644
