     0.0000000        1.25687476        0.01848107
     0.1000000        1.03121193        0.01916780
     0.2000000        0.85942164        0.02142387
     0.3000000        0.72273552        0.02360707
     0.4000000        0.61508890        0.02289902
     0.5000000        0.52816588        0.01952293
     0.6000000        0.45482490        0.01565721
     0.7000000        0.39641214        0.01535195
     0.8000000        0.34953173        0.01523839
     0.9000000        0.30856427        0.01460497
     1.0000000        0.27295668        0.01342370
     1.1000000        0.24283087        0.01426947
     1.2000000        0.21388812        0.01294446
     1.3000000        0.18665848        0.01247183
     1.4000000        0.16447298        0.01094232
     1.5000000        0.14577160        0.00953305
     1.6000000        0.13369686        0.00884076
     1.7000000        0.12145893        0.00611103
     1.8000000        0.11287731        0.00690598
     1.9000000        0.10533557        0.00676771
     2.0000000        0.09451780        0.00776729
     2.1000000        0.08887377        0.00737300
     2.2000000        0.08411271        0.01118144
     2.3000000        0.08219635        0.01040445
     2.4000000        0.07809781        0.00713046
     2.5000000        0.07390935        0.00656068
     2.6000000        0.06758896        0.00773535
     2.7000000        0.06251081        0.01121471
     2.8000000        0.05715962        0.01160345
     2.9000000        0.05339520        0.01432105
     3.0000000        0.05163393        0.01607835
     3.1000000        0.04676217        0.01666774
     3.2000000        0.04458373        0.01543900
     3.3000000        0.04492903        0.01621285
     3.4000000        0.04403988        0.01964356
     3.5000000        0.04154822        0.02006046
     3.6000000        0.03752927        0.01653750
     3.7000000        0.03402417        0.01561605
     3.8000000        0.02969327        0.01346679
     3.9000000        0.02558896        0.01223356
     4.0000000        0.02137832        0.01168477
     4.1000000        0.01878565        0.01143822
     4.2000000        0.01571460        0.01130034
     4.3000000        0.01706445        0.01090821
     4.4000000        0.01830923        0.01222607
     4.5000000        0.01839455        0.01163808
     4.6000000        0.01934441        0.01271390
     4.7000000        0.01999739        0.01598294
     4.8000000        0.01860684        0.01924507
     4.9000000        0.01811099        0.01772755
     5.0000000        0.02049869        0.01423855
     5.1000000        0.02490363        0.01003118
     5.2000000        0.02458036        0.01058027
     5.3000000        0.02446109        0.01264226
     5.4000000        0.02677557        0.01399651
     5.5000000        0.02893214        0.01471894
     5.6000000        0.03079379        0.01394127
     5.7000000        0.03341062        0.01010736
     5.8000000        0.03548192        0.00701492
     5.9000000        0.03627894        0.00813669
     6.0000000        0.03402913        0.00893734
     6.1000000        0.03478694        0.01050533
     6.2000000        0.03451353        0.00973837
     6.3000000        0.03486155        0.01019631
     6.4000000        0.03525504        0.01203062
     6.5000000        0.03693717        0.01072007
     6.6000000        0.03900146        0.00915246
     6.7000000        0.03971527        0.00885382
     6.8000000        0.03941894        0.00719020
     6.9000000        0.04032357        0.00792074
     7.0000000        0.04096505        0.00606629
     7.1000000        0.04163643        0.00261438
     7.2000000        0.04493795        0.00197296
     7.3000000        0.04938308        0.00407748
     7.4000000        0.05022306        0.00289888
     7.5000000        0.05647041        0.00411694
     7.6000000        0.06454649        0.00616028
     7.7000000        0.07068908        0.00864942
     7.8000000        0.07940909        0.00940377
     7.9000000        0.08839330        0.01255787
     8.0000000        0.09908614        0.01433642
     8.1000000        0.11175868        0.01192586
     8.2000000        0.12295314        0.01009127
     8.3000000        0.13498846        0.00971315
     8.4000000        0.14947661        0.00895461
     8.5000000        0.16608968        0.00541812
     8.6000000        0.18743604        0.00348162
     8.7000000        0.20582386        0.00146869
     8.8000000        0.23040390        0.00262521
     8.9000000        0.25647689        0.00096580
     9.0000000        0.28537030        0.00223742
     9.1000000        0.31858788        0.00161775
     9.2000000        0.35700595        0.00470607
     9.3000000        0.40550810        0.00868545
     9.4000000        0.46096842        0.01387658
     9.5000000        0.53211648        0.01337311
     9.6000000        0.61778120        0.01249014
     9.7000000        0.72666118        0.01296050
     9.8000000        0.86264888        0.01362599
     9.9000000        1.03757662        0.01520445
    10.0000000        1.25687476        0.01848107
