     0.0000000        1.84686335        0.00118844
     0.1000000        1.31664155        0.00097938
     0.2000000        0.95509272        0.00690381
     0.3000000        0.70496145        0.00765430
     0.4000000        0.51969210        0.00428491
     0.5000000        0.39207626        0.00487267
     0.6000000        0.29037403        0.00305196
     0.7000000        0.21825672        0.01016926
     0.8000000        0.16531821        0.00249971
     0.9000000        0.12645652        0.00679876
     1.0000000        0.09568032        0.00107137
     1.1000000        0.07423511        0.00376333
     1.2000000        0.05698055        0.00507297
     1.3000000        0.04143723        0.00168949
     1.4000000        0.02944492        0.00316767
     1.5000000        0.01828089        0.00596236
     1.6000000        0.01172089        0.00581812
     1.7000000        0.01147459        0.00067715
     1.8000000        0.01519088        0.00307090
     1.9000000        0.00930021        0.00059551
     2.0000000        0.00992200        0.00168751
     2.1000000        0.00637133        0.00923711
     2.2000000        0.00057956        0.00149319
     2.3000000       -0.00052514        0.00577008
     2.4000000        0.00150021        0.00978142
     2.5000000       -0.00264731        0.00594461
     2.6000000       -0.00139479        0.00355970
     2.7000000        0.00349457        0.00592876
     2.8000000        0.00218690        0.00048041
     2.9000000        0.00276980        0.00209810
     3.0000000        0.00222201        0.00370425
     3.1000000        0.00087742        0.00366839
     3.2000000        0.00095771        0.00799102
     3.3000000        0.00096387        0.00037816
     3.4000000        0.00207685        0.00162412
     3.5000000       -0.00040597        0.00370937
     3.6000000       -0.00339506        0.00538198
     3.7000000       -0.00179785        0.00585634
     3.8000000       -0.00429711        0.00328208
     3.9000000       -0.00097787        0.00823305
     4.0000000       -0.00081153        0.00390896
     4.1000000        0.00094277        0.00252987
     4.2000000        0.00245321        0.00304789
     4.3000000        0.00119062        0.00214451
     4.4000000        0.00342311        0.00733287
     4.5000000        0.00036483        0.00359120
     4.6000000        0.00019405        0.00474905
     4.7000000        0.00031179        0.00210237
     4.8000000       -0.00204276        0.00571293
     4.9000000       -0.00046977        0.00841349
     5.0000000        0.00176978        0.00348087
     5.1000000       -0.00304987        0.00555754
     5.2000000       -0.00066082        0.00505007
     5.3000000        0.00245846        0.00401588
     5.4000000       -0.00141190        0.00113323
     5.5000000        0.00136680        0.00161586
     5.6000000        0.00305990        0.00264890
     5.7000000        0.00037229        0.00213400
     5.8000000       -0.00043478        0.00486323
     5.9000000       -0.00108144        0.00236978
     6.0000000       -0.00064583        0.00680967
     6.1000000       -0.00296473        0.00678813
     6.2000000       -0.00409241        0.00405463
     6.3000000       -0.00342143        0.00260886
     6.4000000       -0.00375289        0.00046130
     6.5000000       -0.00142221        0.00187428
     6.6000000       -0.00793947        0.00039492
     6.7000000       -0.00735770        0.00257391
     6.8000000       -0.00623580        0.00014938
     6.9000000       -0.00648304        0.00093839
     7.0000000       -0.00474879        0.00630385
     7.1000000       -0.00214831        0.00614239
     7.2000000       -0.00484236        0.00861297
     7.3000000       -0.00159935        0.00046851
     7.4000000        0.00213205        0.00142800
     7.5000000       -0.00078592        0.00021433
     7.6000000        0.00218434        0.00336063
     7.7000000        0.00449403        0.01042731
     7.8000000        0.00220739        0.00713814
     7.9000000       -0.00237915        0.00594213
     8.0000000        0.00070089        0.00466495
     8.1000000       -0.00451978        0.00782007
     8.2000000        0.00755840        0.00071567
     8.3000000        0.00475490        0.00229820
     8.4000000        0.00168795        0.00178292
     8.5000000       -0.00260246        0.00574794
     8.6000000        0.00019736        0.00741426
     8.7000000       -0.00026832        0.00489984
     8.8000000        0.00260268        0.00561224
     8.9000000        0.00144377        0.00553650
     9.0000000        0.00611459        0.00117672
     9.1000000        0.00391829        0.00404386
     9.2000000        0.01227529        0.00094835
     9.3000000        0.00969966        0.00164247
     9.4000000        0.00949128        0.00795185
     9.5000000        0.02235693        0.01158383
     9.6000000        0.02969135        0.01382497
     9.7000000        0.04440356        0.01672535
     9.8000000        0.06515264        0.01585350
     9.9000000        0.10062240        0.00269042
    10.0000000        0.15313665        0.00118844
