     0.0000000        0.41034440        0.02269905
     0.0500000        0.35146248        0.02193749
     0.1000000        0.30472205        0.02127464
     0.1500000        0.26741610        0.02105140
     0.2000000        0.23721936        0.02100028
     0.2500000        0.21222528        0.02098466
     0.3000000        0.19044467        0.02097967
     0.3500000        0.17188438        0.02076338
     0.4000000        0.15595583        0.02051967
     0.4500000        0.14134058        0.02066005
     0.5000000        0.12839566        0.02045859
     0.5500000        0.11709386        0.02009367
     0.6000000        0.10709271        0.01953013
     0.6500000        0.09821409        0.01873347
     0.7000000        0.08972614        0.01745177
     0.7500000        0.08191353        0.01644341
     0.8000000        0.07584910        0.01553347
     0.8500000        0.06997903        0.01469099
     0.9000000        0.06506377        0.01403239
     0.9500000        0.06037793        0.01351531
     1.0000000        0.05552440        0.01313489
     1.0500000        0.05140668        0.01300610
     1.1000000        0.04748707        0.01301216
     1.1500000        0.04400785        0.01301346
     1.2000000        0.04174537        0.01294343
     1.2500000        0.03985868        0.01270859
     1.3000000        0.03828855        0.01219043
     1.3500000        0.03666056        0.01171347
     1.4000000        0.03460522        0.01127821
     1.4500000        0.03217641        0.01064660
     1.5000000        0.03005156        0.01009979
     1.5500000        0.02849751        0.00947181
     1.6000000        0.02801082        0.00882442
     1.6500000        0.02780689        0.00815748
     1.7000000        0.02805503        0.00761195
     1.7500000        0.02797307        0.00740871
     1.8000000        0.02713124        0.00724732
     1.8500000        0.02570363        0.00712542
     1.9000000        0.02432488        0.00698785
     1.9500000        0.02275360        0.00697727
     2.0000000        0.02105066        0.00710573
     2.0500000        0.01923585        0.00721755
     2.1000000        0.01709939        0.00738971
     2.1500000        0.01470642        0.00743562
     2.2000000        0.01252500        0.00749459
     2.2500000        0.01008161        0.00757699
     2.3000000        0.00832770        0.00767485
     2.3500000        0.00689559        0.00785215
     2.4000000        0.00593588        0.00804053
     2.4500000        0.00490644        0.00827216
     2.5000000        0.00382075        0.00868139
     2.5500000        0.00294354        0.00914464
     2.6000000        0.00219027        0.00957108
     2.6500000        0.00140061        0.01007458
     2.7000000        0.00083087        0.01033617
     2.7500000        0.00016141        0.01044396
     2.8000000        0.00013176        0.01048653
     2.8500000        0.00007169        0.01059627
     2.9000000        0.00008791        0.01053979
     2.9500000        0.00060369        0.01024355
     3.0000000        0.00116317        0.00992329
     3.0500000        0.00162459        0.00957221
     3.1000000        0.00183801        0.00928290
     3.1500000        0.00231862        0.00913662
     3.2000000        0.00294635        0.00868929
     3.2500000        0.00378207        0.00821643
     3.3000000        0.00446508        0.00771248
     3.3500000        0.00544103        0.00738894
     3.4000000        0.00693792        0.00726771
     3.4500000        0.00815931        0.00733223
     3.5000000        0.00924074        0.00758048
     3.5500000        0.01025195        0.00786429
     3.6000000        0.01048109        0.00795172
     3.6500000        0.01044246        0.00798050
     3.7000000        0.00996502        0.00775289
     3.7500000        0.00894361        0.00753881
     3.8000000        0.00802655        0.00752242
     3.8500000        0.00691949        0.00765045
     3.9000000        0.00634738        0.00780400
     3.9500000        0.00587562        0.00816585
     4.0000000        0.00582860        0.00864256
     4.0500000        0.00579999        0.00913586
     4.1000000        0.00583351        0.00954054
     4.1500000        0.00611184        0.00998911
     4.2000000        0.00668003        0.01020052
     4.2500000        0.00674307        0.01040824
     4.3000000        0.00706721        0.01000785
     4.3500000        0.00800874        0.00962927
     4.4000000        0.00861843        0.00936738
     4.4500000        0.00895120        0.00926206
     4.5000000        0.00898750        0.00920581
     4.5500000        0.00964296        0.00903100
     4.6000000        0.00949593        0.00904592
     4.6500000        0.00927889        0.00943022
     4.7000000        0.01011688        0.00961211
     4.7500000        0.00899409        0.00988703
     4.8000000        0.00747571        0.01008421
     4.8500000        0.00659455        0.00970470
     4.9000000        0.00628195        0.00907112
     4.9500000        0.00662122        0.00864651
     5.0000000        0.00620615        0.00803949
     5.0500000        0.00563970        0.00752686
     5.1000000        0.00479710        0.00744771
     5.1500000        0.00399066        0.00764160
     5.2000000        0.00286714        0.00790572
     5.2500000        0.00162448        0.00842893
     5.3000000        0.00032961        0.00897776
     5.3500000        0.00012693        0.00929383
     5.4000000        0.00014952        0.00921049
     5.4500000        0.00045281        0.00911356
     5.5000000        0.00056468        0.00885659
     5.5500000        0.00157662        0.00859637
     5.6000000        0.00252677        0.00823245
     5.6500000        0.00327929        0.00812790
     5.7000000        0.00435394        0.00814211
     5.7500000        0.00497750        0.00806593
     5.8000000        0.00466171        0.00760398
     5.8500000        0.00439786        0.00724555
     5.9000000        0.00429736        0.00707353
     5.9500000        0.00433367        0.00706455
     6.0000000        0.00430098        0.00713482
     6.0500000        0.00427632        0.00718518
     6.1000000        0.00468682        0.00732968
     6.1500000        0.00489528        0.00727748
     6.2000000        0.00520598        0.00724079
     6.2500000        0.00540815        0.00734652
     6.3000000        0.00547254        0.00753301
     6.3500000        0.00528893        0.00772169
     6.4000000        0.00499701        0.00790771
     6.4500000        0.00512145        0.00778905
     6.5000000        0.00497775        0.00756546
     6.5500000        0.00482654        0.00723374
     6.6000000        0.00467553        0.00688609
     6.6500000        0.00462920        0.00665125
     6.7000000        0.00474207        0.00636954
     6.7500000        0.00441060        0.00608548
     6.8000000        0.00389868        0.00579555
     6.8500000        0.00344011        0.00540382
     6.9000000        0.00331992        0.00513795
     6.9500000        0.00322080        0.00496117
     7.0000000        0.00334462        0.00491839
     7.0500000        0.00292367        0.00532311
     7.1000000        0.00247930        0.00602259
     7.1500000        0.00193345        0.00653735
     7.2000000        0.00162083        0.00659729
     7.2500000        0.00190617        0.00652654
     7.3000000        0.00196632        0.00656151
     7.3500000        0.00134397        0.00683562
     7.4000000        0.00064686        0.00708516
     7.4500000        0.00026823        0.00727463
     7.5000000        0.00012081        0.00730206
     7.5500000        0.00020905        0.00717193
     7.6000000        0.00002297        0.00709548
     7.6500000       -0.00013409        0.00684531
     7.7000000       -0.00049493        0.00654273
     7.7500000       -0.00070770        0.00624170
     7.8000000       -0.00121774        0.00583485
     7.8500000       -0.00203371        0.00552771
     7.9000000       -0.00280355        0.00524938
     7.9500000       -0.00353572        0.00506960
     8.0000000       -0.00380946        0.00488725
     8.0500000       -0.00382268        0.00471511
     8.1000000       -0.00321414        0.00451195
     8.1500000       -0.00272770        0.00436372
     8.2000000       -0.00276821        0.00431139
     8.2500000       -0.00304718        0.00432380
     8.3000000       -0.00355812        0.00449397
     8.3500000       -0.00385411        0.00470906
     8.4000000       -0.00418755        0.00497398
     8.4500000       -0.00431038        0.00522495
     8.5000000       -0.00421252        0.00554811
     8.5500000       -0.00401068        0.00599604
     8.6000000       -0.00341414        0.00630022
     8.6500000       -0.00270034        0.00667246
     8.7000000       -0.00238344        0.00691097
     8.7500000       -0.00273428        0.00722824
     8.8000000       -0.00299285        0.00765534
     8.8500000       -0.00341321        0.00797511
     8.9000000       -0.00373429        0.00819906
     8.9500000       -0.00402874        0.00835331
     9.0000000       -0.00375332        0.00849666
     9.0500000       -0.00306107        0.00875282
     9.1000000       -0.00236263        0.00902975
     9.1500000       -0.00165625        0.00936194
     9.2000000       -0.00062794        0.00961923
     9.2500000        0.00045040        0.00993428
     9.3000000        0.00100371        0.00991444
     9.3500000        0.00146231        0.00986444
     9.4000000        0.00186670        0.00951468
     9.4500000        0.00218245        0.00906170
     9.5000000        0.00271723        0.00867914
     9.5500000        0.00330215        0.00839836
     9.6000000        0.00425767        0.00816181
     9.6500000        0.00488678        0.00801613
     9.7000000        0.00516789        0.00779390
     9.7500000        0.00527821        0.00765308
     9.8000000        0.00547268        0.00734962
     9.8500000        0.00643143        0.00733273
     9.9000000        0.00828988        0.00739746
     9.9500000        0.01033900        0.00779406
    10.0000000        0.01129587        0.00833396
    10.0500000        0.01103948        0.00858065
    10.1000000        0.01016485        0.00849935
    10.1500000        0.00851177        0.00808547
    10.2000000        0.00717429        0.00788254
    10.2500000        0.00550394        0.00767929
    10.3000000        0.00332679        0.00761154
    10.3500000        0.00058668        0.00733848
    10.4000000       -0.00236017        0.00724104
    10.4500000       -0.00507359        0.00716420
    10.5000000       -0.00742035        0.00738348
    10.5500000       -0.00947300        0.00771501
    10.6000000       -0.01119240        0.00791733
    10.6500000       -0.01260553        0.00813271
    10.7000000       -0.01311207        0.00808000
    10.7500000       -0.01291833        0.00788683
    10.8000000       -0.01265606        0.00767005
    10.8500000       -0.01208768        0.00755071
    10.9000000       -0.01106880        0.00757465
    10.9500000       -0.01092570        0.00792975
    11.0000000       -0.01000449        0.00797326
    11.0500000       -0.01010596        0.00839598
    11.1000000       -0.01002466        0.00880284
    11.1500000       -0.00937006        0.00880277
    11.2000000       -0.00870895        0.00847601
    11.2500000       -0.00768390        0.00803229
    11.3000000       -0.00611742        0.00750003
    11.3500000       -0.00480035        0.00696637
    11.4000000       -0.00360686        0.00645157
    11.4500000       -0.00258661        0.00606702
    11.5000000       -0.00148035        0.00575327
    11.5500000       -0.00009355        0.00553391
    11.6000000        0.00124890        0.00540096
    11.6500000        0.00225587        0.00541394
    11.7000000        0.00289742        0.00552770
    11.7500000        0.00320162        0.00551494
    11.8000000        0.00318887        0.00555683
    11.8500000        0.00288182        0.00546043
    11.9000000        0.00322879        0.00534508
    11.9500000        0.00346166        0.00524858
    12.0000000        0.00328238        0.00527877
    12.0500000        0.00325042        0.00540902
    12.1000000        0.00331413        0.00559919
    12.1500000        0.00384091        0.00571581
    12.2000000        0.00431921        0.00575816
    12.2500000        0.00450602        0.00570221
    12.3000000        0.00451399        0.00552522
    12.3500000        0.00496000        0.00516343
    12.4000000        0.00590569        0.00477182
    12.4500000        0.00664083        0.00454171
    12.5000000        0.00734757        0.00443226
    12.5500000        0.00780328        0.00444642
    12.6000000        0.00837449        0.00438020
    12.6500000        0.00859636        0.00441465
    12.7000000        0.00870956        0.00447392
    12.7500000        0.00881732        0.00466627
    12.8000000        0.00874698        0.00506882
    12.8500000        0.00885298        0.00551084
    12.9000000        0.00901487        0.00584130
    12.9500000        0.00951222        0.00625962
    13.0000000        0.01020393        0.00659219
    13.0500000        0.01111118        0.00697723
    13.1000000        0.01183341        0.00735806
    13.1500000        0.01229244        0.00782945
    13.2000000        0.01311323        0.00837090
    13.2500000        0.01376451        0.00899437
    13.3000000        0.01390779        0.00925801
    13.3500000        0.01466096        0.01002170
    13.4000000        0.01475865        0.01025031
    13.4500000        0.01428538        0.00994651
    13.5000000        0.01370763        0.00939032
    13.5500000        0.01281848        0.00859997
    13.6000000        0.01175363        0.00810733
    13.6500000        0.01151859        0.00780414
    13.7000000        0.01186934        0.00760957
    13.7500000        0.01211370        0.00747595
    13.8000000        0.01219276        0.00736489
    13.8500000        0.01256205        0.00731773
    13.9000000        0.01198640        0.00693447
    13.9500000        0.01162695        0.00666273
    14.0000000        0.01168501        0.00655304
    14.0500000        0.01194339        0.00660268
    14.1000000        0.01276982        0.00705244
    14.1500000        0.01351894        0.00751880
    14.2000000        0.01454190        0.00802541
    14.2500000        0.01518196        0.00816537
    14.3000000        0.01569773        0.00844601
    14.3500000        0.01519515        0.00818059
    14.4000000        0.01462375        0.00802285
    14.4500000        0.01449907        0.00777370
    14.5000000        0.01411098        0.00737098
    14.5500000        0.01348467        0.00712023
    14.6000000        0.01251318        0.00700251
    14.6500000        0.01170104        0.00699109
    14.7000000        0.01082848        0.00716285
    14.7500000        0.01041980        0.00735346
    14.8000000        0.01061401        0.00749490
    14.8500000        0.01042406        0.00717402
    14.9000000        0.01010079        0.00692583
    14.9500000        0.00950134        0.00667975
    15.0000000        0.00911381        0.00636242
    15.0500000        0.00920259        0.00607301
    15.1000000        0.00934324        0.00605896
    15.1500000        0.00960449        0.00623583
    15.2000000        0.01039620        0.00640147
    15.2500000        0.01142186        0.00663575
    15.3000000        0.01237360        0.00669977
    15.3500000        0.01317404        0.00678981
    15.4000000        0.01385801        0.00691177
    15.4500000        0.01459952        0.00723444
    15.5000000        0.01525122        0.00748088
    15.5500000        0.01625917        0.00788271
    15.6000000        0.01737001        0.00825699
    15.6500000        0.01854142        0.00834721
    15.7000000        0.02043958        0.00879630
    15.7500000        0.02213707        0.00904545
    15.8000000        0.02293198        0.00891106
    15.8500000        0.02349543        0.00859800
    15.9000000        0.02352468        0.00817683
    15.9500000        0.02408794        0.00782468
    16.0000000        0.02524284        0.00777121
    16.0500000        0.02680212        0.00794184
    16.1000000        0.02836757        0.00806806
    16.1500000        0.02911127        0.00822073
    16.2000000        0.02948626        0.00849685
    16.2500000        0.02959745        0.00878428
    16.3000000        0.02966361        0.00903882
    16.3500000        0.02954910        0.00925612
    16.4000000        0.02980053        0.00952959
    16.4500000        0.02956062        0.01005469
    16.5000000        0.02860563        0.01051267
    16.5500000        0.02667804        0.01091221
    16.6000000        0.02437166        0.01140390
    16.6500000        0.02199541        0.01226701
    16.7000000        0.01975689        0.01300846
    16.7500000        0.01848484        0.01329561
    16.8000000        0.01703540        0.01382088
    16.8500000        0.01589769        0.01448834
    16.9000000        0.01460972        0.01506996
    16.9500000        0.01337385        0.01581613
    17.0000000        0.01265152        0.01642548
    17.0500000        0.01285396        0.01688990
    17.1000000        0.01305219        0.01715932
    17.1500000        0.01425383        0.01699465
    17.2000000        0.01634259        0.01692923
    17.2500000        0.01958281        0.01654672
    17.3000000        0.02342877        0.01599344
    17.3500000        0.02700437        0.01540230
    17.4000000        0.02996955        0.01444750
    17.4500000        0.03308950        0.01348450
    17.5000000        0.03637048        0.01271103
    17.5500000        0.03903748        0.01236154
    17.6000000        0.04129855        0.01255064
    17.6500000        0.04325541        0.01258436
    17.7000000        0.04518667        0.01247487
    17.7500000        0.04815658        0.01214689
    17.8000000        0.05034920        0.01190261
    17.8500000        0.05223391        0.01140270
    17.9000000        0.05394890        0.01111228
    17.9500000        0.05480797        0.01120541
    18.0000000        0.05518124        0.01133767
    18.0500000        0.05486820        0.01136881
    18.1000000        0.05462746        0.01138501
    18.1500000        0.05525465        0.01159477
    18.2000000        0.05673448        0.01150940
    18.2500000        0.05899965        0.01144057
    18.3000000        0.06130825        0.01159564
    18.3500000        0.06316905        0.01203818
    18.4000000        0.06486774        0.01245624
    18.4500000        0.06622097        0.01275538
    18.5000000        0.06756732        0.01270006
    18.5500000        0.06854055        0.01278240
    18.6000000        0.06936298        0.01298254
    18.6500000        0.06977521        0.01320952
    18.7000000        0.07077018        0.01345989
    18.7500000        0.07287398        0.01371086
    18.8000000        0.07538300        0.01378512
    18.8500000        0.07839317        0.01401820
    18.9000000        0.08274193        0.01439327
    18.9500000        0.08686541        0.01497708
    19.0000000        0.09077773        0.01578882
    19.0500000        0.09467508        0.01672534
    19.1000000        0.09835822        0.01733582
    19.1500000        0.10114411        0.01772493
    19.2000000        0.10542512        0.01819966
    19.2500000        0.11149880        0.01859600
    19.3000000        0.11773951        0.01923812
    19.3500000        0.12457165        0.02025361
    19.4000000        0.13210621        0.02102758
    19.4500000        0.13962912        0.02154218
    19.5000000        0.14748491        0.02166491
    19.5500000        0.15632278        0.02156125
    19.6000000        0.16690165        0.02163573
    19.6500000        0.17963648        0.02181425
    19.7000000        0.19545632        0.02222036
    19.7500000        0.21461473        0.02281711
    19.8000000        0.23762371        0.02307916
    19.8500000        0.26678008        0.02284353
    19.9000000        0.30379150        0.02256761
    19.9500000        0.35061784        0.02254409
    20.0000000        0.41034440        0.02269905
