     0.0000000        0.42923509        0.00541716
     0.1000000        0.36930623        0.00503724
     0.2000000        0.31921993        0.00510815
     0.3000000        0.27854524        0.00537126
     0.4000000        0.24414239        0.00528687
     0.5000000        0.21359914        0.00473713
     0.6000000        0.18740937        0.00407947
     0.7000000        0.16407542        0.00357208
     0.8000000        0.14417907        0.00340362
     0.9000000        0.12651963        0.00331276
     1.0000000        0.11095762        0.00312118
     1.1000000        0.09803402        0.00316994
     1.2000000        0.08704621        0.00298286
     1.3000000        0.07808672        0.00289127
     1.4000000        0.07028684        0.00266786
     1.5000000        0.06368792        0.00252973
     1.6000000        0.05699981        0.00237987
     1.7000000        0.05099146        0.00232945
     1.8000000        0.04576796        0.00236416
     1.9000000        0.04156475        0.00242189
     2.0000000        0.03845029        0.00240358
     2.1000000        0.03631412        0.00235977
     2.2000000        0.03397030        0.00253528
     2.3000000        0.03215367        0.00252494
     2.4000000        0.03105340        0.00247289
     2.5000000        0.03086286        0.00259210
     2.6000000        0.03042338        0.00273014
     2.7000000        0.03178823        0.00277776
     2.8000000        0.03315844        0.00266306
     2.9000000        0.03475585        0.00267160
     3.0000000        0.03640742        0.00275547
     3.1000000        0.03911407        0.00280831
     3.2000000        0.04258442        0.00287068
     3.3000000        0.04680109        0.00294627
     3.4000000        0.05118340        0.00304046
     3.5000000        0.05709398        0.00337535
     3.6000000        0.06337511        0.00347436
     3.7000000        0.07089038        0.00321520
     3.8000000        0.08058844        0.00320731
     3.9000000        0.09221580        0.00341693
     4.0000000        0.10497434        0.00359751
     4.1000000        0.11958863        0.00362633
     4.2000000        0.13729349        0.00368080
     4.3000000        0.15690361        0.00383504
     4.4000000        0.18030973        0.00434165
     4.5000000        0.20747497        0.00454301
     4.6000000        0.23867191        0.00446664
     4.7000000        0.27556466        0.00454620
     4.8000000        0.31832787        0.00497618
     4.9000000        0.36904290        0.00530195
     5.0000000        0.42923509        0.00541716
