   -1.570796     -1.570796
  1    1        1.00000000        0.00000000       -0.00000000        0.00000000
   -1.570796      0.000000
  1    1        1.83891090        0.00035423        0.00028840        0.00013592
   -1.570796      1.570796
  1    1        1.00000000        0.00000000        0.00000000        0.00000000
   -1.570796      3.141593
  1    1        0.16108910        0.00035423       -0.00028840        0.00013592
    0.000000     -1.570796
  1    1        1.83867413        0.00033622        0.00025152        0.00012145
    0.000000      0.000000
  1    1        1.95773339        0.00011721        0.00000000        0.00000000
    0.000000      1.570796
  1    1        1.83867413        0.00033622       -0.00025152        0.00012145
    0.000000      3.141593
  1    1        0.99902186        0.00324974       -0.00000000        0.00000000
    1.570796     -1.570796
  1    1        1.00000000        0.00000000       -0.00000000        0.00000000
    1.570796      0.000000
  1    1        1.83891090        0.00035423       -0.00028840        0.00013592
    1.570796      1.570796
  1    1        1.00000000        0.00000000        0.00000000        0.00000000
    1.570796      3.141593
  1    1        0.16108910        0.00035423        0.00028840        0.00013592
    3.141593     -1.570796
  1    1        0.16132587        0.00033622       -0.00025152        0.00012145
    3.141593      0.000000
  1    1        1.00097814        0.00324974       -0.00000000        0.00000000
    3.141593      1.570796
  1    1        0.16132587        0.00033622        0.00025152        0.00012145
    3.141593      3.141593
  1    1        0.04226661        0.00011721        0.00000000        0.00000000
