   -1.000000     -1.000000
  1    1       -0.00013498        0.00004283        0.00000000        0.00000000
   -1.000000      0.000000
  1    1        0.32926294        0.00045645       -0.00000000        0.00000000
   -1.000000      1.000000
  1    1       -0.00000922        0.00004815        0.00000000        0.00000000
   -1.000000      2.000000
  1    1       -0.09007413        0.00036450       -0.00000000        0.00000000
    0.000000     -1.000000
  1    1        0.32956667        0.00046522       -0.00000000        0.00000000
    0.000000      0.000000
  1    1        1.00000000        0.00000000        0.00000000        0.00000000
    0.000000      1.000000
  1    1        0.32956667        0.00046522        0.00000000        0.00000000
    0.000000      2.000000
  1    1        0.00000000        0.00000000       -0.00000000        0.00000000
    1.000000     -1.000000
  1    1        0.00000922        0.00004815        0.00000000        0.00000000
    1.000000      0.000000
  1    1        0.32926294        0.00045645        0.00000000        0.00000000
    1.000000      1.000000
  1    1        0.00013498        0.00004283        0.00000000        0.00000000
    1.000000      2.000000
  1    1       -0.09007413        0.00036450       -0.00000000        0.00000000
    2.000000     -1.000000
  1    1       -0.08988878        0.00036481       -0.00000000        0.00000000
    2.000000      0.000000
  1    1        0.00000000        0.00000000       -0.00000000        0.00000000
    2.000000      1.000000
  1    1       -0.08988878        0.00036481       -0.00000000        0.00000000
    2.000000      2.000000
  1    1        0.00000000        0.00000000       -0.00000000        0.00000000
