   -1.570796     -1.570796
  1    1        0.41040075        0.00020408        0.00000000        0.00000000
   -1.570796      0.000000
  1    1        0.24976117        0.00033205       -0.00000000        0.00000000
   -1.570796      1.570796
  1    1        0.41033793        0.00020243        0.00000000        0.00000000
   -1.570796      3.141593
  1    1        0.63990697        0.00058259        0.00000000        0.00000000
    0.000000     -1.570796
  1    1        0.25039252        0.00032815       -0.00000000        0.00000000
    0.000000      0.000000
  1    1        0.00692006        0.00008465        0.00000000        0.00000000
    0.000000      1.570796
  1    1        0.25039252        0.00032815        0.00000000        0.00000000
    0.000000      3.141593
  1    1        0.41095086        0.00049837       -0.00000000        0.00000000
    1.570796     -1.570796
  1    1        0.41033793        0.00020243       -0.00000000        0.00000000
    1.570796      0.000000
  1    1        0.24976117        0.00033205        0.00000000        0.00000000
    1.570796      1.570796
  1    1        0.41040075        0.00020408       -0.00000000        0.00000000
    1.570796      3.141593
  1    1        0.63990697        0.00058259       -0.00000000        0.00000000
    3.141593     -1.570796
  1    1        0.63896559        0.00056598        0.00000000        0.00000000
    3.141593      0.000000
  1    1        0.40953233        0.00049991       -0.00000000        0.00000000
    3.141593      1.570796
  1    1        0.63896559        0.00056598       -0.00000000        0.00000000
    3.141593      3.141593
  1    1        1.97306688        0.00246665        0.00000000        0.00000000
