   -1.000000     -1.000000
  1    1        0.07246113        0.00017442        0.00000000        0.00000000
   -1.000000      0.000000
  1    1       -0.17136715        0.00021803       -0.00000000        0.00000000
   -1.000000      1.000000
  1    1        0.07247684        0.00017334        0.00000000        0.00000000
   -1.000000      2.000000
  1    1       -0.07422389        0.00017553        0.00000000        0.00000000
    0.000000     -1.000000
  1    1       -0.17174106        0.00021745       -0.00000000        0.00000000
    0.000000      0.000000
  1    1        0.50000000        0.00000000        0.00000000        0.00000000
    0.000000      1.000000
  1    1       -0.17174106        0.00021745        0.00000000        0.00000000
    0.000000      2.000000
  1    1        0.07247580        0.00018197       -0.00000000        0.00000000
    1.000000     -1.000000
  1    1        0.07247684        0.00017334        0.00000000        0.00000000
    1.000000      0.000000
  1    1       -0.17136715        0.00021803        0.00000000        0.00000000
    1.000000      1.000000
  1    1        0.07246113        0.00017442       -0.00000000        0.00000000
    1.000000      2.000000
  1    1       -0.07422389        0.00017553        0.00000000        0.00000000
    2.000000     -1.000000
  1    1       -0.07420461        0.00018379        0.00000000        0.00000000
    2.000000      0.000000
  1    1        0.07239830        0.00018716       -0.00000000        0.00000000
    2.000000      1.000000
  1    1       -0.07420461        0.00018379        0.00000000        0.00000000
    2.000000      2.000000
  1    1        0.05524344        0.00015492       -0.00000000        0.00000000
