     0.0000000        2.00000000        0.00000012
     0.1000000        1.58887636        0.00090822
     0.2000000        1.27545638        0.00145102
     0.3000000        1.03096373        0.00175616
     0.4000000        0.84117732        0.00149120
     0.5000000        0.68769498        0.00155408
     0.6000000        0.56440869        0.00167236
     0.7000000        0.46695869        0.00152645
     0.8000000        0.38761216        0.00201987
     0.9000000        0.32120617        0.00149677
     1.0000000        0.26574500        0.00183018
     1.1000000        0.22036179        0.00162934
     1.2000000        0.18347608        0.00178076
     1.3000000        0.15160561        0.00173648
     1.4000000        0.12695793        0.00198078
     1.5000000        0.10532298        0.00133902
     1.6000000        0.08760407        0.00131016
     1.7000000        0.07445439        0.00080550
     1.8000000        0.06301891        0.00111478
     1.9000000        0.05195948        0.00176962
     2.0000000        0.04254559        0.00140504
     2.1000000        0.03515727        0.00141219
     2.2000000        0.02886333        0.00103068
     2.3000000        0.02535554        0.00115942
     2.4000000        0.02259002        0.00143644
     2.5000000        0.01779442        0.00163767
     2.6000000        0.01389401        0.00103274
     2.7000000        0.01076371        0.00123442
     2.8000000        0.00924152        0.00126749
     2.9000000        0.00773330        0.00126726
     3.0000000        0.00693745        0.00158180
     3.1000000        0.00513226        0.00137910
     3.2000000        0.00345209        0.00123793
     3.3000000        0.00421682        0.00125237
     3.4000000        0.00401675        0.00157709
     3.5000000        0.00352561        0.00179442
     3.6000000        0.00158954        0.00140766
     3.7000000        0.00290140        0.00189185
     3.8000000        0.00314005        0.00130796
     3.9000000        0.00280519        0.00193136
     4.0000000        0.00272488        0.00148970
     4.1000000        0.00475661        0.00155686
     4.2000000        0.00317180        0.00152406
     4.3000000        0.00284980        0.00131081
     4.4000000        0.00292034        0.00112793
     4.5000000        0.00232236        0.00102186
     4.6000000        0.00283568        0.00116147
     4.7000000        0.00203264        0.00146826
     4.8000000        0.00145630        0.00160626
     4.9000000        0.00096474        0.00159378
     5.0000000        0.00269619        0.00126693
     5.1000000        0.00235160        0.00150260
     5.2000000        0.00232335        0.00154412
     5.3000000        0.00401934        0.00097408
     5.4000000        0.00364950        0.00087640
     5.5000000        0.00071594        0.00120441
     5.6000000        0.00099894        0.00159696
     5.7000000       -0.00075806        0.00158598
     5.8000000       -0.00008865        0.00165631
     5.9000000        0.00094005        0.00121564
     6.0000000       -0.00065970        0.00208564
     6.1000000        0.00132934        0.00200435
     6.2000000        0.00117642        0.00299701
     6.3000000        0.00126288        0.00313291
     6.4000000        0.00206100        0.00277245
     6.5000000        0.00324784        0.00225371
     6.6000000        0.00318181        0.00249465
     6.7000000        0.00503153        0.00221634
     6.8000000        0.00442500        0.00185877
     6.9000000        0.00603357        0.00177706
     7.0000000        0.00674255        0.00157781
     7.1000000        0.00957771        0.00150661
     7.2000000        0.01206926        0.00129705
     7.3000000        0.01299820        0.00133788
     7.4000000        0.01540394        0.00150436
     7.5000000        0.01824681        0.00177552
     7.6000000        0.02196929        0.00181433
     7.7000000        0.02685167        0.00214688
     7.8000000        0.03206457        0.00132792
     7.9000000        0.03806977        0.00115822
     8.0000000        0.04448934        0.00118643
     8.1000000        0.05141052        0.00235621
     8.2000000        0.06388987        0.00111661
     8.3000000        0.07546298        0.00133905
     8.4000000        0.08891930        0.00162201
     8.5000000        0.10696164        0.00146001
     8.6000000        0.12766880        0.00162491
     8.7000000        0.15329038        0.00188994
     8.8000000        0.18277551        0.00174068
     8.9000000        0.22024424        0.00175700
     9.0000000        0.26426233        0.00186240
     9.1000000        0.31654011        0.00222747
     9.2000000        0.38276637        0.00229648
     9.3000000        0.46368043        0.00277823
     9.4000000        0.56330852        0.00197771
     9.5000000        0.68475207        0.00218750
     9.6000000        0.83686836        0.00233567
     9.7000000        1.02925242        0.00160653
     9.8000000        1.27264568        0.00146876
     9.9000000        1.58592281        0.00122385
    10.0000000        2.00000000        0.00000012
