     0.0000000        0.41444536        0.00157748
     0.1000000        0.23056099        0.00127933
     0.2000000        0.12987750        0.00075179
     0.3000000        0.07389232        0.00075084
     0.4000000        0.04235401        0.00045278
     0.5000000        0.02468684        0.00020255
     0.6000000        0.01472877        0.00007630
     0.7000000        0.00904668        0.00005552
     0.8000000        0.00582047        0.00020921
     0.9000000        0.00394954        0.00030991
     1.0000000        0.00268874        0.00036974
     1.1000000        0.00188792        0.00037828
     1.2000000        0.00141497        0.00029718
     1.3000000        0.00115574        0.00025430
     1.4000000        0.00098252        0.00023607
     1.5000000        0.00086354        0.00026043
     1.6000000        0.00076308        0.00027688
     1.7000000        0.00073846        0.00021604
     1.8000000        0.00080682        0.00018078
     1.9000000        0.00085377        0.00025643
     2.0000000        0.00085049        0.00030607
     2.1000000        0.00078703        0.00022891
     2.2000000        0.00067287        0.00013141
     2.3000000        0.00062466        0.00014818
     2.4000000        0.00063393        0.00015677
     2.5000000        0.00064383        0.00016389
     2.6000000        0.00065537        0.00016229
     2.7000000        0.00066021        0.00016160
     2.8000000        0.00064749        0.00013127
     2.9000000        0.00064855        0.00013992
     3.0000000        0.00064102        0.00014211
     3.1000000        0.00062948        0.00013411
     3.2000000        0.00060701        0.00013582
     3.3000000        0.00059573        0.00014481
     3.4000000        0.00060317        0.00015954
     3.5000000        0.00061434        0.00016527
     3.6000000        0.00062498        0.00015597
     3.7000000        0.00062044        0.00014623
     3.8000000        0.00060858        0.00012962
     3.9000000        0.00061461        0.00013168
     4.0000000        0.00060795        0.00012632
     4.1000000        0.00060132        0.00011642
     4.2000000        0.00059083        0.00011657
     4.3000000        0.00058218        0.00011334
     4.4000000        0.00057594        0.00010137
     4.5000000        0.00057878        0.00009161
     4.6000000        0.00057222        0.00008734
     4.7000000        0.00056273        0.00007791
     4.8000000        0.00055245        0.00007714
     4.9000000        0.00054554        0.00007855
     5.0000000        0.00054832        0.00007922
     5.1000000        0.00055371        0.00008296
     5.2000000        0.00054525        0.00007930
     5.3000000        0.00053306        0.00009095
     5.4000000        0.00052613        0.00009474
     5.5000000        0.00051659        0.00009928
     5.6000000        0.00051378        0.00009435
     5.7000000        0.00050631        0.00010034
     5.8000000        0.00049571        0.00011681
     5.9000000        0.00047313        0.00013291
     6.0000000        0.00047322        0.00013204
     6.1000000        0.00046713        0.00013977
     6.2000000        0.00046873        0.00014024
     6.3000000        0.00049006        0.00013641
     6.4000000        0.00049132        0.00013897
     6.5000000        0.00050047        0.00013509
     6.6000000        0.00050865        0.00012652
     6.7000000        0.00052794        0.00015429
     6.8000000        0.00052372        0.00017428
     6.9000000        0.00053890        0.00017510
     7.0000000        0.00054572        0.00017136
     7.1000000        0.00052770        0.00017354
     7.2000000        0.00053706        0.00019602
     7.3000000        0.00056237        0.00018700
     7.4000000        0.00056822        0.00015193
     7.5000000        0.00061866        0.00013002
     7.6000000        0.00065309        0.00017511
     7.7000000        0.00069191        0.00022697
     7.8000000        0.00069279        0.00026728
     7.9000000        0.00067777        0.00027141
     8.0000000        0.00062625        0.00032884
     8.1000000        0.00061962        0.00031080
     8.2000000        0.00060703        0.00032274
     8.3000000        0.00049396        0.00040252
     8.4000000        0.00050804        0.00042764
     8.5000000        0.00069230        0.00033013
     8.6000000        0.00070785        0.00031921
     8.7000000        0.00090760        0.00023562
     8.8000000        0.00118821        0.00027566
     8.9000000        0.00156297        0.00034499
     9.0000000        0.00221530        0.00041470
     9.1000000        0.00347375        0.00035201
     9.2000000        0.00539114        0.00026787
     9.3000000        0.00868192        0.00048216
     9.4000000        0.01429726        0.00064238
     9.5000000        0.02431304        0.00082214
     9.6000000        0.04189905        0.00106410
     9.7000000        0.07334180        0.00137551
     9.8000000        0.12956368        0.00161610
     9.9000000        0.23110096        0.00200941
    10.0000000        0.41444536        0.00157748
