     0.0000000        2.00000000        0.00000010
     0.1000000        1.41908876        0.00234774
     0.2000000        1.01393454        0.00169585
     0.3000000        0.73155465        0.00187501
     0.4000000        0.53254540        0.00305882
     0.5000000        0.39026551        0.00226301
     0.6000000        0.28816171        0.00202383
     0.7000000        0.21587581        0.00273515
     0.8000000        0.16420839        0.00200704
     0.9000000        0.12277272        0.00226785
     1.0000000        0.09341785        0.00277192
     1.1000000        0.07118084        0.00284575
     1.2000000        0.05229420        0.00209248
     1.3000000        0.03969370        0.00176652
     1.4000000        0.03186451        0.00167305
     1.5000000        0.02649944        0.00170451
     1.6000000        0.02429232        0.00268664
     1.7000000        0.02170752        0.00235910
     1.8000000        0.01739301        0.00212101
     1.9000000        0.01519520        0.00229449
     2.0000000        0.01184468        0.00189473
     2.1000000        0.00912767        0.00130606
     2.2000000        0.01049175        0.00226498
     2.3000000        0.00919264        0.00162418
     2.4000000        0.00929856        0.00137215
     2.5000000        0.00621110        0.00145160
     2.6000000        0.00751763        0.00107617
     2.7000000        0.00952267        0.00187490
     2.8000000        0.00934256        0.00181102
     2.9000000        0.00775785        0.00212456
     3.0000000        0.01058104        0.00298613
     3.1000000        0.01245997        0.00196574
     3.2000000        0.01357141        0.00157039
     3.3000000        0.01544907        0.00199783
     3.4000000        0.01736559        0.00233777
     3.5000000        0.02416199        0.00161005
     3.6000000        0.03380383        0.00178750
     3.7000000        0.03864964        0.00158788
     3.8000000        0.05071320        0.00095233
     3.9000000        0.06655015        0.00117201
     4.0000000        0.09065552        0.00186830
     4.1000000        0.11848360        0.00151355
     4.2000000        0.15628865        0.00147933
     4.3000000        0.21106750        0.00194155
     4.4000000        0.28604405        0.00181906
     4.5000000        0.38784934        0.00279710
     4.6000000        0.52938908        0.00202909
     4.7000000        0.73325246        0.00210819
     4.8000000        1.01701458        0.00263505
     4.9000000        1.41958692        0.00233648
     5.0000000        2.00000000        0.00000014
