     0.0000000        0.46810601        0.05508656
     0.1000000        0.28524292        0.04968559
     0.2000000        0.17659108        0.04214859
     0.3000000        0.11387750        0.03438161
     0.4000000        0.07464246        0.02713597
     0.5000000        0.04672204        0.02421145
     0.6000000        0.03108034        0.02185826
     0.7000000        0.02315880        0.01747058
     0.8000000        0.01637993        0.01465639
     0.9000000        0.01660478        0.01314605
     1.0000000        0.01568012        0.01271040
     1.1000000        0.01536169        0.01362790
     1.2000000        0.01622928        0.01352829
     1.3000000        0.01268143        0.00983758
     1.4000000        0.00964939        0.00841633
     1.5000000        0.00622478        0.00638102
     1.6000000        0.00273807        0.00456725
     1.7000000        0.00178459        0.00473525
     1.8000000        0.00051125        0.00651197
     1.9000000        0.00034173        0.00981812
     2.0000000       -0.00239989        0.01175480
     2.1000000       -0.00228567        0.01147411
     2.2000000       -0.00182104        0.01229680
     2.3000000       -0.00054772        0.01266961
     2.4000000        0.00082401        0.01091472
     2.5000000        0.00214092        0.00812192
     2.6000000        0.00340312        0.00569503
     2.7000000        0.00234175        0.00433906
     2.8000000        0.00367339        0.00432763
     2.9000000        0.00762191        0.00491848
     3.0000000        0.00689463        0.00380368
     3.1000000        0.00639232        0.00420275
     3.2000000        0.00419908        0.00500413
     3.3000000       -0.00022245        0.00569560
     3.4000000       -0.00068118        0.00575368
     3.5000000        0.00182118        0.00738933
     3.6000000        0.00041814        0.00825561
     3.7000000        0.00129500        0.00783345
     3.8000000        0.00170174        0.00866158
     3.9000000       -0.00045226        0.00856397
     4.0000000       -0.00067294        0.00791371
     4.1000000       -0.00204527        0.00822668
     4.2000000       -0.00189298        0.00813868
     4.3000000        0.00045744        0.00739354
     4.4000000        0.00074392        0.00802728
     4.5000000       -0.00394160        0.00984831
     4.6000000       -0.00388529        0.00951235
     4.7000000       -0.00388637        0.00842608
     4.8000000       -0.00438547        0.00750817
     4.9000000       -0.00524738        0.00603913
     5.0000000       -0.00576601        0.00575623
     5.1000000       -0.00765841        0.00481038
     5.2000000       -0.00881423        0.00410398
     5.3000000       -0.00928244        0.00407083
     5.4000000       -0.00482029        0.00493793
     5.5000000       -0.00075595        0.00684007
     5.6000000        0.00219919        0.00622912
     5.7000000        0.00586536        0.00748864
     5.8000000        0.00865330        0.00701515
     5.9000000        0.01100644        0.00759642
     6.0000000        0.00918463        0.00778153
     6.1000000        0.00845363        0.00665011
     6.2000000        0.00635044        0.00578107
     6.3000000        0.00664389        0.00516179
     6.4000000        0.00749348        0.00472818
     6.5000000        0.00735354        0.00475652
     6.6000000        0.00543572        0.00433904
     6.7000000        0.00722387        0.00341388
     6.8000000        0.00857310        0.00234838
     6.9000000        0.01235404        0.00286832
     7.0000000        0.01535430        0.00380415
     7.1000000        0.01606697        0.00468286
     7.2000000        0.01421493        0.00461175
     7.3000000        0.01150123        0.00500257
     7.4000000        0.00744449        0.00577249
     7.5000000        0.00737836        0.00712713
     7.6000000        0.00744380        0.00790154
     7.7000000        0.00845117        0.00951209
     7.8000000        0.01002599        0.00990682
     7.9000000        0.01339042        0.01020181
     8.0000000        0.01645851        0.01055666
     8.1000000        0.02132875        0.00930275
     8.2000000        0.02140351        0.00694220
     8.3000000        0.01783526        0.00565895
     8.4000000        0.01487426        0.00620243
     8.5000000        0.01261390        0.00733439
     8.6000000        0.01017185        0.01065362
     8.7000000        0.00999826        0.01176995
     8.8000000        0.00620377        0.01431692
     8.9000000       -0.00110356        0.01924110
     9.0000000       -0.01024760        0.02636216
     9.1000000       -0.02102630        0.03735066
     9.2000000       -0.02065010        0.04448487
     9.3000000       -0.01308772        0.04892617
     9.4000000       -0.00558185        0.05642895
     9.5000000        0.00885918        0.06265030
     9.6000000        0.03475637        0.06565610
     9.7000000        0.07854819        0.06661571
     9.8000000        0.14817275        0.06578142
     9.9000000        0.26322946        0.06373497
    10.0000000        0.46810601        0.05508656
