         201          15   40.0000000000000                2
     0.0000000        1.00000000        0.00000000
     0.2000000        0.72118507        0.00010316
     0.4000000        0.53718214        0.00008804
     0.6000000        0.41094129        0.00009327
     0.8000000        0.32164212        0.00008277
     1.0000000        0.25679433        0.00006852
     1.2000000        0.20885153        0.00007099
     1.4000000        0.17278143        0.00007027
     1.6000000        0.14508557        0.00007236
     1.8000000        0.12371062        0.00006765
     2.0000000        0.10694670        0.00006332
     2.2000000        0.09366991        0.00005099
     2.4000000        0.08300069        0.00005737
     2.6000000        0.07440408        0.00005560
     2.8000000        0.06742847        0.00007700
     3.0000000        0.06166608        0.00007156
     3.2000000        0.05692573        0.00007444
     3.4000000        0.05301423        0.00007671
     3.6000000        0.04972085        0.00008032
     3.8000000        0.04694398        0.00008098
     4.0000000        0.04457654        0.00008303
     4.2000000        0.04253777        0.00010014
     4.4000000        0.04073830        0.00009179
     4.6000000        0.03920983        0.00009152
     4.8000000        0.03785741        0.00009274
     5.0000000        0.03669701        0.00009517
     5.2000000        0.03562695        0.00010522
     5.4000000        0.03466227        0.00009147
     5.6000000        0.03382290        0.00009419
     5.8000000        0.03303243        0.00009523
     6.0000000        0.03230486        0.00009764
     6.2000000        0.03161937        0.00009279
     6.4000000        0.03101304        0.00009449
     6.6000000        0.03038549        0.00009920
     6.8000000        0.02979610        0.00010702
     7.0000000        0.02927393        0.00010668
     7.2000000        0.02876893        0.00010170
     7.4000000        0.02824973        0.00010844
     7.6000000        0.02778294        0.00010766
     7.8000000        0.02735347        0.00010673
     8.0000000        0.02696069        0.00010409
     8.2000000        0.02652688        0.00010455
     8.4000000        0.02613003        0.00009852
     8.6000000        0.02575208        0.00009756
     8.8000000        0.02537211        0.00010080
     9.0000000        0.02503332        0.00010613
     9.2000000        0.02469322        0.00010964
     9.4000000        0.02438153        0.00010788
     9.6000000        0.02404200        0.00009813
     9.8000000        0.02370899        0.00009585
    10.0000000        0.02338495        0.00010544
    10.2000000        0.02311073        0.00010571
    10.4000000        0.02279665        0.00010836
    10.6000000        0.02249965        0.00010373
    10.8000000        0.02219082        0.00010615
    11.0000000        0.02194688        0.00010829
    11.2000000        0.02169658        0.00010841
    11.4000000        0.02144126        0.00010830
    11.6000000        0.02121204        0.00010928
    11.8000000        0.02096021        0.00011210
    12.0000000        0.02071608        0.00011054
    12.2000000        0.02047149        0.00010726
    12.4000000        0.02026604        0.00010311
    12.6000000        0.02003870        0.00010761
    12.8000000        0.01985166        0.00011531
    13.0000000        0.01965344        0.00011427
    13.2000000        0.01947156        0.00010807
    13.4000000        0.01927389        0.00010507
    13.6000000        0.01909201        0.00011126
    13.8000000        0.01893591        0.00010831
    14.0000000        0.01876708        0.00010350
    14.2000000        0.01861329        0.00010716
    14.4000000        0.01843931        0.00010725
    14.6000000        0.01829210        0.00010523
    14.8000000        0.01816216        0.00010964
    15.0000000        0.01803665        0.00011515
    15.2000000        0.01791968        0.00012498
    15.4000000        0.01782651        0.00012478
    15.6000000        0.01769537        0.00011770
    15.8000000        0.01758548        0.00011667
    16.0000000        0.01745113        0.00010784
    16.2000000        0.01737461        0.00010896
    16.4000000        0.01724631        0.00011417
    16.6000000        0.01719986        0.00010712
    16.8000000        0.01709853        0.00011087
    17.0000000        0.01700457        0.00011601
    17.2000000        0.01693424        0.00012078
    17.4000000        0.01684029        0.00011299
    17.6000000        0.01680014        0.00011038
    17.8000000        0.01676069        0.00011067
    18.0000000        0.01671431        0.00011555
    18.2000000        0.01663980        0.00011607
    18.4000000        0.01661452        0.00012093
    18.6000000        0.01659833        0.00011592
    18.8000000        0.01655985        0.00011529
    19.0000000        0.01652480        0.00011584
    19.2000000        0.01650592        0.00011652
    19.4000000        0.01649978        0.00011780
    19.6000000        0.01649358        0.00011285
    19.8000000        0.01647646        0.00011453
    20.0000000        0.01648264        0.00011318
    20.2000000        0.01647865        0.00011374
    20.4000000        0.01647110        0.00011231
    20.6000000        0.01646819        0.00011211
    20.8000000        0.01645820        0.00011365
    21.0000000        0.01647922        0.00010810
    21.2000000        0.01650900        0.00010862
    21.4000000        0.01653059        0.00010052
    21.6000000        0.01657317        0.00010072
    21.8000000        0.01662786        0.00010353
    22.0000000        0.01665758        0.00009582
    22.2000000        0.01671032        0.00010431
    22.4000000        0.01676661        0.00010290
    22.6000000        0.01682772        0.00010049
    22.8000000        0.01688546        0.00009572
    23.0000000        0.01695939        0.00009067
    23.2000000        0.01700811        0.00010073
    23.4000000        0.01712358        0.00009633
    23.6000000        0.01723004        0.00009756
    23.8000000        0.01730272        0.00009628
    24.0000000        0.01737887        0.00009571
    24.2000000        0.01748216        0.00009696
    24.4000000        0.01759374        0.00010428
    24.6000000        0.01772667        0.00010228
    24.8000000        0.01784889        0.00010059
    25.0000000        0.01795908        0.00009385
    25.2000000        0.01811344        0.00010236
    25.4000000        0.01825895        0.00009683
    25.6000000        0.01838644        0.00009543
    25.8000000        0.01852722        0.00009961
    26.0000000        0.01869965        0.00010213
    26.2000000        0.01886906        0.00008929
    26.4000000        0.01905686        0.00009482
    26.6000000        0.01924179        0.00009267
    26.8000000        0.01943965        0.00009351
    27.0000000        0.01962919        0.00010421
    27.2000000        0.01983498        0.00010937
    27.4000000        0.02001931        0.00011042
    27.6000000        0.02024824        0.00010328
    27.8000000        0.02043889        0.00011117
    28.0000000        0.02063029        0.00011308
    28.2000000        0.02087024        0.00011406
    28.4000000        0.02111484        0.00010979
    28.6000000        0.02136688        0.00010964
    28.8000000        0.02163800        0.00011363
    29.0000000        0.02190983        0.00011200
    29.2000000        0.02219631        0.00010486
    29.4000000        0.02247584        0.00010389
    29.6000000        0.02274590        0.00010723
    29.8000000        0.02301791        0.00011035
    30.0000000        0.02332192        0.00009954
    30.2000000        0.02362542        0.00010427
    30.4000000        0.02395185        0.00010438
    30.6000000        0.02424857        0.00009309
    30.8000000        0.02460390        0.00009554
    31.0000000        0.02494440        0.00010020
    31.2000000        0.02533621        0.00009108
    31.4000000        0.02573347        0.00009520
    31.6000000        0.02609599        0.00009157
    31.8000000        0.02650637        0.00008357
    32.0000000        0.02690375        0.00008086
    32.2000000        0.02731948        0.00007965
    32.4000000        0.02773557        0.00007891
    32.6000000        0.02816742        0.00009093
    32.8000000        0.02866991        0.00008884
    33.0000000        0.02916035        0.00009293
    33.2000000        0.02968529        0.00008952
    33.4000000        0.03023459        0.00009101
    33.6000000        0.03085278        0.00008915
    33.8000000        0.03147150        0.00008766
    34.0000000        0.03216603        0.00009358
    34.2000000        0.03291282        0.00008357
    34.4000000        0.03371371        0.00008412
    34.6000000        0.03461647        0.00008458
    34.8000000        0.03555546        0.00009111
    35.0000000        0.03662675        0.00009252
    35.2000000        0.03780128        0.00008924
    35.4000000        0.03915787        0.00007792
    35.6000000        0.04072261        0.00006960
    35.8000000        0.04249677        0.00005955
    36.0000000        0.04451645        0.00005714
    36.2000000        0.04687998        0.00005061
    36.4000000        0.04966588        0.00005231
    36.6000000        0.05298761        0.00004698
    36.8000000        0.05694063        0.00003935
    37.0000000        0.06167830        0.00004204
    37.2000000        0.06741864        0.00003464
    37.4000000        0.07438323        0.00003573
    37.6000000        0.08294540        0.00003813
    37.8000000        0.09357881        0.00005152
    38.0000000        0.10689615        0.00005751
    38.2000000        0.12364053        0.00005749
    38.4000000        0.14504120        0.00007156
    38.6000000        0.17267543        0.00006938
    38.8000000        0.20878700        0.00007446
    39.0000000        0.25669465        0.00007618
    39.2000000        0.32146743        0.00007169
    39.4000000        0.41082012        0.00007840
    39.6000000        0.53709015        0.00007419
    39.8000000        0.72114820        0.00004844
    40.0000000        1.00000000        0.00000000
