     0.0000000        0.99875032        0.01545846
     0.1000000        0.86967716        0.01437002
     0.2000000        0.76220671        0.01342154
     0.3000000        0.67788421        0.01435735
     0.4000000        0.60150629        0.01446027
     0.5000000        0.54107310        0.01283693
     0.6000000        0.49098811        0.01353890
     0.7000000        0.45663804        0.01094840
     0.8000000        0.41500285        0.01173546
     0.9000000        0.37978096        0.00798201
     1.0000000        0.33589936        0.00829421
     1.1000000        0.31237693        0.01137676
     1.2000000        0.28206671        0.01018194
     1.3000000        0.25384444        0.00798837
     1.4000000        0.21987607        0.00647376
     1.5000000        0.20488668        0.00599177
     1.6000000        0.17852789        0.00791280
     1.7000000        0.16409319        0.00985144
     1.8000000        0.14826757        0.00878534
     1.9000000        0.13697134        0.00877354
     2.0000000        0.12210708        0.00789968
     2.1000000        0.11525992        0.00847491
     2.2000000        0.10762676        0.00677918
     2.3000000        0.09156375        0.00874795
     2.4000000        0.08613459        0.00580764
     2.5000000        0.07883491        0.00567617
     2.6000000        0.06562697        0.00561130
     2.7000000        0.05727051        0.00487095
     2.8000000        0.05253457        0.00303620
     2.9000000        0.05156182        0.00763030
     3.0000000        0.04931680        0.00747049
     3.1000000        0.04804165        0.00799051
     3.2000000        0.04385759        0.00950930
     3.3000000        0.03915944        0.00611626
     3.4000000        0.03344591        0.00616971
     3.5000000        0.02814282        0.00814002
     3.6000000        0.03109840        0.00768971
     3.7000000        0.02677744        0.00616030
     3.8000000        0.02881765        0.00631568
     3.9000000        0.02059696        0.00512979
     4.0000000        0.02114021        0.00490536
     4.1000000        0.01946734        0.00300505
     4.2000000        0.02141939        0.00359846
     4.3000000        0.02271795        0.00421752
     4.4000000        0.02214079        0.00444454
     4.5000000        0.02335251        0.00681054
     4.6000000        0.02230407        0.00608049
     4.7000000        0.02496882        0.00727516
     4.8000000        0.03548410        0.01146453
     4.9000000        0.03089518        0.00781516
     5.0000000        0.02424146        0.00627788
     5.1000000        0.02465686        0.00635952
     5.2000000        0.02847684        0.00838606
     5.3000000        0.03201502        0.00714133
     5.4000000        0.03291015        0.00685857
     5.5000000        0.03460635        0.00825358
     5.6000000        0.03735775        0.01083812
     5.7000000        0.04474085        0.01317162
     5.8000000        0.04579908        0.01208703
     5.9000000        0.04385951        0.01014832
     6.0000000        0.03821142        0.00841532
     6.1000000        0.04596280        0.00769640
     6.2000000        0.04434220        0.00832479
     6.3000000        0.04572747        0.00819186
     6.4000000        0.05114484        0.01012606
     6.5000000        0.05138107        0.00820913
     6.6000000        0.05138027        0.00775787
     6.7000000        0.04959484        0.00711456
     6.8000000        0.05486855        0.00844462
     6.9000000        0.06549454        0.00910544
     7.0000000        0.06820486        0.00803482
     7.1000000        0.06767105        0.00739479
     7.2000000        0.07169747        0.00752606
     7.3000000        0.07396871        0.00532150
     7.4000000        0.07533452        0.00674817
     7.5000000        0.08246110        0.00508347
     7.6000000        0.08109061        0.00636403
     7.7000000        0.09359903        0.00783202
     7.8000000        0.10156744        0.00573115
     7.9000000        0.11819007        0.00638529
     8.0000000        0.13231216        0.00620613
     8.1000000        0.14379803        0.00666328
     8.2000000        0.16080024        0.00800781
     8.3000000        0.17251986        0.01061872
     8.4000000        0.18288423        0.01020794
     8.5000000        0.20624002        0.00898790
     8.6000000        0.23527033        0.00520985
     8.7000000        0.26180188        0.00567135
     8.8000000        0.29076279        0.00889467
     8.9000000        0.32077629        0.00890176
     9.0000000        0.34692066        0.00862743
     9.1000000        0.38525825        0.00874429
     9.2000000        0.41955824        0.00843366
     9.3000000        0.46129362        0.01439692
     9.4000000        0.50415375        0.01725824
     9.5000000        0.55489397        0.01569179
     9.6000000        0.61546243        0.01653084
     9.7000000        0.69077970        0.01523279
     9.8000000        0.77509411        0.01636244
     9.9000000        0.87864404        0.01399753
    10.0000000        1.00124968        0.01545846
