     0.0000000        1.93430782        0.00115841
     0.1000000        1.25759821        0.00106619
     0.2000000        0.82646097        0.00135081
     0.3000000        0.54726660        0.00120861
     0.4000000        0.36482460        0.00116750
     0.5000000        0.24763914        0.00146794
     0.6000000        0.16875934        0.00151483
     0.7000000        0.11696961        0.00119521
     0.8000000        0.08267176        0.00103368
     0.9000000        0.05712904        0.00103041
     1.0000000        0.04054289        0.00088841
     1.1000000        0.02908217        0.00093501
     1.2000000        0.02072575        0.00099873
     1.3000000        0.01720390        0.00105515
     1.4000000        0.01245238        0.00110143
     1.5000000        0.01034193        0.00115177
     1.6000000        0.00744834        0.00112914
     1.7000000        0.00591436        0.00104096
     1.8000000        0.00391595        0.00105534
     1.9000000        0.00384388        0.00112659
     2.0000000        0.00311717        0.00118158
     2.1000000        0.00267044        0.00099640
     2.2000000        0.00350611        0.00086845
     2.3000000        0.00374039        0.00094497
     2.4000000        0.00444753        0.00093536
     2.5000000        0.00313237        0.00099463
     2.6000000        0.00291827        0.00107346
     2.7000000        0.00273612        0.00112595
     2.8000000        0.00279809        0.00077524
     2.9000000        0.00240625        0.00090462
     3.0000000        0.00284096        0.00117372
     3.1000000        0.00360888        0.00100374
     3.2000000        0.00448656        0.00100546
     3.3000000        0.00559581        0.00107554
     3.4000000        0.00402189        0.00104426
     3.5000000        0.00317094        0.00100069
     3.6000000        0.00329347        0.00086192
     3.7000000        0.00391004        0.00092772
     3.8000000        0.00336098        0.00089652
     3.9000000        0.00255215        0.00096748
     4.0000000        0.00290441        0.00073084
     4.1000000        0.00361606        0.00088168
     4.2000000        0.00514309        0.00105667
     4.3000000        0.00529704        0.00109525
     4.4000000        0.00644908        0.00109361
     4.5000000        0.00715398        0.00104745
     4.6000000        0.01152651        0.00120379
     4.7000000        0.01715444        0.00114250
     4.8000000        0.02546968        0.00125376
     4.9000000        0.04085870        0.00131109
     5.0000000        0.06569218        0.00115841
