     0.0000000        1.48626379       -0.00000000
     0.0171030
     0.1000000        1.26354802       -0.00000000
     0.0182153
     0.2000000        1.08950313       -0.00000000
     0.0178292
     0.3000000        0.94915171       -0.00000000
     0.0164098
     0.4000000        0.83733783       -0.00000000
     0.0157161
     0.5000000        0.74620503       -0.00000000
     0.0146941
     0.6000000        0.66962453       -0.00000000
     0.0135736
     0.7000000        0.60689202       -0.00000000
     0.0121495
     0.8000000        0.55345406       -0.00000000
     0.0108832
     0.9000000        0.50897162       -0.00000000
     0.0100093
     1.0000000        0.47135983       -0.00000000
     0.0092182
     1.1000000        0.43914102       -0.00000000
     0.0084349
     1.2000000        0.41179577       -0.00000000
     0.0078622
     1.3000000        0.38925973       -0.00000000
     0.0077005
     1.4000000        0.36963732       -0.00000000
     0.0072790
     1.5000000        0.35273121       -0.00000000
     0.0070617
     1.6000000        0.33676718       -0.00000000
     0.0065525
     1.7000000        0.32290867       -0.00000000
     0.0061281
     1.8000000        0.31174071       -0.00000000
     0.0060710
     1.9000000        0.30243911       -0.00000000
     0.0060096
     2.0000000        0.29461196       -0.00000000
     0.0060904
     2.1000000        0.28906958       -0.00000000
     0.0064329
     2.2000000        0.28475336       -0.00000000
     0.0069749
     2.3000000        0.28162904       -0.00000000
     0.0075284
     2.4000000        0.28085516       -0.00000000
     0.0079850
     2.5000000        0.28057632       -0.00000000
     0.0081866
     2.6000000        0.28063460       -0.00000000
     0.0079997
     2.7000000        0.28241861       -0.00000000
     0.0078087
     2.8000000        0.28431469       -0.00000000
     0.0072231
     2.9000000        0.28816539       -0.00000000
     0.0068284
     3.0000000        0.29336807       -0.00000000
     0.0066930
     3.1000000        0.30016168       -0.00000000
     0.0069198
     3.2000000        0.30844584       -0.00000000
     0.0069218
     3.3000000        0.31882336       -0.00000000
     0.0068917
     3.4000000        0.33167936       -0.00000000
     0.0068685
     3.5000000        0.34794835       -0.00000000
     0.0074882
     3.6000000        0.36602136       -0.00000000
     0.0082664
     3.7000000        0.38722301       -0.00000000
     0.0088440
     3.8000000        0.41040479       -0.00000000
     0.0089915
     3.9000000        0.43696285       -0.00000000
     0.0090302
     4.0000000        0.46855201       -0.00000000
     0.0090380
     4.1000000        0.50524432       -0.00000000
     0.0094499
     4.2000000        0.55024067       -0.00000000
     0.0098165
     4.3000000        0.60419638       -0.00000000
     0.0105456
     4.4000000        0.66778805       -0.00000000
     0.0112332
     4.5000000        0.74403064       -0.00000000
     0.0114872
     4.6000000        0.83486323       -0.00000000
     0.0119805
     4.7000000        0.94633089       -0.00000000
     0.0131714
     4.8000000        1.08537664       -0.00000000
     0.0144242
     4.9000000        1.26093325       -0.00000000
     0.0157971
     5.0000000        1.48626379       -0.00000000
     0.0171030
