   -3.000000     -3.000000
  1    1        0.03951913        0.00008795       -0.00000000        0.00000000
   -3.000000     -2.000000
  1    1       -0.04226907        0.00008261       -0.00000000        0.00000000
   -3.000000     -1.000000
  1    1        0.04294776        0.00008205       -0.00000000        0.00000000
   -3.000000      0.000000
  1    1       -0.04582693        0.00008546       -0.00000000        0.00000000
   -3.000000      1.000000
  1    1        0.04303468        0.00008001       -0.00000000        0.00000000
   -3.000000      2.000000
  1    1       -0.04234748        0.00008026       -0.00000000        0.00000000
   -3.000000      3.000000
  1    1        0.03955506        0.00008610       -0.00000000        0.00000000
   -3.000000      4.000000
  1    1       -0.03982720        0.00008677       -0.00000000        0.00000000
   -2.000000     -3.000000
  1    1       -0.04232043        0.00008369       -0.00000000        0.00000000
   -2.000000     -2.000000
  1    1        0.04395340        0.00008071        0.00000000        0.00000000
   -2.000000     -1.000000
  1    1       -0.05417156        0.00007905       -0.00000000        0.00000000
   -2.000000      0.000000
  1    1        0.05572069        0.00008410        0.00000000        0.00000000
   -2.000000      1.000000
  1    1       -0.05446210        0.00008013       -0.00000000        0.00000000
   -2.000000      2.000000
  1    1        0.04414289        0.00008335        0.00000000        0.00000000
   -2.000000      3.000000
  1    1       -0.04238353        0.00008536       -0.00000000        0.00000000
   -2.000000      4.000000
  1    1        0.03992056        0.00008822        0.00000000        0.00000000
   -1.000000     -3.000000
  1    1        0.04300658        0.00008231       -0.00000000        0.00000000
   -1.000000     -2.000000
  1    1       -0.05420600        0.00007801       -0.00000000        0.00000000
   -1.000000     -1.000000
  1    1        0.06444280        0.00006439       -0.00000000        0.00000000
   -1.000000      0.000000
  1    1       -0.16280538        0.00015618       -0.00000000        0.00000000
   -1.000000      1.000000
  1    1        0.06469114        0.00007232       -0.00000000        0.00000000
   -1.000000      2.000000
  1    1       -0.05441834        0.00008257        0.00000000        0.00000000
   -1.000000      3.000000
  1    1        0.04306882        0.00008389       -0.00000000        0.00000000
   -1.000000      4.000000
  1    1       -0.04221409        0.00008648        0.00000000        0.00000000
    0.000000     -3.000000
  1    1       -0.04586257        0.00008429       -0.00000000        0.00000000
    0.000000     -2.000000
  1    1        0.05589084        0.00008317        0.00000000        0.00000000
    0.000000     -1.000000
  1    1       -0.16372370        0.00015522        0.00000000        0.00000000
    0.000000      0.000000
  1    1        0.50000000        0.00000000        0.00000000        0.00000000
    0.000000      1.000000
  1    1       -0.16372370        0.00015522        0.00000000        0.00000000
    0.000000      2.000000
  1    1        0.05589084        0.00008317        0.00000000        0.00000000
    0.000000      3.000000
  1    1       -0.04586257        0.00008429        0.00000000        0.00000000
    0.000000      4.000000
  1    1        0.04171778        0.00008830        0.00000000        0.00000000
    1.000000     -3.000000
  1    1        0.04306882        0.00008389       -0.00000000        0.00000000
    1.000000     -2.000000
  1    1       -0.05441834        0.00008257       -0.00000000        0.00000000
    1.000000     -1.000000
  1    1        0.06469114        0.00007232       -0.00000000        0.00000000
    1.000000      0.000000
  1    1       -0.16280538        0.00015618        0.00000000        0.00000000
    1.000000      1.000000
  1    1        0.06444280        0.00006439       -0.00000000        0.00000000
    1.000000      2.000000
  1    1       -0.05420600        0.00007801        0.00000000        0.00000000
    1.000000      3.000000
  1    1        0.04300658        0.00008231       -0.00000000        0.00000000
    1.000000      4.000000
  1    1       -0.04221409        0.00008648        0.00000000        0.00000000
    2.000000     -3.000000
  1    1       -0.04238353        0.00008536        0.00000000        0.00000000
    2.000000     -2.000000
  1    1        0.04414289        0.00008335        0.00000000        0.00000000
    2.000000     -1.000000
  1    1       -0.05446210        0.00008013        0.00000000        0.00000000
    2.000000      0.000000
  1    1        0.05572069        0.00008410        0.00000000        0.00000000
    2.000000      1.000000
  1    1       -0.05417156        0.00007905        0.00000000        0.00000000
    2.000000      2.000000
  1    1        0.04395340        0.00008071        0.00000000        0.00000000
    2.000000      3.000000
  1    1       -0.04232043        0.00008369        0.00000000        0.00000000
    2.000000      4.000000
  1    1        0.03992056        0.00008822        0.00000000        0.00000000
    3.000000     -3.000000
  1    1        0.03955506        0.00008610       -0.00000000        0.00000000
    3.000000     -2.000000
  1    1       -0.04234748        0.00008026       -0.00000000        0.00000000
    3.000000     -1.000000
  1    1        0.04303468        0.00008001       -0.00000000        0.00000000
    3.000000      0.000000
  1    1       -0.04582693        0.00008546        0.00000000        0.00000000
    3.000000      1.000000
  1    1        0.04294776        0.00008205       -0.00000000        0.00000000
    3.000000      2.000000
  1    1       -0.04226907        0.00008261        0.00000000        0.00000000
    3.000000      3.000000
  1    1        0.03951913        0.00008795       -0.00000000        0.00000000
    3.000000      4.000000
  1    1       -0.03982720        0.00008677        0.00000000        0.00000000
    4.000000     -3.000000
  1    1       -0.03985499        0.00008949       -0.00000000        0.00000000
    4.000000     -2.000000
  1    1        0.03996209        0.00008264        0.00000000        0.00000000
    4.000000     -1.000000
  1    1       -0.04221469        0.00008343        0.00000000        0.00000000
    4.000000      0.000000
  1    1        0.04171748        0.00008713        0.00000000        0.00000000
    4.000000      1.000000
  1    1       -0.04221469        0.00008343        0.00000000        0.00000000
    4.000000      2.000000
  1    1        0.03996209        0.00008264        0.00000000        0.00000000
    4.000000      3.000000
  1    1       -0.03985499        0.00008949        0.00000000        0.00000000
    4.000000      4.000000
  1    1        0.03840176        0.00008940        0.00000000        0.00000000
