   -2.356194     -2.356194
  1    1        0.81824118        0.00036136       -0.00000000        0.00000000
   -2.356194     -1.570796
  1    1        0.56538718        0.00029874        0.00000000        0.00000000
   -2.356194     -0.785398
  1    1        0.41767283        0.00041432       -0.00000000        0.00000000
   -2.356194      0.000000
  1    1        0.37025644        0.00042576        0.00000000        0.00000000
   -2.356194      0.785398
  1    1        0.41738608        0.00042166        0.00000000        0.00000000
   -2.356194      1.570796
  1    1        0.56380679        0.00035442       -0.00000000        0.00000000
   -2.356194      2.356194
  1    1        0.81479369        0.00033463        0.00000000        0.00000000
   -2.356194      3.141593
  1    1        1.02217612        0.00069457       -0.00000000        0.00000000
   -1.570796     -2.356194
  1    1        0.56670723        0.00034990        0.00000000        0.00000000
   -1.570796     -1.570796
  1    1        0.41531149        0.00014352        0.00000000        0.00000000
   -1.570796     -0.785398
  1    1        0.29381909        0.00022117        0.00000000        0.00000000
   -1.570796      0.000000
  1    1        0.24943111        0.00029364       -0.00000000        0.00000000
   -1.570796      0.785398
  1    1        0.29382381        0.00021918        0.00000000        0.00000000
   -1.570796      1.570796
  1    1        0.41477102        0.00014447       -0.00000000        0.00000000
   -1.570796      2.356194
  1    1        0.56564059        0.00032180        0.00000000        0.00000000
   -1.570796      3.141593
  1    1        0.64270444        0.00049518       -0.00000000        0.00000000
   -0.785398     -2.356194
  1    1        0.42006844        0.00041644       -0.00000000        0.00000000
   -0.785398     -1.570796
  1    1        0.29476549        0.00021786        0.00000000        0.00000000
   -0.785398     -0.785398
  1    1        0.16561726        0.00007352       -0.00000000        0.00000000
   -0.785398      0.000000
  1    1        0.10658927        0.00012509        0.00000000        0.00000000
   -0.785398      0.785398
  1    1        0.16581505        0.00008284       -0.00000000        0.00000000
   -0.785398      1.570796
  1    1        0.29500472        0.00022410       -0.00000000        0.00000000
   -0.785398      2.356194
  1    1        0.42013744        0.00040082        0.00000000        0.00000000
   -0.785398      3.141593
  1    1        0.47480234        0.00048494        0.00000000        0.00000000
    0.000000     -2.356194
  1    1        0.37321210        0.00045887        0.00000000        0.00000000
    0.000000     -1.570796
  1    1        0.25035565        0.00029512       -0.00000000        0.00000000
    0.000000     -0.785398
  1    1        0.10682025        0.00012188        0.00000000        0.00000000
    0.000000      0.000000
  1    1        0.00373372        0.00003400        0.00000000        0.00000000
    0.000000      0.785398
  1    1        0.10682025        0.00012188       -0.00000000        0.00000000
    0.000000      1.570796
  1    1        0.25035565        0.00029512        0.00000000        0.00000000
    0.000000      2.356194
  1    1        0.37321210        0.00045887       -0.00000000        0.00000000
    0.000000      3.141593
  1    1        0.42264415        0.00050659        0.00000000        0.00000000
    0.785398     -2.356194
  1    1        0.42013744        0.00040082       -0.00000000        0.00000000
    0.785398     -1.570796
  1    1        0.29500472        0.00022410        0.00000000        0.00000000
    0.785398     -0.785398
  1    1        0.16581505        0.00008284        0.00000000        0.00000000
    0.785398      0.000000
  1    1        0.10658927        0.00012509       -0.00000000        0.00000000
    0.785398      0.785398
  1    1        0.16561726        0.00007352        0.00000000        0.00000000
    0.785398      1.570796
  1    1        0.29476549        0.00021786       -0.00000000        0.00000000
    0.785398      2.356194
  1    1        0.42006844        0.00041644        0.00000000        0.00000000
    0.785398      3.141593
  1    1        0.47480234        0.00048494       -0.00000000        0.00000000
    1.570796     -2.356194
  1    1        0.56564059        0.00032180       -0.00000000        0.00000000
    1.570796     -1.570796
  1    1        0.41477102        0.00014447        0.00000000        0.00000000
    1.570796     -0.785398
  1    1        0.29382381        0.00021918       -0.00000000        0.00000000
    1.570796      0.000000
  1    1        0.24943111        0.00029364        0.00000000        0.00000000
    1.570796      0.785398
  1    1        0.29381909        0.00022117       -0.00000000        0.00000000
    1.570796      1.570796
  1    1        0.41531149        0.00014352       -0.00000000        0.00000000
    1.570796      2.356194
  1    1        0.56670723        0.00034990       -0.00000000        0.00000000
    1.570796      3.141593
  1    1        0.64270444        0.00049518        0.00000000        0.00000000
    2.356194     -2.356194
  1    1        0.81479369        0.00033463       -0.00000000        0.00000000
    2.356194     -1.570796
  1    1        0.56380679        0.00035442        0.00000000        0.00000000
    2.356194     -0.785398
  1    1        0.41738608        0.00042166       -0.00000000        0.00000000
    2.356194      0.000000
  1    1        0.37025644        0.00042576       -0.00000000        0.00000000
    2.356194      0.785398
  1    1        0.41767283        0.00041432        0.00000000        0.00000000
    2.356194      1.570796
  1    1        0.56538718        0.00029874       -0.00000000        0.00000000
    2.356194      2.356194
  1    1        0.81824118        0.00036136        0.00000000        0.00000000
    2.356194      3.141593
  1    1        1.02217612        0.00069457       -0.00000000        0.00000000
    3.141593     -2.356194
  1    1        1.02090360        0.00071636       -0.00000000        0.00000000
    3.141593     -1.570796
  1    1        0.64008652        0.00052486       -0.00000000        0.00000000
    3.141593     -0.785398
  1    1        0.47185687        0.00051251        0.00000000        0.00000000
    3.141593      0.000000
  1    1        0.41832785        0.00049040        0.00000000        0.00000000
    3.141593      0.785398
  1    1        0.47185687        0.00051251       -0.00000000        0.00000000
    3.141593      1.570796
  1    1        0.64008652        0.00052486        0.00000000        0.00000000
    3.141593      2.356194
  1    1        1.02090360        0.00071636       -0.00000000        0.00000000
    3.141593      3.141593
  1    1        3.87936603        0.00481750        0.00000000        0.00000000
