   -3.000000     -3.000000
  1    1       -0.00007504        0.00005462        0.00000000        0.00000000
   -3.000000     -2.000000
  1    1        0.02290902        0.00008947       -0.00000000        0.00000000
   -3.000000     -1.000000
  1    1        0.00016747        0.00006303       -0.00000000        0.00000000
   -3.000000      0.000000
  1    1       -0.00098708        0.00011938       -0.00000000        0.00000000
   -3.000000      1.000000
  1    1        0.00003964        0.00006920       -0.00000000        0.00000000
   -3.000000      2.000000
  1    1        0.02304544        0.00007119        0.00000000        0.00000000
   -3.000000      3.000000
  1    1       -0.00008269        0.00006474        0.00000000        0.00000000
   -3.000000      4.000000
  1    1       -0.01235329        0.00010582       -0.00000000        0.00000000
   -2.000000     -3.000000
  1    1        0.02288374        0.00007579       -0.00000000        0.00000000
   -2.000000     -2.000000
  1    1        0.00001277        0.00005582        0.00000000        0.00000000
   -2.000000     -1.000000
  1    1       -0.06935038        0.00017078        0.00000000        0.00000000
   -2.000000      0.000000
  1    1       -0.00020700        0.00008547        0.00000000        0.00000000
   -2.000000      1.000000
  1    1       -0.06950508        0.00016021        0.00000000        0.00000000
   -2.000000      2.000000
  1    1        0.00009462        0.00006875       -0.00000000        0.00000000
   -2.000000      3.000000
  1    1        0.02300687        0.00008904       -0.00000000        0.00000000
   -2.000000      4.000000
  1    1        0.00018643        0.00008006       -0.00000000        0.00000000
   -1.000000     -3.000000
  1    1        0.00001429        0.00007520       -0.00000000        0.00000000
   -1.000000     -2.000000
  1    1       -0.06910101        0.00015255        0.00000000        0.00000000
   -1.000000     -1.000000
  1    1        0.00003380        0.00007747       -0.00000000        0.00000000
   -1.000000      0.000000
  1    1        0.34288801        0.00048482       -0.00000000        0.00000000
   -1.000000      1.000000
  1    1       -0.00002232        0.00008343       -0.00000000        0.00000000
   -1.000000      2.000000
  1    1       -0.06915855        0.00016692       -0.00000000        0.00000000
   -1.000000      3.000000
  1    1       -0.00018861        0.00005935        0.00000000        0.00000000
   -1.000000      4.000000
  1    1        0.00497350        0.00011901       -0.00000000        0.00000000
    0.000000     -3.000000
  1    1       -0.00085535        0.00010191       -0.00000000        0.00000000
    0.000000     -2.000000
  1    1       -0.00015076        0.00009487        0.00000000        0.00000000
    0.000000     -1.000000
  1    1        0.34160724        0.00047967       -0.00000000        0.00000000
    0.000000      0.000000
  1    1        1.00000000        0.00000000        0.00000000        0.00000000
    0.000000      1.000000
  1    1        0.34160724        0.00047967        0.00000000        0.00000000
    0.000000      2.000000
  1    1        0.00015076        0.00009487       -0.00000000        0.00000000
    0.000000      3.000000
  1    1       -0.00085535        0.00010191        0.00000000        0.00000000
    0.000000      4.000000
  1    1       -0.00000000        0.00000000       -0.00000000        0.00000000
    1.000000     -3.000000
  1    1        0.00018861        0.00005935       -0.00000000        0.00000000
    1.000000     -2.000000
  1    1       -0.06915855        0.00016692        0.00000000        0.00000000
    1.000000     -1.000000
  1    1        0.00002232        0.00008343        0.00000000        0.00000000
    1.000000      0.000000
  1    1        0.34288801        0.00048482        0.00000000        0.00000000
    1.000000      1.000000
  1    1       -0.00003380        0.00007747        0.00000000        0.00000000
    1.000000      2.000000
  1    1       -0.06910101        0.00015255       -0.00000000        0.00000000
    1.000000      3.000000
  1    1       -0.00001429        0.00007520        0.00000000        0.00000000
    1.000000      4.000000
  1    1        0.00497350        0.00011901       -0.00000000        0.00000000
    2.000000     -3.000000
  1    1        0.02300687        0.00008904        0.00000000        0.00000000
    2.000000     -2.000000
  1    1       -0.00009462        0.00006875        0.00000000        0.00000000
    2.000000     -1.000000
  1    1       -0.06950508        0.00016021       -0.00000000        0.00000000
    2.000000      0.000000
  1    1        0.00020700        0.00008547       -0.00000000        0.00000000
    2.000000      1.000000
  1    1       -0.06935038        0.00017078       -0.00000000        0.00000000
    2.000000      2.000000
  1    1       -0.00001277        0.00005582       -0.00000000        0.00000000
    2.000000      3.000000
  1    1        0.02288374        0.00007579        0.00000000        0.00000000
    2.000000      4.000000
  1    1       -0.00018643        0.00008006       -0.00000000        0.00000000
    3.000000     -3.000000
  1    1        0.00008269        0.00006474        0.00000000        0.00000000
    3.000000     -2.000000
  1    1        0.02304544        0.00007119       -0.00000000        0.00000000
    3.000000     -1.000000
  1    1       -0.00003964        0.00006920        0.00000000        0.00000000
    3.000000      0.000000
  1    1       -0.00098708        0.00011938        0.00000000        0.00000000
    3.000000      1.000000
  1    1       -0.00016747        0.00006303        0.00000000        0.00000000
    3.000000      2.000000
  1    1        0.02290902        0.00008947        0.00000000        0.00000000
    3.000000      3.000000
  1    1        0.00007504        0.00005462       -0.00000000        0.00000000
    3.000000      4.000000
  1    1       -0.01235329        0.00010582       -0.00000000        0.00000000
    4.000000     -3.000000
  1    1       -0.01255607        0.00011481       -0.00000000        0.00000000
    4.000000     -2.000000
  1    1       -0.00007367        0.00006851       -0.00000000        0.00000000
    4.000000     -1.000000
  1    1        0.00521213        0.00013391       -0.00000000        0.00000000
    4.000000      0.000000
  1    1       -0.00000000        0.00000000       -0.00000000        0.00000000
    4.000000      1.000000
  1    1        0.00521213        0.00013391       -0.00000000        0.00000000
    4.000000      2.000000
  1    1        0.00007367        0.00006851       -0.00000000        0.00000000
    4.000000      3.000000
  1    1       -0.01255607        0.00011481       -0.00000000        0.00000000
    4.000000      4.000000
  1    1        0.00000000        0.00000000       -0.00000000        0.00000000
