   -2.356194     -2.356194
  1    1        0.07893682        0.00015165       -0.00026684        0.00012363
   -2.356194     -1.570796
  1    1        0.22922110        0.00044814       -0.00063347        0.00029189
   -2.356194     -0.785398
  1    1        0.99753437        0.00215986       -0.00105978        0.00079856
   -2.356194      0.000000
  1    1        1.44589303        0.00186892        0.00033408        0.00060259
   -2.356194      0.785398
  1    1        0.99722199        0.00207803       -0.00161519        0.00070606
   -2.356194      1.570796
  1    1        0.22810980        0.00044570        0.00012162        0.00034714
   -2.356194      2.356194
  1    1        0.07907067        0.00015673       -0.00020558        0.00013964
   -2.356194      3.141593
  1    1        0.05350969        0.00011654        0.00001320        0.00010040
   -1.570796     -2.356194
  1    1        0.22967426        0.00040253       -0.00053835        0.00025879
   -1.570796     -1.570796
  1    1        1.00000000        0.00000000       -0.00000000        0.00000000
   -1.570796     -0.785398
  1    1        1.77032574        0.00040253        0.00053835        0.00025879
   -1.570796      0.000000
  1    1        1.85274558        0.00031566        0.00042445        0.00023228
   -1.570796      0.785398
  1    1        1.77110162        0.00045663       -0.00003196        0.00026938
   -1.570796      1.570796
  1    1        1.00000000        0.00000000       -0.00000000        0.00000000
   -1.570796      2.356194
  1    1        0.22889838        0.00045663        0.00003196        0.00026938
   -1.570796      3.141593
  1    1        0.14725442        0.00031566       -0.00042445        0.00023228
   -0.785398     -2.356194
  1    1        1.00246563        0.00215986        0.00105978        0.00079856
   -0.785398     -1.570796
  1    1        1.77077890        0.00044814        0.00063347        0.00029189
   -0.785398     -0.785398
  1    1        1.92106318        0.00015165        0.00026684        0.00012363
   -0.785398      0.000000
  1    1        1.94649031        0.00011654       -0.00001320        0.00010040
   -0.785398      0.785398
  1    1        1.92092933        0.00015673        0.00020558        0.00013964
   -0.785398      1.570796
  1    1        1.77189020        0.00044570       -0.00012162        0.00034714
   -0.785398      2.356194
  1    1        1.00277801        0.00207803        0.00161519        0.00070606
   -0.785398      3.141593
  1    1        0.55410697        0.00186892       -0.00033408        0.00060259
    0.000000     -2.356194
  1    1        1.45038856        0.00174746       -0.00117044        0.00059618
    0.000000     -1.570796
  1    1        1.85365244        0.00030565        0.00005321        0.00019542
    0.000000     -0.785398
  1    1        1.94673431        0.00009983        0.00005466        0.00009724
    0.000000      0.000000
  1    1        1.96531825        0.00012377        0.00000000        0.00000000
    0.000000      0.785398
  1    1        1.94673431        0.00009983       -0.00005466        0.00009724
    0.000000      1.570796
  1    1        1.85365244        0.00030565       -0.00005321        0.00019542
    0.000000      2.356194
  1    1        1.45038856        0.00174746        0.00117044        0.00059618
    0.000000      3.141593
  1    1        1.00354586        0.00321101       -0.00000000        0.00000000
    0.785398     -2.356194
  1    1        1.00277801        0.00207803       -0.00161519        0.00070606
    0.785398     -1.570796
  1    1        1.77189020        0.00044570        0.00012162        0.00034714
    0.785398     -0.785398
  1    1        1.92092933        0.00015673       -0.00020558        0.00013964
    0.785398      0.000000
  1    1        1.94649031        0.00011654        0.00001320        0.00010040
    0.785398      0.785398
  1    1        1.92106318        0.00015165       -0.00026684        0.00012363
    0.785398      1.570796
  1    1        1.77077890        0.00044814       -0.00063347        0.00029189
    0.785398      2.356194
  1    1        1.00246563        0.00215986       -0.00105978        0.00079856
    0.785398      3.141593
  1    1        0.55410697        0.00186892        0.00033408        0.00060259
    1.570796     -2.356194
  1    1        0.22889838        0.00045663       -0.00003196        0.00026938
    1.570796     -1.570796
  1    1        1.00000000        0.00000000        0.00000000        0.00000000
    1.570796     -0.785398
  1    1        1.77110162        0.00045663        0.00003196        0.00026938
    1.570796      0.000000
  1    1        1.85274558        0.00031566       -0.00042445        0.00023228
    1.570796      0.785398
  1    1        1.77032574        0.00040253       -0.00053835        0.00025879
    1.570796      1.570796
  1    1        1.00000000        0.00000000        0.00000000        0.00000000
    1.570796      2.356194
  1    1        0.22967426        0.00040253        0.00053835        0.00025879
    1.570796      3.141593
  1    1        0.14725442        0.00031566        0.00042445        0.00023228
    2.356194     -2.356194
  1    1        0.07907067        0.00015673        0.00020558        0.00013964
    2.356194     -1.570796
  1    1        0.22810980        0.00044570       -0.00012162        0.00034714
    2.356194     -0.785398
  1    1        0.99722199        0.00207803        0.00161519        0.00070606
    2.356194      0.000000
  1    1        1.44589303        0.00186892       -0.00033408        0.00060259
    2.356194      0.785398
  1    1        0.99753437        0.00215986        0.00105978        0.00079856
    2.356194      1.570796
  1    1        0.22922110        0.00044814        0.00063347        0.00029189
    2.356194      2.356194
  1    1        0.07893682        0.00015165        0.00026684        0.00012363
    2.356194      3.141593
  1    1        0.05350969        0.00011654       -0.00001320        0.00010040
    3.141593     -2.356194
  1    1        0.05326569        0.00009983       -0.00005466        0.00009724
    3.141593     -1.570796
  1    1        0.14634756        0.00030565       -0.00005321        0.00019542
    3.141593     -0.785398
  1    1        0.54961144        0.00174746        0.00117044        0.00059618
    3.141593      0.000000
  1    1        0.99645414        0.00321101       -0.00000000        0.00000000
    3.141593      0.785398
  1    1        0.54961144        0.00174746       -0.00117044        0.00059618
    3.141593      1.570796
  1    1        0.14634756        0.00030565        0.00005321        0.00019542
    3.141593      2.356194
  1    1        0.05326569        0.00009983        0.00005466        0.00009724
    3.141593      3.141593
  1    1        0.03468175        0.00012377        0.00000000        0.00000000
