     0.0000000        0.77370997        0.00250619
     0.1000000        0.66141334        0.00243358
     0.2000000        0.57900498        0.00234448
     0.3000000        0.51613087        0.00196495
     0.4000000        0.46635765        0.00123429
     0.5000000        0.42802465        0.00166347
     0.6000000        0.39532519        0.00223991
     0.7000000        0.36644294        0.00303957
     0.8000000        0.34292171        0.00395979
     0.9000000        0.32289423        0.00502480
     1.0000000        0.30456790        0.00584811
     1.1000000        0.28975564        0.00625357
     1.2000000        0.27512799        0.00674907
     1.3000000        0.26219718        0.00708684
     1.4000000        0.25042125        0.00798367
     1.5000000        0.24073613        0.00857459
     1.6000000        0.23354370        0.00941276
     1.7000000        0.22443136        0.01026791
     1.8000000        0.21594681        0.01058651
     1.9000000        0.20746193        0.01103692
     2.0000000        0.20009231        0.01130085
     2.1000000        0.19437238        0.01150337
     2.2000000        0.18987721        0.01224708
     2.3000000        0.18521811        0.01277597
     2.4000000        0.18070750        0.01287520
     2.5000000        0.17486324        0.01315841
     2.6000000        0.17074349        0.01314726
     2.7000000        0.16645192        0.01358379
     2.8000000        0.16237528        0.01374885
     2.9000000        0.15728286        0.01376732
     3.0000000        0.15419164        0.01374761
     3.1000000        0.15017662        0.01347526
     3.2000000        0.14696465        0.01387378
     3.3000000        0.14432051        0.01414842
     3.4000000        0.14335718        0.01433122
     3.5000000        0.14177508        0.01453081
     3.6000000        0.14058756        0.01507467
     3.7000000        0.13831269        0.01564055
     3.8000000        0.13652424        0.01606718
     3.9000000        0.13500975        0.01619970
     4.0000000        0.13361566        0.01647712
     4.1000000        0.13326698        0.01648489
     4.2000000        0.13173743        0.01681065
     4.3000000        0.13146623        0.01738871
     4.4000000        0.13055185        0.01771096
     4.5000000        0.13053012        0.01741403
     4.6000000        0.13072846        0.01744186
     4.7000000        0.13048035        0.01725742
     4.8000000        0.12996537        0.01748409
     4.9000000        0.12949607        0.01800485
     5.0000000        0.13038464        0.01794683
     5.1000000        0.13118780        0.01785456
     5.2000000        0.13292112        0.01794588
     5.3000000        0.13445682        0.01734857
     5.4000000        0.13542643        0.01702982
     5.5000000        0.13528859        0.01680974
     5.6000000        0.13623682        0.01661388
     5.7000000        0.13559318        0.01639390
     5.8000000        0.13599857        0.01609342
     5.9000000        0.13553404        0.01562166
     6.0000000        0.13603533        0.01543841
     6.1000000        0.13655050        0.01560289
     6.2000000        0.13808103        0.01568598
     6.3000000        0.13921529        0.01552504
     6.4000000        0.14058514        0.01516424
     6.5000000        0.14252584        0.01499861
     6.6000000        0.14350466        0.01501526
     6.7000000        0.14442849        0.01459691
     6.8000000        0.14591003        0.01456721
     6.9000000        0.14878870        0.01456092
     7.0000000        0.15188478        0.01450365
     7.1000000        0.15501173        0.01436317
     7.2000000        0.15791305        0.01438044
     7.3000000        0.16110676        0.01436807
     7.4000000        0.16518824        0.01439621
     7.5000000        0.16913590        0.01448243
     7.6000000        0.17251409        0.01422461
     7.7000000        0.17687358        0.01397322
     7.8000000        0.18232867        0.01336372
     7.9000000        0.18744087        0.01293189
     8.0000000        0.19231983        0.01206996
     8.1000000        0.19762447        0.01106264
     8.2000000        0.20339693        0.01030229
     8.3000000        0.21147049        0.00967437
     8.4000000        0.21925633        0.00949184
     8.5000000        0.22881018        0.00944592
     8.6000000        0.23919086        0.00945715
     8.7000000        0.25104891        0.00924207
     8.8000000        0.26595384        0.00850365
     8.9000000        0.28121694        0.00812706
     9.0000000        0.29785481        0.00708552
     9.1000000        0.31485882        0.00621356
     9.2000000        0.33569081        0.00575056
     9.3000000        0.36120586        0.00489124
     9.4000000        0.39110827        0.00367889
     9.5000000        0.42481465        0.00305191
     9.6000000        0.46622857        0.00278355
     9.7000000        0.51567238        0.00259822
     9.8000000        0.57779715        0.00277218
     9.9000000        0.66058966        0.00270570
    10.0000000        0.77370997        0.00250619
