     0.0000000        0.22596529        0.01167583
     0.1000000        0.12867413        0.01213045
     0.2000000        0.07308171        0.01195882
     0.3000000        0.04366352        0.01059855
     0.4000000        0.02728285        0.00911925
     0.5000000        0.01755311        0.00787784
     0.6000000        0.01309766        0.00649302
     0.7000000        0.01333541        0.00497707
     0.8000000        0.01326640        0.00453841
     0.9000000        0.01294214        0.00403330
     1.0000000        0.01092023        0.00373968
     1.1000000        0.00814303        0.00366577
     1.2000000        0.00592737        0.00452981
     1.3000000        0.00712045        0.00441724
     1.4000000        0.00708151        0.00448544
     1.5000000        0.00895785        0.00389038
     1.6000000        0.01082117        0.00371129
     1.7000000        0.01138589        0.00356230
     1.8000000        0.01148530        0.00375439
     1.9000000        0.00907125        0.00371847
     2.0000000        0.00770220        0.00335417
     2.1000000        0.00754672        0.00338424
     2.2000000        0.00689183        0.00312024
     2.3000000        0.00529516        0.00319956
     2.4000000        0.00458041        0.00259860
     2.5000000        0.00430792        0.00242067
     2.6000000        0.00233216        0.00278211
     2.7000000       -0.00007052        0.00371598
     2.8000000       -0.00036749        0.00404858
     2.9000000       -0.00160311        0.00381475
     3.0000000       -0.00030008        0.00355445
     3.1000000       -0.00101742        0.00363784
     3.2000000       -0.00214631        0.00329374
     3.3000000       -0.00235366        0.00266126
     3.4000000       -0.00238730        0.00253122
     3.5000000       -0.00240333        0.00261104
     3.6000000       -0.00115861        0.00261875
     3.7000000        0.00044375        0.00235096
     3.8000000        0.00171121        0.00228823
     3.9000000        0.00122703        0.00253918
     4.0000000        0.00060020        0.00313308
     4.1000000       -0.00156969        0.00408130
     4.2000000       -0.00195376        0.00492409
     4.3000000       -0.00280407        0.00485271
     4.4000000       -0.00424334        0.00506961
     4.5000000       -0.00509818        0.00563303
     4.6000000       -0.00616090        0.00616609
     4.7000000       -0.00560133        0.00685644
     4.8000000       -0.00517548        0.00634671
     4.9000000       -0.00431904        0.00540189
     5.0000000       -0.00255971        0.00443270
     5.1000000       -0.00103469        0.00408786
     5.2000000        0.00058958        0.00397028
     5.3000000        0.00086442        0.00409395
     5.4000000        0.00189293        0.00408044
     5.5000000        0.00192410        0.00447150
     5.6000000        0.00037681        0.00455124
     5.7000000       -0.00162948        0.00543057
     5.8000000       -0.00213921        0.00573670
     5.9000000       -0.00209575        0.00534454
     6.0000000       -0.00241617        0.00542494
     6.1000000       -0.00338112        0.00473688
     6.2000000       -0.00373724        0.00432514
     6.3000000       -0.00310159        0.00390682
     6.4000000       -0.00289074        0.00409602
     6.5000000       -0.00197873        0.00396842
     6.6000000        0.00018165        0.00335143
     6.7000000        0.00045587        0.00354493
     6.8000000        0.00068905        0.00310876
     6.9000000       -0.00099950        0.00398926
     7.0000000       -0.00077223        0.00398056
     7.1000000        0.00035908        0.00313473
     7.2000000        0.00095148        0.00323823
     7.3000000        0.00052876        0.00360727
     7.4000000        0.00158319        0.00350726
     7.5000000       -0.00004625        0.00289242
     7.6000000       -0.00207736        0.00313065
     7.7000000       -0.00326485        0.00347574
     7.8000000       -0.00508094        0.00388710
     7.9000000       -0.00430221        0.00463144
     8.0000000       -0.00316903        0.00484406
     8.1000000       -0.00089514        0.00523795
     8.2000000        0.00013617        0.00588834
     8.3000000        0.00175925        0.00620671
     8.4000000        0.00348135        0.00605434
     8.5000000        0.00360309        0.00574774
     8.6000000        0.00363503        0.00521016
     8.7000000        0.00262222        0.00525345
     8.8000000        0.00279166        0.00517955
     8.9000000        0.00193642        0.00585547
     9.0000000        0.00107793        0.00696304
     9.1000000        0.00281043        0.00694009
     9.2000000        0.00415383        0.00762895
     9.3000000        0.00652341        0.00810496
     9.4000000        0.01017840        0.00782082
     9.5000000        0.01468341        0.00823634
     9.6000000        0.02514723        0.00884163
     9.7000000        0.04347044        0.01057172
     9.8000000        0.07345574        0.01131527
     9.9000000        0.12792410        0.01192602
    10.0000000        0.22596529        0.01167583
