     0.0000000        0.30742588        0.01436134
     0.1000000        0.16555070        0.01454313
     0.2000000        0.08980829        0.01500805
     0.3000000        0.05222566        0.01371682
     0.4000000        0.03339218        0.01152857
     0.5000000        0.02126552        0.00927013
     0.6000000        0.01377966        0.00777199
     0.7000000        0.01204161        0.00558181
     0.8000000        0.00942547        0.00469671
     0.9000000        0.00930573        0.00443092
     1.0000000        0.00787733        0.00410600
     1.1000000        0.00655852        0.00396784
     1.2000000        0.00559254        0.00433505
     1.3000000        0.00687686        0.00441351
     1.4000000        0.00851684        0.00398810
     1.5000000        0.00956865        0.00378651
     1.6000000        0.00983727        0.00394019
     1.7000000        0.01195281        0.00444223
     1.8000000        0.01265847        0.00407387
     1.9000000        0.01461370        0.00399570
     2.0000000        0.01296042        0.00401699
     2.1000000        0.00893955        0.00422249
     2.2000000        0.00625845        0.00405300
     2.3000000        0.00129646        0.00406601
     2.4000000       -0.00180973        0.00408947
     2.5000000       -0.00340785        0.00466231
     2.6000000       -0.00548731        0.00624926
     2.7000000       -0.00619761        0.00621798
     2.8000000       -0.00551639        0.00521521
     2.9000000       -0.00563241        0.00472643
     3.0000000       -0.00573139        0.00465663
     3.1000000       -0.00534665        0.00392234
     3.2000000       -0.00317885        0.00352361
     3.3000000       -0.00154043        0.00332345
     3.4000000       -0.00158637        0.00357389
     3.5000000       -0.00072270        0.00364267
     3.6000000       -0.00064022        0.00365359
     3.7000000        0.00094867        0.00367909
     3.8000000        0.00297787        0.00325972
     3.9000000        0.00499718        0.00325192
     4.0000000        0.00521541        0.00382906
     4.1000000        0.00490914        0.00362194
     4.2000000        0.00292140        0.00453231
     4.3000000        0.00072958        0.00570999
     4.4000000       -0.00386937        0.00673717
     4.5000000       -0.00564352        0.00710844
     4.6000000       -0.00919902        0.00867117
     4.7000000       -0.00787732        0.00894681
     4.8000000       -0.00669673        0.00802331
     4.9000000       -0.00331423        0.00795165
     5.0000000       -0.00110514        0.00912177
     5.1000000       -0.00031893        0.00861426
     5.2000000        0.00000909        0.00797504
     5.3000000        0.00143081        0.00607202
     5.4000000        0.00132993        0.00626192
     5.5000000       -0.00102336        0.00658612
     5.6000000       -0.00528011        0.00787115
     5.7000000       -0.00901826        0.00806787
     5.8000000       -0.01113026        0.00827735
     5.9000000       -0.01024242        0.00807083
     6.0000000       -0.00912122        0.00745195
     6.1000000       -0.00694294        0.00610099
     6.2000000       -0.00437340        0.00625410
     6.3000000       -0.00327631        0.00579687
     6.4000000       -0.00409175        0.00534623
     6.5000000       -0.00323416        0.00592635
     6.6000000       -0.00142453        0.00662824
     6.7000000        0.00033277        0.00719940
     6.8000000       -0.00052954        0.00652045
     6.9000000       -0.00056016        0.00688641
     7.0000000       -0.00184188        0.00649272
     7.1000000       -0.00398358        0.00591993
     7.2000000       -0.00630149        0.00522692
     7.3000000       -0.00541665        0.00482043
     7.4000000       -0.00321831        0.00430125
     7.5000000       -0.00347099        0.00472134
     7.6000000       -0.00143854        0.00494153
     7.7000000       -0.00113961        0.00503325
     7.8000000       -0.00178673        0.00565882
     7.9000000       -0.00167432        0.00552664
     8.0000000       -0.00318815        0.00560977
     8.1000000       -0.00129813        0.00559745
     8.2000000       -0.00139483        0.00533463
     8.3000000       -0.00087102        0.00505190
     8.4000000       -0.00160380        0.00480081
     8.5000000       -0.00046034        0.00413327
     8.6000000        0.00022468        0.00396574
     8.7000000       -0.00023175        0.00458236
     8.8000000        0.00029218        0.00562286
     8.9000000        0.00258640        0.00531855
     9.0000000        0.00517220        0.00556808
     9.1000000        0.00678615        0.00559348
     9.2000000        0.00607857        0.00694635
     9.3000000        0.01006134        0.00819425
     9.4000000        0.01587065        0.00870509
     9.5000000        0.02338654        0.00848263
     9.6000000        0.03677953        0.00816757
     9.7000000        0.06051346        0.00832870
     9.8000000        0.10148723        0.01009582
     9.9000000        0.17147642        0.01267734
    10.0000000        0.30742588        0.01436134
