     0.0000000        0.28133951        0.01380042
     0.1000000        0.10587902        0.00981633
     0.2000000        0.04481672        0.01045238
     0.3000000        0.01943436        0.01500330
     0.4000000        0.01288294        0.01610292
     0.5000000        0.01068349        0.01524942
     0.6000000        0.01005081        0.01424237
     0.7000000        0.00846932        0.01175743
     0.8000000        0.01126703        0.00715761
     0.9000000        0.01111980        0.00703124
     1.0000000        0.01102818        0.00486448
     1.1000000        0.01013088        0.00219895
     1.2000000        0.00889500        0.00059309
     1.3000000        0.00916089        0.00221099
     1.4000000        0.00726552        0.00176412
     1.5000000        0.00752815        0.00179106
     1.6000000        0.00762006        0.00078430
     1.7000000        0.00578935        0.00117118
     1.8000000        0.00460694        0.00284859
     1.9000000        0.00338517        0.00386662
     2.0000000        0.00168038        0.00423752
     2.1000000        0.00141607        0.00550751
     2.2000000        0.00174065        0.00553519
     2.3000000        0.00099667        0.00462444
     2.4000000        0.00073848        0.00358792
     2.5000000        0.00140130        0.00486147
     2.6000000        0.00361602        0.00743707
     2.7000000        0.00325901        0.00812064
     2.8000000        0.00255644        0.00781022
     2.9000000        0.00076870        0.00670431
     3.0000000       -0.00220959        0.00648135
     3.1000000       -0.00161851        0.00583686
     3.2000000        0.00113178        0.00467350
     3.3000000        0.00402354        0.00437523
     3.4000000        0.00350902        0.00392450
     3.5000000        0.00304653        0.00171830
     3.6000000        0.00343721        0.00166327
     3.7000000        0.00251199        0.00076092
     3.8000000        0.00301725        0.00083177
     3.9000000        0.00232040        0.00070367
     4.0000000        0.00089334        0.00215452
     4.1000000        0.00301934        0.00387638
     4.2000000        0.00320944        0.00427262
     4.3000000        0.00300084        0.00456804
     4.4000000        0.00273393        0.00437192
     4.5000000        0.00170369        0.00501224
     4.6000000        0.00038482        0.00487576
     4.7000000       -0.00122084        0.00552889
     4.8000000        0.00161696        0.00501344
     4.9000000        0.00159752        0.00370877
     5.0000000        0.00171145        0.00450459
     5.1000000        0.00029001        0.00565783
     5.2000000        0.00069414        0.00518485
     5.3000000        0.00140520        0.00412641
     5.4000000        0.00154590        0.00473777
     5.5000000       -0.00100282        0.00427957
     5.6000000       -0.00108462        0.00213041
     5.7000000       -0.00169243        0.00232325
     5.8000000       -0.00328129        0.00112772
     5.9000000       -0.00424750        0.00115769
     6.0000000       -0.00472219        0.00191319
     6.1000000       -0.00101463        0.00409611
     6.2000000       -0.00207073        0.00400991
     6.3000000       -0.00366891        0.00389617
     6.4000000       -0.00496370        0.00488232
     6.5000000       -0.00410384        0.00436020
     6.6000000       -0.00176170        0.00524417
     6.7000000       -0.00183143        0.00698180
     6.8000000       -0.00172358        0.00925200
     6.9000000       -0.00064752        0.00803638
     7.0000000       -0.00030271        0.00681096
     7.1000000       -0.00008984        0.00575357
     7.2000000       -0.00074984        0.00492478
     7.3000000       -0.00306575        0.00370266
     7.4000000       -0.00412380        0.00581128
     7.5000000       -0.00259857        0.00501595
     7.6000000       -0.00215708        0.00477362
     7.7000000       -0.00105840        0.00468139
     7.8000000        0.00044464        0.00310650
     7.9000000       -0.00047059        0.00299733
     8.0000000       -0.00243346        0.00445077
     8.1000000       -0.00445149        0.00635538
     8.2000000       -0.00521461        0.00770462
     8.3000000       -0.00550174        0.00938062
     8.4000000       -0.00606683        0.01013652
     8.5000000       -0.00611721        0.00869083
     8.6000000       -0.00427040        0.00605998
     8.7000000       -0.00247812        0.00631806
     8.8000000       -0.00109847        0.00553053
     8.9000000       -0.00069499        0.00543517
     9.0000000       -0.00094440        0.00326144
     9.1000000        0.00093191        0.00393794
     9.2000000        0.00278882        0.00354420
     9.3000000        0.00243841        0.00606039
     9.4000000        0.00214891        0.00789274
     9.5000000        0.00507998        0.00880900
     9.6000000        0.00882693        0.00995147
     9.7000000        0.01638113        0.00982370
     9.8000000        0.03773009        0.01010507
     9.9000000        0.10586992        0.01281853
    10.0000000        0.28133951        0.01380042
