     0.0000000        0.61656531        0.00658828
     0.1000000        0.50407563        0.00619835
     0.2000000        0.42288756        0.00626790
     0.3000000        0.36144401        0.00581222
     0.4000000        0.31337114        0.00515215
     0.5000000        0.27615872        0.00493119
     0.6000000        0.24499286        0.00405642
     0.7000000        0.21887144        0.00338341
     0.8000000        0.19763448        0.00315728
     0.9000000        0.17908972        0.00252408
     1.0000000        0.16456608        0.00265577
     1.1000000        0.15229743        0.00257579
     1.2000000        0.14164194        0.00271292
     1.3000000        0.13189474        0.00292512
     1.4000000        0.12361451        0.00344849
     1.5000000        0.11508954        0.00341538
     1.6000000        0.10689167        0.00322102
     1.7000000        0.09981906        0.00335140
     1.8000000        0.09341063        0.00360326
     1.9000000        0.08716471        0.00377171
     2.0000000        0.08126190        0.00369052
     2.1000000        0.07597601        0.00396000
     2.2000000        0.07095535        0.00396556
     2.3000000        0.06590548        0.00420812
     2.4000000        0.06118517        0.00414984
     2.5000000        0.05705730        0.00342589
     2.6000000        0.05284052        0.00256799
     2.7000000        0.05025499        0.00281638
     2.8000000        0.04707406        0.00314429
     2.9000000        0.04420099        0.00373590
     3.0000000        0.03982664        0.00441128
     3.1000000        0.03772527        0.00471062
     3.2000000        0.03703810        0.00398643
     3.3000000        0.03411216        0.00369128
     3.4000000        0.03115269        0.00361943
     3.5000000        0.02953709        0.00326144
     3.6000000        0.02812849        0.00305876
     3.7000000        0.02628958        0.00310426
     3.8000000        0.02599273        0.00325333
     3.9000000        0.02377444        0.00334459
     4.0000000        0.02283538        0.00322061
     4.1000000        0.02082726        0.00369033
     4.2000000        0.01844184        0.00410054
     4.3000000        0.01514513        0.00511640
     4.4000000        0.01476893        0.00577765
     4.5000000        0.01210597        0.00655287
     4.6000000        0.01187916        0.00606350
     4.7000000        0.01210769        0.00462810
     4.8000000        0.01237160        0.00352676
     4.9000000        0.01347340        0.00257628
     5.0000000        0.01221029        0.00243031
     5.1000000        0.01171058        0.00230298
     5.2000000        0.01101757        0.00225410
     5.3000000        0.01036809        0.00253906
     5.4000000        0.01033779        0.00303468
     5.5000000        0.01097847        0.00341496
     5.6000000        0.01123368        0.00358129
     5.7000000        0.01210548        0.00384187
     5.8000000        0.01182084        0.00496445
     5.9000000        0.01317472        0.00501829
     6.0000000        0.01359330        0.00508927
     6.1000000        0.01473397        0.00492210
     6.2000000        0.01744894        0.00413599
     6.3000000        0.01967119        0.00406134
     6.4000000        0.02233556        0.00378753
     6.5000000        0.02417188        0.00419886
     6.6000000        0.02677441        0.00360659
     6.7000000        0.02756149        0.00417761
     6.8000000        0.02757956        0.00509838
     6.9000000        0.02826236        0.00556073
     7.0000000        0.02909539        0.00597852
     7.1000000        0.03011516        0.00681410
     7.2000000        0.03171076        0.00726524
     7.3000000        0.03438425        0.00761373
     7.4000000        0.03814302        0.00700841
     7.5000000        0.04231803        0.00642731
     7.6000000        0.04804910        0.00487525
     7.7000000        0.05531522        0.00310624
     7.8000000        0.06117238        0.00347847
     7.9000000        0.06710723        0.00268018
     8.0000000        0.07327780        0.00264166
     8.1000000        0.08084327        0.00271865
     8.2000000        0.08891355        0.00289414
     8.3000000        0.09694228        0.00315620
     8.4000000        0.10529592        0.00342177
     8.5000000        0.11469818        0.00435371
     8.6000000        0.12383489        0.00482424
     8.7000000        0.13355912        0.00512731
     8.8000000        0.14393561        0.00463090
     8.9000000        0.15584254        0.00384660
     9.0000000        0.16848332        0.00413286
     9.1000000        0.18384665        0.00470067
     9.2000000        0.20004794        0.00517466
     9.3000000        0.21904715        0.00502552
     9.4000000        0.24404149        0.00453079
     9.5000000        0.27536908        0.00415204
     9.6000000        0.31288941        0.00409892
     9.7000000        0.35970014        0.00398745
     9.8000000        0.42123536        0.00441506
     9.9000000        0.50351766        0.00528802
    10.0000000        0.61656531        0.00658828
