   1.0000000000000000                1          16
 ( 0.99999999999999489     ,  0.0000000000000000     )
  -1.5707963267948966       -1.5707963267948966     
 ( 0.22968443985860953     , -3.5401978692359612E-016)
  -1.5707963267948966        0.0000000000000000     
 ( 0.15753186568817534     ,  1.5412865586383853E-016)
  -1.5707963267948966        1.5707963267948966     
 ( 0.22859334344645577     , -3.3306690738754696E-016)
  -1.5707963267948966        3.1415926535897931     
 ( 0.31152219716480001     , -6.8765733044005561E-016)
   0.0000000000000000       -1.5707963267948966     
 ( 0.15728824662611174     ,  6.7661025454311850E-016)
   0.0000000000000000        0.0000000000000000     
 (  16.000227456930123     ,  0.0000000000000000     )
   0.0000000000000000        1.5707963267948966     
 ( 0.15728824662611174     , -6.7661025454311850E-016)
   0.0000000000000000        3.1415926535897931     
 ( 0.23011355858102667     ,  9.7455950390836984E-016)
   1.5707963267948966       -1.5707963267948966     
 ( 0.22859334344645577     ,  3.3306690738754696E-016)
   1.5707963267948966        0.0000000000000000     
 ( 0.15753186568817534     , -1.5412865586383853E-016)
   1.5707963267948966        1.5707963267948966     
 ( 0.22968443985860953     ,  3.5401978692359612E-016)
   1.5707963267948966        3.1415926535897931     
 ( 0.31152219716480001     ,  6.4575157136795719E-016)
   3.1415926535897931       -1.5707963267948966     
 ( 0.31127753483075804     , -2.3252104469305589E-016)
   3.1415926535897931        0.0000000000000000     
 ( 0.22785098499264844     ,  9.7439112650277079E-016)
   3.1415926535897931        1.5707963267948966     
 ( 0.31127753483075804     ,  1.9061528562095757E-016)
   3.1415926535897931        3.1415926535897931     
 ( 0.37429244533887096     , -2.3911246963664712E-018)
   1.0000000000000000                1          16
 ( 0.99999999999999689     ,  0.0000000000000000     )
  -1.5707963267948966       -1.5707963267948966     
 ( 0.22692850891407390     , -2.4296885614309558E-016)
  -1.5707963267948966        0.0000000000000000     
 ( 0.15499584899664653     ,  1.0424466957779088E-015)
  -1.5707963267948966        1.5707963267948966     
 ( 0.22546284023526897     ,  0.0000000000000000     )
  -1.5707963267948966        3.1415926535897931     
 ( 0.30987945775485537     , -6.8758058554229170E-016)
   0.0000000000000000       -1.5707963267948966     
 ( 0.15743976993122821     ,  3.4352903299657912E-016)
   0.0000000000000000        0.0000000000000000     
 (  16.000147842127447     ,  0.0000000000000000     )
   0.0000000000000000        1.5707963267948966     
 ( 0.15743976993122821     , -3.4352903299657912E-016)
   0.0000000000000000        3.1415926535897931     
 ( 0.22944092666000981     ,  9.7449488582819222E-016)
   1.5707963267948966       -1.5707963267948966     
 ( 0.22546284023526897     ,  0.0000000000000000     )
   1.5707963267948966        0.0000000000000000     
 ( 0.15499584899664653     , -1.0424466957779088E-015)
   1.5707963267948966        1.5707963267948966     
 ( 0.22692850891407390     ,  2.4296885614309558E-016)
   1.5707963267948966        3.1415926535897931     
 ( 0.30987945775485537     ,  6.4573208310616315E-016)
   3.1415926535897931       -1.5707963267948966     
 ( 0.30924062371020944     , -1.2148442807154779E-016)
   3.1415926535897931        0.0000000000000000     
 ( 0.22741890867722614     ,  9.7467036693066099E-016)
   3.1415926535897931        1.5707963267948966     
 ( 0.30924062371020944     ,  7.9635925635419267E-017)
   3.1415926535897931        3.1415926535897931     
 ( 0.37325120520245825     , -2.1356564822591536E-018)
   1.0000000000000000                1          16
 (  1.0000000000000091     ,  0.0000000000000000     )
  -1.5707963267948966       -1.5707963267948966     
 ( 0.22595385010943747     , -1.3204135913169545E-016)
  -1.5707963267948966        0.0000000000000000     
 ( 0.15361990057241526     ,  4.8746286839476066E-016)
  -1.5707963267948966        1.5707963267948966     
 ( 0.22873706605065958     ,  3.3306690738754696E-016)
  -1.5707963267948966        3.1415926535897931     
 ( 0.31051450948380288     ,  2.0030368301310528E-016)
   0.0000000000000000       -1.5707963267948966     
 ( 0.15595994080233400     ,  5.6562104064716819E-016)
   0.0000000000000000        0.0000000000000000     
 (  16.000037580880015     ,  0.0000000000000000     )
   0.0000000000000000        1.5707963267948966     
 ( 0.15595994080233400     , -5.6562104064716819E-016)
   0.0000000000000000        3.1415926535897931     
 ( 0.22399659602731437     ,  9.7433599197046223E-016)
   1.5707963267948966       -1.5707963267948966     
 ( 0.22873706605065958     , -3.3306690738754696E-016)
   1.5707963267948966        0.0000000000000000     
 ( 0.15361990057241526     , -4.8746286839476066E-016)
   1.5707963267948966        1.5707963267948966     
 ( 0.22595385010943747     ,  1.3204135913169545E-016)
   1.5707963267948966        3.1415926535897931     
 ( 0.31051450948380288     , -2.4234179635146485E-016)
   3.1415926535897931       -1.5707963267948966     
 ( 0.30875312972944835     , -1.2153183079710555E-016)
   3.1415926535897931        0.0000000000000000     
 ( 0.22894777936483679     ,  9.7492573678952152E-016)
   3.1415926535897931        1.5707963267948966     
 ( 0.30875312972944813     ,  7.9493717458745984E-017)
   3.1415926535897931        3.1415926535897931     
 ( 0.37345451482020964     , -2.3685816218451047E-018)
   1.0000000000000000                1          16
 ( 0.99999999999999778     ,  0.0000000000000000     )
  -1.5707963267948966       -1.5707963267948966     
 ( 0.22823276876586029     ,  5.3407059502798416E-016)
  -1.5707963267948966        0.0000000000000000     
 ( 0.15451339746167347     ,  1.3755353726016300E-015)
  -1.5707963267948966        1.5707963267948966     
 ( 0.22805458846686788     ,  3.3306690738754696E-016)
  -1.5707963267948966        3.1415926535897931     
 ( 0.31097642153779015     , -1.3265151894386325E-016)
   0.0000000000000000       -1.5707963267948966     
 ( 0.15760333100020874     ,  4.5460966849235967E-016)
   0.0000000000000000        0.0000000000000000     
 (  16.000050633007795     ,  0.0000000000000000     )
   0.0000000000000000        1.5707963267948966     
 ( 0.15760333100020874     , -4.5460966849235967E-016)
   0.0000000000000000        3.1415926535897931     
 ( 0.22949791613922954     ,  9.7447239263153703E-016)
   1.5707963267948966       -1.5707963267948966     
 ( 0.22805458846686788     , -3.3306690738754696E-016)
   1.5707963267948966        0.0000000000000000     
 ( 0.15451339746167347     , -1.3755353726016300E-015)
   1.5707963267948966        1.5707963267948966     
 ( 0.22823276876586029     , -5.3407059502798416E-016)
   1.5707963267948966        3.1415926535897931     
 ( 0.31097642153779015     ,  9.0569684374674958E-017)
   3.1415926535897931       -1.5707963267948966     
 ( 0.30844372651372254     , -6.7665427341739098E-016)
   3.1415926535897931        0.0000000000000000     
 ( 0.22726225847243053     ,  9.7471390580300982E-016)
   3.1415926535897931        1.5707963267948966     
 ( 0.30844372651372254     ,  6.3457243884820276E-016)
   3.1415926535897931        3.1415926535897931     
 ( 0.37323961694940555     , -2.1799256518513279E-018)
   1.0000000000000000                1          16
 (  1.0000000000000075     ,  0.0000000000000000     )
  -1.5707963267948966       -1.5707963267948966     
 ( 0.23074155159361720     ,  5.3426657294910958E-016)
  -1.5707963267948966        0.0000000000000000     
 ( 0.15853589074821284     ,  5.9815783297656254E-016)
  -1.5707963267948966        1.5707963267948966     
 ( 0.22969613588077276     ,  3.3306690738754696E-016)
  -1.5707963267948966        3.1415926535897931     
 ( 0.31333973679410265     , -3.5460605569039660E-016)
   0.0000000000000000       -1.5707963267948966     
 ( 0.15957927882354839     ,  6.7655628445682822E-016)
   0.0000000000000000        0.0000000000000000     
 (  16.000200721777290     ,  0.0000000000000000     )
   0.0000000000000000        1.5707963267948966     
 ( 0.15957927882354839     , -6.7655628445682822E-016)
   0.0000000000000000        3.1415926535897931     
 ( 0.23073341627438360     ,  9.7431525166467409E-016)
   1.5707963267948966       -1.5707963267948966     
 ( 0.22969613588077276     , -3.3306690738754696E-016)
   1.5707963267948966        0.0000000000000000     
 ( 0.15853589074821284     , -5.9815783297656254E-016)
   1.5707963267948966        1.5707963267948966     
 ( 0.23074155159361720     , -5.3426657294910958E-016)
   1.5707963267948966        3.1415926535897931     
 ( 0.31333973679410265     ,  3.1291617696345932E-016)
   3.1415926535897931       -1.5707963267948966     
 ( 0.31167349424330815     , -1.0422469681734343E-017)
   3.1415926535897931        0.0000000000000000     
 ( 0.22792495226054688     ,  9.7427106102809378E-016)
   3.1415926535897931        1.5707963267948966     
 ( 0.31167349424330815     , -3.1267409045203028E-017)
   3.1415926535897931        3.1415926535897931     
 ( 0.37327147261350546     , -2.7447487201335823E-018)
   1.0000000000000000                1          16
 (  1.0000000000000049     ,  0.0000000000000000     )
  -1.5707963267948966       -1.5707963267948966     
 ( 0.22910206488436546     ,  7.5613368949668756E-016)
  -1.5707963267948966        0.0000000000000000     
 ( 0.15844387470470189     ,  7.0925210139170136E-016)
  -1.5707963267948966        1.5707963267948966     
 ( 0.22900363904832577     , -3.3306690738754696E-016)
  -1.5707963267948966        3.1415926535897931     
 ( 0.31025102291124873     ,  2.0048470651928329E-016)
   0.0000000000000000       -1.5707963267948966     
 ( 0.15537118122689830     ,  1.2153351633297666E-016)
   0.0000000000000000        0.0000000000000000     
 (  16.000117175115093     ,  0.0000000000000000     )
   0.0000000000000000        1.5707963267948966     
 ( 0.15537118122689830     , -1.2153351633297666E-016)
   0.0000000000000000        3.1415926535897931     
 ( 0.22851009839970460     ,  9.7468934027634053E-016)
   1.5707963267948966       -1.5707963267948966     
 ( 0.22900363904832577     ,  3.3306690738754696E-016)
   1.5707963267948966        0.0000000000000000     
 ( 0.15844387470470189     , -7.0925210139170136E-016)
   1.5707963267948966        1.5707963267948966     
 ( 0.22910206488436546     , -7.5613368949668756E-016)
   1.5707963267948966        3.1415926535897931     
 ( 0.31025102291124873     , -2.4252956200112737E-016)
   3.1415926535897931       -1.5707963267948966     
 ( 0.31148742142419072     ,  1.0051108859205465E-016)
   3.1415926535897931        0.0000000000000000     
 ( 0.23017505323085741     ,  9.7441499293333971E-016)
   3.1415926535897931        1.5707963267948966     
 ( 0.31148742142419050     , -1.4255594407389868E-016)
   3.1415926535897931        3.1415926535897931     
 ( 0.37443682327760464     , -2.1993487272035322E-018)
   1.0000000000000000                1          16
 ( 0.99999999999998657     ,  0.0000000000000000     )
  -1.5707963267948966       -1.5707963267948966     
 ( 0.22971402095598703     ,  6.4525274513650033E-016)
  -1.5707963267948966        0.0000000000000000     
 ( 0.15915271455360325     ,  1.1533035888317098E-015)
  -1.5707963267948966        1.5707963267948966     
 ( 0.22917968521795651     , -2.2204460492503131E-016)
  -1.5707963267948966        3.1415926535897931     
 ( 0.31139289991868913     ,  8.9505093207546770E-017)
   0.0000000000000000       -1.5707963267948966     
 ( 0.15830959523371313     , -2.1160407010573451E-016)
   0.0000000000000000        0.0000000000000000     
 (  15.999970229201486     ,  0.0000000000000000     )
   0.0000000000000000        1.5707963267948966     
 ( 0.15830959523371313     ,  2.1160407010573451E-016)
   0.0000000000000000        3.1415926535897931     
 ( 0.22884869329704671     ,  9.7434122346126345E-016)
   1.5707963267948966       -1.5707963267948966     
 ( 0.22917968521795651     ,  2.2204460492503131E-016)
   1.5707963267948966        0.0000000000000000     
 ( 0.15915271455360325     , -1.1533035888317098E-015)
   1.5707963267948966        1.5707963267948966     
 ( 0.22971402095598703     , -6.4525274513650033E-016)
   1.5707963267948966        3.1415926535897931     
 ( 0.31139289991868913     , -1.3126723248473403E-016)
   3.1415926535897931       -1.5707963267948966     
 ( 0.31172667569385493     , -2.3248513974432810E-016)
   3.1415926535897931        0.0000000000000000     
 ( 0.23050757142712486     ,  9.7433954811323173E-016)
   3.1415926535897931        1.5707963267948966     
 ( 0.31172667569385493     ,  1.9072300046714097E-016)
   3.1415926535897931        3.1415926535897931     
 ( 0.37315920986618267     , -2.4838572193612426E-018)
   1.0000000000000000                1          16
 (  1.0000000000000111     ,  0.0000000000000000     )
  -1.5707963267948966       -1.5707963267948966     
 ( 0.22809820578544970     ,  8.9871277739183253E-017)
  -1.5707963267948966        0.0000000000000000     
 ( 0.15706205670124518     ,  5.9824539192966505E-016)
  -1.5707963267948966        1.5707963267948966     
 ( 0.22903947629213550     , -7.7715611723760958E-016)
  -1.5707963267948966        3.1415926535897931     
 ( 0.30998753274234103     , -5.7682168641137024E-016)
   0.0000000000000000       -1.5707963267948966     
 ( 0.15382984995662519     , -5.4453599995091205E-016)
   0.0000000000000000        0.0000000000000000     
 (  16.000014368516535     ,  0.0000000000000000     )
   0.0000000000000000        1.5707963267948966     
 ( 0.15382984995662519     ,  5.4453599995091205E-016)
   0.0000000000000000        3.1415926535897931     
 ( 0.22832643159832822     ,  9.7486055748038332E-016)
   1.5707963267948966       -1.5707963267948966     
 ( 0.22903947629213550     ,  7.7715611723760958E-016)
   1.5707963267948966        0.0000000000000000     
 ( 0.15706205670124518     , -5.9824539192966505E-016)
   1.5707963267948966        1.5707963267948966     
 ( 0.22809820578544970     , -8.9871277739183253E-017)
   1.5707963267948966        3.1415926535897931     
 ( 0.30998753274234103     ,  5.3451963696470524E-016)
   3.1415926535897931       -1.5707963267948966     
 ( 0.30776104745051247     ,  1.0044679010084945E-016)
   3.1415926535897931        0.0000000000000000     
 ( 0.22802352986862939     ,  9.7444617893429880E-016)
   3.1415926535897931        1.5707963267948966     
 ( 0.30776104745051247     , -1.4274883954751423E-016)
   3.1415926535897931        3.1415926535897931     
 ( 0.37338542931671870     , -1.9824790749256262E-018)
   1.0000000000000000                1          16
 ( 0.99999999999999034     ,  0.0000000000000000     )
  -1.5707963267948966       -1.5707963267948966     
 ( 0.22903598128164260     , -2.4302996502995264E-016)
  -1.5707963267948966        0.0000000000000000     
 ( 0.15676831754032128     ,  8.2034970295059997E-016)
  -1.5707963267948966        1.5707963267948966     
 ( 0.22901727850837050     ,  6.6613381477509392E-016)
  -1.5707963267948966        3.1415926535897931     
 ( 0.31099217336101426     ,  4.2246957757163845E-016)
   0.0000000000000000       -1.5707963267948966     
 ( 0.15645497483955884     ,  1.2317380071401328E-015)
   0.0000000000000000        0.0000000000000000     
 (  16.000150911127569     ,  0.0000000000000000     )
   0.0000000000000000        1.5707963267948966     
 ( 0.15645497483955884     , -1.2317380071401328E-015)
   0.0000000000000000        3.1415926535897931     
 ( 0.22773506934696197     ,  9.7451122273102256E-016)
   1.5707963267948966       -1.5707963267948966     
 ( 0.22901727850837050     , -6.6613381477509392E-016)
   1.5707963267948966        0.0000000000000000     
 ( 0.15676831754032128     , -8.2034970295059997E-016)
   1.5707963267948966        1.5707963267948966     
 ( 0.22903598128164260     ,  2.4302996502995264E-016)
   1.5707963267948966        3.1415926535897931     
 ( 0.31099217336101426     , -4.6444029778148101E-016)
   3.1415926535897931       -1.5707963267948966     
 ( 0.31121074349857791     ,  1.0052962241005499E-016)
   3.1415926535897931        0.0000000000000000     
 ( 0.22924965802184205     ,  9.7456559112610583E-016)
   3.1415926535897931        1.5707963267948966     
 ( 0.31121074349857769     , -1.4250034261989767E-016)
   3.1415926535897931        3.1415926535897931     
 ( 0.37353237601397382     , -2.4711140073113555E-018)
   1.0000000000000000                1          16
 (  1.0000000000000000     ,  0.0000000000000000     )
  -1.5707963267948966       -1.5707963267948966     
 ( 0.22770169455994882     ,  4.2306227414457161E-016)
  -1.5707963267948966        0.0000000000000000     
 ( 0.15590319130161778     ,  1.5421798277359078E-016)
  -1.5707963267948966        1.5707963267948966     
 ( 0.22774278671255732     , -2.2204460492503131E-016)
  -1.5707963267948966        3.1415926535897931     
 ( 0.30770966263578736     ,  2.0054368874226818E-016)
   0.0000000000000000       -1.5707963267948966     
 ( 0.15702301684154207     , -2.1153113707228580E-016)
   0.0000000000000000        0.0000000000000000     
 (  16.000084460850957     ,  0.0000000000000000     )
   0.0000000000000000        1.5707963267948966     
 ( 0.15702301684154207     ,  2.1153113707228580E-016)
   0.0000000000000000        3.1415926535897931     
 ( 0.22759652215944526     ,  9.7442910517465765E-016)
   1.5707963267948966       -1.5707963267948966     
 ( 0.22774278671255732     ,  2.2204460492503131E-016)
   1.5707963267948966        0.0000000000000000     
 ( 0.15590319130161778     , -1.5421798277359078E-016)
   1.5707963267948966        1.5707963267948966     
 ( 0.22770169455994882     , -4.2306227414457161E-016)
   1.5707963267948966        3.1415926535897931     
 ( 0.30770966263578736     , -2.4259756015325032E-016)
   3.1415926535897931       -1.5707963267948966     
 ( 0.30932793025092176     , -1.0513467852745503E-017)
   3.1415926535897931        0.0000000000000000     
 ( 0.22765427058638787     ,  9.7456978032227553E-016)
   3.1415926535897931        1.5707963267948966     
 ( 0.30932793025092153     , -3.1540403558236534E-017)
   3.1415926535897931        3.1415926535897931     
 ( 0.37234142586598618     , -2.0905664632814604E-018)
