   -1.000000     -1.000000
  1    1       -0.00518564        0.00010029       -0.00000000        0.00000000
   -1.000000      0.000000
  1    1       -0.04252501        0.00012611       -0.00000000        0.00000000
   -1.000000      1.000000
  1    1       -0.00524472        0.00002252       -0.00000000        0.00000000
   -1.000000      2.000000
  1    1       -0.00420460        0.00006726       -0.00000000        0.00000000
    0.000000     -1.000000
  1    1       -0.04253144        0.00010957        0.00000000        0.00000000
    0.000000      0.000000
  1    1        0.22584293        0.00038780        0.00000000        0.00000000
    0.000000      1.000000
  1    1       -0.04253144        0.00010957        0.00000000        0.00000000
    0.000000      2.000000
  1    1       -0.00520601        0.00011369        0.00000000        0.00000000
    1.000000     -1.000000
  1    1       -0.00524472        0.00002252       -0.00000000        0.00000000
    1.000000      0.000000
  1    1       -0.04252501        0.00012611        0.00000000        0.00000000
    1.000000      1.000000
  1    1       -0.00518564        0.00010029       -0.00000000        0.00000000
    1.000000      2.000000
  1    1       -0.00420460        0.00006726       -0.00000000        0.00000000
    2.000000     -1.000000
  1    1       -0.00405754        0.00011232        0.00000000        0.00000000
    2.000000      0.000000
  1    1       -0.00535126        0.00012991        0.00000000        0.00000000
    2.000000      1.000000
  1    1       -0.00405754        0.00011232       -0.00000000        0.00000000
    2.000000      2.000000
  1    1       -0.00770952        0.00014799        0.00000000        0.00000000
