   -1.570796     -1.570796
  1    1        0.22857252        0.00054322        0.00000000        0.00000000
   -1.570796      0.000000
  1    1        0.15674992        0.00074842        0.00000000        0.00000000
   -1.570796      1.570796
  1    1        0.22880883        0.00023776        0.00000000        0.00000000
   -1.570796      3.141593
  1    1        0.31064549        0.00059371        0.00000000        0.00000000
    0.000000     -1.570796
  1    1        0.15676640        0.00067578        0.00000000        0.00000000
    0.000000      0.000000
  1    1        0.00007826        0.00002857        0.00000000        0.00000000
    0.000000      1.570796
  1    1        0.15676640        0.00067578       -0.00000000        0.00000000
    0.000000      3.141593
  1    1        0.22815559        0.00074050        0.00000000        0.00000000
    1.570796     -1.570796
  1    1        0.22880883        0.00023776       -0.00000000        0.00000000
    1.570796      0.000000
  1    1        0.15674992        0.00074842       -0.00000000        0.00000000
    1.570796      1.570796
  1    1        0.22857252        0.00054322       -0.00000000        0.00000000
    1.570796      3.141593
  1    1        0.31064549        0.00059371       -0.00000000        0.00000000
    3.141593     -1.570796
  1    1        0.31004802        0.00062078       -0.00000000        0.00000000
    3.141593      0.000000
  1    1        0.22871813        0.00045227        0.00000000        0.00000000
    3.141593      1.570796
  1    1        0.31004802        0.00062078        0.00000000        0.00000000
    3.141593      3.141593
  1    1        0.37335261        0.00021658       -0.00000000        0.00000000
