           2 ( -13.899320305466334     ,  0.0000000000000000     )   1.0000000000000000     
           2 ( -13.849683298588145     ,  0.0000000000000000     )   1.0000000000000000     
           2 ( -13.921703767547651     ,  0.0000000000000000     )   1.0000000000000000     
           2 ( -13.900879117347934     ,  0.0000000000000000     )   1.0000000000000000     
           2 ( -13.823244330965995     ,  0.0000000000000000     )   1.0000000000000000     
           2 ( -13.885327046213400     ,  0.0000000000000000     )   1.0000000000000000     
           2 ( -13.810606883679592     ,  0.0000000000000000     )   1.0000000000000000     
           2 ( -13.899976347512396     ,  0.0000000000000000     )   1.0000000000000000     
           2 ( -13.845101985066240     ,  0.0000000000000000     )   1.0000000000000000     
           2 ( -13.866735990338006     ,  0.0000000000000000     )   1.0000000000000000     
