   1.0000000000000000                1          16
 (  0.0000000000000000     ,  0.0000000000000000     )
  -1.5707963267948966       -1.5707963267948966     
 ( 0.99999999999990608     , -1.0833139940658043E-012)
  -1.5707963267948966        0.0000000000000000     
 (  1.8547276189939665     , -1.1115141042026084E-003)
  -1.5707963267948966        1.5707963267948966     
 (  1.0000000000004450     ,  1.0714901188535464E-012)
  -1.5707963267948966        3.1415926535897931     
 ( 0.14527238100596629     ,  1.1115141029012605E-003)
   0.0000000000000000       -1.5707963267948966     
 (  1.8518514022483414     ,  6.8885428293689877E-004)
   0.0000000000000000        0.0000000000000000     
 (  1.9369059422089947     ,  0.0000000000000000     )
   0.0000000000000000        1.5707963267948966     
 (  1.8518514022483414     , -6.8885428293689877E-004)
   0.0000000000000000        3.1415926535897931     
 ( 0.99270999696013329     , -4.7483510413537662E-017)
   1.5707963267948966       -1.5707963267948966     
 (  1.0000000000004450     , -1.0714901188535464E-012)
   1.5707963267948966        0.0000000000000000     
 (  1.8547276189939665     ,  1.1115141042026084E-003)
   1.5707963267948966        1.5707963267948966     
 ( 0.99999999999990608     ,  1.0833139940658043E-012)
   1.5707963267948966        3.1415926535897931     
 ( 0.14527238100596634     , -1.1115141029012605E-003)
   3.1415926535897931       -1.5707963267948966     
 ( 0.14814859775121952     , -6.8885428198200982E-004)
   3.1415926535897931        0.0000000000000000     
 (  1.0072900030401639     , -4.6722495949523558E-017)
   3.1415926535897931        1.5707963267948966     
 ( 0.14814859775121952     ,  6.8885428198202370E-004)
   3.1415926535897931        3.1415926535897931     
 (  6.3094057790936561E-002,  9.4206006363193551E-017)
   1.0000000000000000                1          16
 (  0.0000000000000000     ,  0.0000000000000000     )
  -1.5707963267948966       -1.5707963267948966     
 (  1.0000000000007809     , -1.7647550087929176E-012)
  -1.5707963267948966        0.0000000000000000     
 (  1.8474271851800590     ,  9.1912248907350335E-004)
  -1.5707963267948966        1.5707963267948966     
 (  1.0000000000002021     , -7.0024541720670186E-013)
  -1.5707963267948966        3.1415926535897931     
 ( 0.15257281481924762     , -9.1912248973022802E-004)
   0.0000000000000000       -1.5707963267948966     
 (  1.8473295536721315     ,  3.0377741205433323E-003)
   0.0000000000000000        0.0000000000000000     
 (  1.9359919189086030     ,  0.0000000000000000     )
   0.0000000000000000        1.5707963267948966     
 (  1.8473295536721315     , -3.0377741205433323E-003)
   0.0000000000000000        3.1415926535897931     
 ( 0.98479070728261131     , -4.7758287814300524E-017)
   1.5707963267948966       -1.5707963267948966     
 (  1.0000000000002021     ,  7.0024541720670186E-013)
   1.5707963267948966        0.0000000000000000     
 (  1.8474271851800590     , -9.1912248907350335E-004)
   1.5707963267948966        1.5707963267948966     
 (  1.0000000000007809     ,  1.7647550087929176E-012)
   1.5707963267948966        3.1415926535897931     
 ( 0.15257281481924767     ,  9.1912248973022802E-004)
   3.1415926535897931       -1.5707963267948966     
 ( 0.15267044632780233     , -3.0377741195809632E-003)
   3.1415926535897931        0.0000000000000000     
 (  1.0152092927170653     , -4.5648183067424962E-017)
   3.1415926535897931        1.5707963267948966     
 ( 0.15267044632780233     ,  3.0377741195809632E-003)
   3.1415926535897931        3.1415926535897931     
 (  6.4008081091223273E-002,  9.3406470881720193E-017)
   1.0000000000000000                1          16
 (  0.0000000000000000     ,  0.0000000000000000     )
  -1.5707963267948966       -1.5707963267948966     
 (  1.0000000000002764     , -1.9012569296705803E-014)
  -1.5707963267948966        0.0000000000000000     
 (  1.8509923723448805     , -8.6311578960147494E-004)
  -1.5707963267948966        1.5707963267948966     
 ( 0.99999999999946565     ,  3.4380831515079535E-013)
  -1.5707963267948966        3.1415926535897931     
 ( 0.14900762765522457     ,  8.6311578952747846E-004)
   0.0000000000000000       -1.5707963267948966     
 (  1.8518261736903778     ,  3.0132766076013118E-004)
   0.0000000000000000        0.0000000000000000     
 (  1.9357727410552197     ,  0.0000000000000000     )
   0.0000000000000000        1.5707963267948966     
 (  1.8518261736903778     , -3.0132766076013118E-004)
   0.0000000000000000        3.1415926535897931     
 (  1.0034958765987463     , -4.6841906392035820E-017)
   1.5707963267948966       -1.5707963267948966     
 ( 0.99999999999946565     , -3.4380831515079535E-013)
   1.5707963267948966        0.0000000000000000     
 (  1.8509923723448805     ,  8.6311578960147494E-004)
   1.5707963267948966        1.5707963267948966     
 (  1.0000000000002764     ,  1.9012569296705803E-014)
   1.5707963267948966        3.1415926535897931     
 ( 0.14900762765522463     , -8.6311578952747846E-004)
   3.1415926535897931       -1.5707963267948966     
 ( 0.14817382630960665     , -3.0132766075395556E-004)
   3.1415926535897931        0.0000000000000000     
 ( 0.99650412340192818     , -4.7025313391365297E-017)
   3.1415926535897931        1.5707963267948966     
 ( 0.14817382630960665     ,  3.0132766075391393E-004)
   3.1415926535897931        3.1415926535897931     
 (  6.4227258944588028E-002,  9.3867219783457538E-017)
   1.0000000000000000                1          16
 (  0.0000000000000000     ,  0.0000000000000000     )
  -1.5707963267948966       -1.5707963267948966     
 (  1.0000000000003264     ,  7.6537387538877510E-013)
  -1.5707963267948966        0.0000000000000000     
 (  1.8529172111646153     ,  1.3901279829645528E-003)
  -1.5707963267948966        1.5707963267948966     
 ( 0.99999999999985700     , -1.4039186480019339E-012)
  -1.5707963267948966        3.1415926535897931     
 ( 0.14708278883545084     , -1.3901279835877209E-003)
   0.0000000000000000       -1.5707963267948966     
 (  1.8497810925510170     ,  2.9607582953017769E-003)
   0.0000000000000000        0.0000000000000000     
 (  1.9363363089680778     ,  0.0000000000000000     )
   0.0000000000000000        1.5707963267948966     
 (  1.8497810925510170     , -2.9607582953017769E-003)
   0.0000000000000000        3.1415926535897931     
 ( 0.98002704154698872     , -4.8319685610582337E-017)
   1.5707963267948966       -1.5707963267948966     
 ( 0.99999999999985700     ,  1.4039186480019339E-012)
   1.5707963267948966        0.0000000000000000     
 (  1.8529172111646153     , -1.3901279829645528E-003)
   1.5707963267948966        1.5707963267948966     
 (  1.0000000000003264     , -7.6537387538877510E-013)
   1.5707963267948966        3.1415926535897931     
 ( 0.14708278883545078     ,  1.3901279835877209E-003)
   3.1415926535897931       -1.5707963267948966     
 ( 0.15021890744897703     , -2.9607582955070849E-003)
   3.1415926535897931        0.0000000000000000     
 (  1.0199729584524944     , -4.6065420670439856E-017)
   3.1415926535897931        1.5707963267948966     
 ( 0.15021890744897703     ,  2.9607582955070988E-003)
   3.1415926535897931        3.1415926535897931     
 (  6.3663691031915604E-002,  9.4385106281052250E-017)
   1.0000000000000000                1          16
 (  0.0000000000000000     ,  0.0000000000000000     )
  -1.5707963267948966       -1.5707963267948966     
 ( 0.99999999999977118     , -2.5826563110342726E-014)
  -1.5707963267948966        0.0000000000000000     
 (  1.8519296077613667     ,  7.2936297025304642E-004)
  -1.5707963267948966        1.5707963267948966     
 ( 0.99999999999972367     ,  1.0165479569224090E-013)
  -1.5707963267948966        3.1415926535897931     
 ( 0.14807039223778895     , -7.2936296988794958E-004)
   0.0000000000000000       -1.5707963267948966     
 (  1.8500372617519263     , -1.6302360469179072E-003)
   0.0000000000000000        0.0000000000000000     
 (  1.9357543566310151     ,  0.0000000000000000     )
   0.0000000000000000        1.5707963267948966     
 (  1.8500372617519263     ,  1.6302360469179072E-003)
   0.0000000000000000        3.1415926535897931     
 ( 0.98819348417542252     , -4.7324406549240918E-017)
   1.5707963267948966       -1.5707963267948966     
 ( 0.99999999999972367     , -1.0165479569224090E-013)
   1.5707963267948966        0.0000000000000000     
 (  1.8519296077613667     , -7.2936297025304642E-004)
   1.5707963267948966        1.5707963267948966     
 ( 0.99999999999977118     ,  2.5826563110342726E-014)
   1.5707963267948966        3.1415926535897931     
 ( 0.14807039223778901     ,  7.2936296988794958E-004)
   3.1415926535897931       -1.5707963267948966     
 ( 0.14996273824861064     ,  1.6302360472702643E-003)
   3.1415926535897931        0.0000000000000000     
 (  1.0118065158251548     , -4.6399238454539415E-017)
   3.1415926535897931        1.5707963267948966     
 ( 0.14996273824861064     , -1.6302360472702643E-003)
   3.1415926535897931        3.1415926535897931     
 (  6.4245643370153857E-002,  9.3723645003943929E-017)
   1.0000000000000000                1          16
 (  0.0000000000000000     ,  0.0000000000000000     )
  -1.5707963267948966       -1.5707963267948966     
 (  1.0000000000009510     ,  8.6299023482894199E-013)
  -1.5707963267948966        0.0000000000000000     
 (  1.8512550275710169     , -2.9628384051758978E-003)
  -1.5707963267948966        1.5707963267948966     
 ( 0.99999999999988809     , -2.5323493302309430E-012)
  -1.5707963267948966        3.1415926535897931     
 ( 0.14874497242855370     ,  2.9628384048992584E-003)
   0.0000000000000000       -1.5707963267948966     
 (  1.8516675151645954     ,  1.0025186972843353E-003)
   0.0000000000000000        0.0000000000000000     
 (  1.9378827276463326     ,  0.0000000000000000     )
   0.0000000000000000        1.5707963267948966     
 (  1.8516675151645954     , -1.0025186972843353E-003)
   0.0000000000000000        3.1415926535897931     
 (  1.0108116829314255     , -4.6331184105629825E-017)
   1.5707963267948966       -1.5707963267948966     
 ( 0.99999999999988809     ,  2.5323493302309430E-012)
   1.5707963267948966        0.0000000000000000     
 (  1.8512550275710169     ,  2.9628384051758978E-003)
   1.5707963267948966        1.5707963267948966     
 (  1.0000000000009510     , -8.6299023482894199E-013)
   1.5707963267948966        3.1415926535897931     
 ( 0.14874497242855364     , -2.9628384048992584E-003)
   3.1415926535897931       -1.5707963267948966     
 ( 0.14833248483546463     , -1.0025186978206285E-003)
   3.1415926535897931        0.0000000000000000     
 ( 0.98918831706810562     , -4.7119102045778381E-017)
   3.1415926535897931        1.5707963267948966     
 ( 0.14833248483546463     ,  1.0025186978206285E-003)
   3.1415926535897931        3.1415926535897931     
 (  6.2117272353274515E-002,  9.3450286151447427E-017)
   1.0000000000000000                1          16
 (  0.0000000000000000     ,  0.0000000000000000     )
  -1.5707963267948966       -1.5707963267948966     
 ( 0.99999999999864109     ,  1.3026524303683118E-012)
  -1.5707963267948966        0.0000000000000000     
 (  1.8469413756487361     , -8.1667445385167725E-004)
  -1.5707963267948966        1.5707963267948966     
 ( 0.99999999999663114     , -1.6994738949449584E-013)
  -1.5707963267948966        3.1415926535897931     
 ( 0.15305862435046777     ,  8.1667445422826501E-004)
   0.0000000000000000       -1.5707963267948966     
 (  1.8499193461366110     ,  1.4289940916156069E-003)
   0.0000000000000000        0.0000000000000000     
 (  1.9373243604102444     ,  0.0000000000000000     )
   0.0000000000000000        1.5707963267948966     
 (  1.8499193461366110     , -1.4289940916156069E-003)
   0.0000000000000000        3.1415926535897931     
 (  1.0032119448373973     , -4.6668863196820797E-017)
   1.5707963267948966       -1.5707963267948966     
 ( 0.99999999999663114     ,  1.6994738949449584E-013)
   1.5707963267948966        0.0000000000000000     
 (  1.8469413756487361     ,  8.1667445385167725E-004)
   1.5707963267948966        1.5707963267948966     
 ( 0.99999999999864109     , -1.3026524303683118E-012)
   1.5707963267948966        3.1415926535897931     
 ( 0.15305862435046783     , -8.1667445422826501E-004)
   3.1415926535897931       -1.5707963267948966     
 ( 0.15008065386472047     , -1.4289940916087096E-003)
   3.1415926535897931        0.0000000000000000     
 ( 0.99678805516979330     , -4.6422501710587839E-017)
   3.1415926535897931        1.5707963267948966     
 ( 0.15008065386472047     ,  1.4289940916087235E-003)
   3.1415926535897931        3.1415926535897931     
 (  6.2675639590737423E-002,  9.3091364908296954E-017)
   1.0000000000000000                1          16
 (  0.0000000000000000     ,  0.0000000000000000     )
  -1.5707963267948966       -1.5707963267948966     
 (  1.0000000000003906     ,  1.8041401705914950E-012)
  -1.5707963267948966        0.0000000000000000     
 (  1.8498604816768491     , -3.2361150596047904E-004)
  -1.5707963267948966        1.5707963267948966     
 (  1.0000000000005116     , -1.1692868895352149E-012)
  -1.5707963267948966        3.1415926535897931     
 ( 0.15013951832250827     ,  3.2361150743155225E-004)
   0.0000000000000000       -1.5707963267948966     
 (  1.8504938026291029     ,  9.3726960836731932E-005)
   0.0000000000000000        0.0000000000000000     
 (  1.9374692834218006     ,  0.0000000000000000     )
   0.0000000000000000        1.5707963267948966     
 (  1.8504938026291029     , -9.3726960836731932E-005)
   0.0000000000000000        3.1415926535897931     
 (  1.0050304592899522     , -4.6455464895239818E-017)
   1.5707963267948966       -1.5707963267948966     
 (  1.0000000000005116     ,  1.1692868895352149E-012)
   1.5707963267948966        0.0000000000000000     
 (  1.8498604816768491     ,  3.2361150596047904E-004)
   1.5707963267948966        1.5707963267948966     
 (  1.0000000000003906     , -1.8041401705914950E-012)
   1.5707963267948966        3.1415926535897931     
 ( 0.15013951832250833     , -3.2361150743155225E-004)
   3.1415926535897931       -1.5707963267948966     
 ( 0.14950619737012663     , -9.3726961541903964E-005)
   3.1415926535897931        0.0000000000000000     
 ( 0.99496954071061894     , -4.6942849812519474E-017)
   3.1415926535897931        1.5707963267948966     
 ( 0.14950619737012663     ,  9.3726961541917841E-005)
   3.1415926535897931        3.1415926535897931     
 (  6.2530716578828402E-002,  9.3398314707985492E-017)
   1.0000000000000000                1          16
 (  0.0000000000000000     ,  0.0000000000000000     )
  -1.5707963267948966       -1.5707963267948966     
 ( 0.99999999999971434     , -9.2835461540374808E-013)
  -1.5707963267948966        0.0000000000000000     
 (  1.8515936125036172     ,  8.7880607532968692E-004)
  -1.5707963267948966        1.5707963267948966     
 (  1.0000000000004674     ,  7.0825290077181080E-013)
  -1.5707963267948966        3.1415926535897931     
 ( 0.14840638749675855     , -8.7880607490752451E-004)
   0.0000000000000000       -1.5707963267948966     
 (  1.8485742267508269     ,  2.3073364605256941E-004)
   0.0000000000000000        0.0000000000000000     
 (  1.9348766470213696     ,  0.0000000000000000     )
   0.0000000000000000        1.5707963267948966     
 (  1.8485742267508269     , -2.3073364605256941E-004)
   0.0000000000000000        3.1415926535897931     
 (  1.0058875016159992     , -4.6343437615976545E-017)
   1.5707963267948966       -1.5707963267948966     
 (  1.0000000000004674     , -7.0825290077181080E-013)
   1.5707963267948966        0.0000000000000000     
 (  1.8515936125036172     , -8.7880607532968692E-004)
   1.5707963267948966        1.5707963267948966     
 ( 0.99999999999971434     ,  9.2835461540374808E-013)
   1.5707963267948966        3.1415926535897931     
 ( 0.14840638749675850     ,  8.7880607490752451E-004)
   3.1415926535897931       -1.5707963267948966     
 ( 0.15142577324943721     , -2.3073364649052464E-004)
   3.1415926535897931        0.0000000000000000     
 ( 0.99411249838297577     , -4.7513582709307703E-017)
   3.1415926535897931        1.5707963267948966     
 ( 0.15142577324943721     ,  2.3073364649052464E-004)
   3.1415926535897931        3.1415926535897931     
 (  6.5123352977857249E-002,  9.3857020324987513E-017)
   1.0000000000000000                1          16
 (  0.0000000000000000     ,  0.0000000000000000     )
  -1.5707963267948966       -1.5707963267948966     
 ( 0.99999999999759936     , -6.0422500336443363E-013)
  -1.5707963267948966        0.0000000000000000     
 (  1.8482596602680592     ,  7.3357650089899226E-005)
  -1.5707963267948966        1.5707963267948966     
 (  1.0000000000048457     , -6.6092964434716350E-013)
  -1.5707963267948966        3.1415926535897931     
 ( 0.15174033973223391     , -7.3357652033566689E-005)
   0.0000000000000000       -1.5707963267948966     
 (  1.8490289159928983     ,  1.3266783874402999E-003)
   0.0000000000000000        0.0000000000000000     
 (  1.9356767335458853     ,  0.0000000000000000     )
   0.0000000000000000        1.5707963267948966     
 (  1.8490289159928983     , -1.3266783874402999E-003)
   0.0000000000000000        3.1415926535897931     
 ( 0.99755387663496942     , -4.6994631698276913E-017)
   1.5707963267948966       -1.5707963267948966     
 (  1.0000000000048457     ,  6.6092964434716350E-013)
   1.5707963267948966        0.0000000000000000     
 (  1.8482596602680592     , -7.3357650089899226E-005)
   1.5707963267948966        1.5707963267948966     
 ( 0.99999999999759936     ,  6.0422500336443363E-013)
   1.5707963267948966        3.1415926535897931     
 ( 0.15174033973223397     ,  7.3357652033566689E-005)
   3.1415926535897931       -1.5707963267948966     
 ( 0.15097108400626863     , -1.3266783858972286E-003)
   3.1415926535897931        0.0000000000000000     
 (  1.0024461233654831     , -4.6447373804273630E-017)
   3.1415926535897931        1.5707963267948966     
 ( 0.15097108400626863     ,  1.3266783858972425E-003)
   3.1415926535897931        3.1415926535897931     
 (  6.4323266449851049E-002,  9.3442005502199038E-017)
