   -1.570796     -1.570796
  1    1        1.00000000        0.00000005        0.00000000        0.00000000
   -1.570796      0.000000
  1    1        1.85046867        0.00075565       -0.00023682        0.00051683
   -1.570796      1.570796
  1    1        1.00000000        0.00000000       -0.00000000        0.00000000
   -1.570796      3.141593
  1    1        0.14953133        0.00075565        0.00023682        0.00051683
    0.000000     -1.570796
  1    1        1.85016604        0.00043261        0.00071431        0.00050106
    0.000000      0.000000
  1    1        1.93638664        0.00040033        0.00000000        0.00000000
    0.000000      1.570796
  1    1        1.85016604        0.00043261       -0.00071431        0.00050106
    0.000000      3.141593
  1    1        0.99927648        0.00388484       -0.00000000        0.00000000
    1.570796     -1.570796
  1    1        1.00000000        0.00000000        0.00000000        0.00000000
    1.570796      0.000000
  1    1        1.85046867        0.00075565        0.00023682        0.00051683
    1.570796      1.570796
  1    1        1.00000000        0.00000005       -0.00000000        0.00000000
    1.570796      3.141593
  1    1        0.14953133        0.00075565       -0.00023682        0.00051683
    3.141593     -1.570796
  1    1        0.14983396        0.00043261       -0.00071431        0.00050106
    3.141593      0.000000
  1    1        1.00072352        0.00388484       -0.00000000        0.00000000
    3.141593      1.570796
  1    1        0.14983396        0.00043261        0.00071431        0.00050106
    3.141593      3.141593
  1    1        0.06361336        0.00040033        0.00000000        0.00000000
