   -1.000000     -1.000000
  1    1       -0.00011937        0.00018104        0.00000000        0.00000000
   -1.000000      0.000000
  1    1        0.32949940        0.00055107       -0.00000000        0.00000000
   -1.000000      1.000000
  1    1        0.00023778        0.00017888        0.00000000        0.00000000
   -1.000000      2.000000
  1    1       -0.09558362        0.00047614       -0.00000000        0.00000000
    0.000000     -1.000000
  1    1        0.32975594        0.00057233       -0.00000000        0.00000000
    0.000000      0.000000
  1    1        1.00000000        0.00000000        0.00000000        0.00000000
    0.000000      1.000000
  1    1        0.32975594        0.00057233        0.00000000        0.00000000
    0.000000      2.000000
  1    1        0.00000000        0.00000000       -0.00000000        0.00000000
    1.000000     -1.000000
  1    1       -0.00023778        0.00017888        0.00000000        0.00000000
    1.000000      0.000000
  1    1        0.32949940        0.00055107        0.00000000        0.00000000
    1.000000      1.000000
  1    1        0.00011937        0.00018104        0.00000000        0.00000000
    1.000000      2.000000
  1    1       -0.09558362        0.00047614       -0.00000000        0.00000000
    2.000000     -1.000000
  1    1       -0.09547840        0.00043598       -0.00000000        0.00000000
    2.000000      0.000000
  1    1        0.00000000        0.00000000       -0.00000000        0.00000000
    2.000000      1.000000
  1    1       -0.09547840        0.00043598       -0.00000000        0.00000000
    2.000000      2.000000
  1    1        0.00000000        0.00000000       -0.00000000        0.00000000
