           2 ( -21.147879707612912     ,  0.0000000000000000     )   1.0000000000000000     
           2 ( -21.045989262090458     ,  0.0000000000000000     )   1.0000000000000000     
           2 ( -21.108730296723991     ,  0.0000000000000000     )   1.0000000000000000     
           2 ( -21.112276901469674     ,  0.0000000000000000     )   1.0000000000000000     
           2 ( -21.101769809151051     ,  0.0000000000000000     )   1.0000000000000000     
           2 ( -21.126442163059217     ,  0.0000000000000000     )   1.0000000000000000     
           2 ( -21.073480657559760     ,  0.0000000000000000     )   1.0000000000000000     
           2 ( -21.102588541825718     ,  0.0000000000000000     )   1.0000000000000000     
           2 ( -21.080355890207318     ,  0.0000000000000000     )   1.0000000000000000     
           2 ( -21.063722478473963     ,  0.0000000000000000     )   1.0000000000000000     
