           2 (  15.999999999999906     ,  0.0000000000000000     )   1.0000000000000000     
           2 (  16.000000000000032     ,  0.0000000000000000     )   1.0000000000000000     
           2 (  16.000000000000099     ,  0.0000000000000000     )   1.0000000000000000     
           2 (  16.000000000000007     ,  0.0000000000000000     )   1.0000000000000000     
           2 (  15.999999999999986     ,  0.0000000000000000     )   1.0000000000000000     
           2 (  16.000000000000092     ,  0.0000000000000000     )   1.0000000000000000     
           2 (  16.000000000000000     ,  0.0000000000000000     )   1.0000000000000000     
           2 (  15.999999999999980     ,  0.0000000000000000     )   1.0000000000000000     
           2 (  15.999999999999822     ,  0.0000000000000000     )   1.0000000000000000     
           2 (  16.000000000000053     ,  0.0000000000000000     )   1.0000000000000000     
