           2 (  7.2485594021462330     ,  0.0000000000000000     )   1.0000000000000000     
           2 (  7.1963059635024420     ,  0.0000000000000000     )   1.0000000000000000     
           2 (  7.1870265291763982     ,  0.0000000000000000     )   1.0000000000000000     
           2 (  7.2113977841216670     ,  0.0000000000000000     )   1.0000000000000000     
           2 (  7.2785254781850028     ,  0.0000000000000000     )   1.0000000000000000     
           2 (  7.2411151168456387     ,  0.0000000000000000     )   1.0000000000000000     
           2 (  7.2628737738800808     ,  0.0000000000000000     )   1.0000000000000000     
           2 (  7.2026121943132697     ,  0.0000000000000000     )   1.0000000000000000     
           2 (  7.2352539051406239     ,  0.0000000000000000     )   1.0000000000000000     
           2 (  7.1969864881361243     ,  0.0000000000000000     )   1.0000000000000000     
