   1.0000000000000000                1          16
 (  0.0000000000000000     ,  0.0000000000000000     )
  -1.5707963267948966       -1.5707963267948966     
 ( 0.63816876876284501     ,  4.0359136452607589E-017)
  -1.5707963267948966        0.0000000000000000     
 ( 0.39408975995774820     ,  7.9107980698893832E-017)
  -1.5707963267948966        1.5707963267948966     
 ( 0.60691267439595475     ,  1.1102230246251565E-016)
  -1.5707963267948966        3.1415926535897931     
 ( 0.80291138159966191     , -3.9193833589902666E-017)
   0.0000000000000000       -1.5707963267948966     
 ( 0.41333902981750115     ,  2.1453795197139576E-017)
   0.0000000000000000        0.0000000000000000     
 (  6.1772416164841748E-002,  0.0000000000000000     )
   0.0000000000000000        1.5707963267948966     
 ( 0.41333902981750115     , -2.1453795197139576E-017)
   0.0000000000000000        3.1415926535897931     
 ( 0.62712263016456171     , -8.4367763110789508E-018)
   1.5707963267948966       -1.5707963267948966     
 ( 0.60691267439595475     , -1.1102230246251565E-016)
   1.5707963267948966        0.0000000000000000     
 ( 0.39408975995774820     , -7.9107980698893832E-017)
   1.5707963267948966        1.5707963267948966     
 ( 0.63816876876284501     , -4.0359136452607589E-017)
   1.5707963267948966        3.1415926535897931     
 ( 0.80291138159966213     , -4.6621347198655619E-017)
   3.1415926535897931       -1.5707963267948966     
 ( 0.78285577455904509     ,  1.1732408288100498E-016)
   3.1415926535897931        0.0000000000000000     
 ( 0.59057214624655208     , -8.3174922959857977E-018)
   3.1415926535897931        1.5707963267948966     
 ( 0.78285577455904509     , -1.4762811243830545E-016)
   3.1415926535897931        3.1415926535897931     
 (  3.8196983281657149     ,  3.4813996644490379E-016)
   1.0000000000000000                1          16
 (  0.0000000000000000     ,  0.0000000000000000     )
  -1.5707963267948966       -1.5707963267948966     
 ( 0.57435172958346004     ,  4.1823893622707601E-017)
  -1.5707963267948966        0.0000000000000000     
 ( 0.38597173376599792     ,  1.6487079933166039E-016)
  -1.5707963267948966        1.5707963267948966     
 ( 0.58968010843553564     ,  5.5511151231257827E-017)
  -1.5707963267948966        3.1415926535897931     
 ( 0.75409418362226421     ,  5.0425885488169711E-017)
   0.0000000000000000       -1.5707963267948966     
 ( 0.46171237209958416     , -1.1805646146605499E-016)
   0.0000000000000000        0.0000000000000000     
 (  8.2408417226571079E-002,  0.0000000000000000     )
   0.0000000000000000        1.5707963267948966     
 ( 0.46171237209958416     ,  1.1805646146605499E-016)
   0.0000000000000000        3.1415926535897931     
 ( 0.59088989584830443     , -1.5315826662925822E-017)
   1.5707963267948966       -1.5707963267948966     
 ( 0.58968010843553564     , -5.5511151231257827E-017)
   1.5707963267948966        0.0000000000000000     
 ( 0.38597173376599792     , -1.6487079933166039E-016)
   1.5707963267948966        1.5707963267948966     
 ( 0.57435172958346004     , -4.1823893622707601E-017)
   1.5707963267948966        3.1415926535897931     
 ( 0.75409418362226421     , -1.3331155193652800E-016)
   3.1415926535897931       -1.5707963267948966     
 ( 0.82187063621560141     ,  2.2907876392857064E-016)
   3.1415926535897931        0.0000000000000000     
 ( 0.63522863760681836     , -3.3253087242262105E-018)
   3.1415926535897931        1.5707963267948966     
 ( 0.82187063621560141     , -2.5645327914567109E-016)
   3.1415926535897931        3.1415926535897931     
 (  3.9179585401217194     ,  3.6188961818543529E-016)
   1.0000000000000000                1          16
 (  0.0000000000000000     ,  0.0000000000000000     )
  -1.5707963267948966       -1.5707963267948966     
 ( 0.66274082173488291     , -6.0998130245739388E-017)
  -1.5707963267948966        0.0000000000000000     
 ( 0.44326384092829263     , -8.6477720694835273E-017)
  -1.5707963267948966        1.5707963267948966     
 ( 0.64612584646289639     ,  5.5511151231257827E-017)
  -1.5707963267948966        3.1415926535897931     
 ( 0.83480044349788363     , -4.8540015171422562E-017)
   0.0000000000000000       -1.5707963267948966     
 ( 0.40862198295613394     , -3.8889873916202590E-017)
   0.0000000000000000        0.0000000000000000     
 (  6.7053304095133798E-002,  0.0000000000000000     )
   0.0000000000000000        1.5707963267948966     
 ( 0.40862198295613394     ,  3.8889873916202590E-017)
   0.0000000000000000        3.1415926535897931     
 ( 0.64483901187519554     , -6.4509280443143988E-018)
   1.5707963267948966       -1.5707963267948966     
 ( 0.64612584646289639     , -5.5511151231257827E-017)
   1.5707963267948966        0.0000000000000000     
 ( 0.44326384092829263     ,  8.6477720694835273E-017)
   1.5707963267948966        1.5707963267948966     
 ( 0.66274082173488291     ,  6.0998130245739388E-017)
   1.5707963267948966        3.1415926535897931     
 ( 0.83480044349788363     , -1.7945094088798376E-017)
   3.1415926535897931       -1.5707963267948966     
 ( 0.87204330009456255     , -1.6621277315055237E-017)
   3.1415926535897931        0.0000000000000000     
 ( 0.71459535957648102     , -6.4219876958970283E-018)
   3.1415926535897931        1.5707963267948966     
 ( 0.87204330009456255     ,  5.6473192860921207E-018)
   3.1415926535897931        3.1415926535897931     
 (  3.2448065885154054     ,  2.7158747510670542E-016)
   1.0000000000000000                1          16
 (  0.0000000000000000     ,  0.0000000000000000     )
  -1.5707963267948966       -1.5707963267948966     
 ( 0.63849223769190122     , -1.2059180163886356E-016)
  -1.5707963267948966        0.0000000000000000     
 ( 0.41916516693386241     ,  1.0324558641627718E-016)
  -1.5707963267948966        1.5707963267948966     
 ( 0.65203228679220937     ,  1.1102230246251565E-016)
  -1.5707963267948966        3.1415926535897931     
 ( 0.84547761630654750     ,  2.6309546248055789E-016)
   0.0000000000000000       -1.5707963267948966     
 ( 0.42528882730957385     , -3.6848613835269418E-017)
   0.0000000000000000        0.0000000000000000     
 ( -1.8036174246980341E-003,  0.0000000000000000     )
   0.0000000000000000        1.5707963267948966     
 ( 0.42528882730957385     ,  3.6848613835269418E-017)
   0.0000000000000000        3.1415926535897931     
 ( 0.68823965558215361     , -1.0050775260334206E-017)
   1.5707963267948966       -1.5707963267948966     
 ( 0.65203228679220937     , -1.1102230246251565E-016)
   1.5707963267948966        0.0000000000000000     
 ( 0.41916516693386241     , -1.0324558641627718E-016)
   1.5707963267948966        1.5707963267948966     
 ( 0.63849223769190122     ,  1.2059180163886356E-016)
   1.5707963267948966        3.1415926535897931     
 ( 0.84547761630654794     , -3.3774561206451152E-016)
   3.1415926535897931       -1.5707963267948966     
 ( 0.79907893613112146     ,  1.2011534068215615E-016)
   3.1415926535897931        0.0000000000000000     
 ( 0.58612712902651121     , -1.5553432092476970E-017)
   3.1415926535897931        1.5707963267948966     
 ( 0.79907893613112146     , -1.1149876341922304E-016)
   3.1415926535897931        3.1415926535897931     
 (  3.5626677984247932     ,  3.1293333996620247E-016)
   1.0000000000000000                1          16
 (  0.0000000000000000     ,  0.0000000000000000     )
  -1.5707963267948966       -1.5707963267948966     
 ( 0.64149557896032716     ,  2.1191573720447809E-017)
  -1.5707963267948966        0.0000000000000000     
 ( 0.42933578748869511     ,  2.4527110467219096E-017)
  -1.5707963267948966        1.5707963267948966     
 ( 0.66180800002021778     , -2.7755575615628914E-017)
  -1.5707963267948966        3.1415926535897931     
 ( 0.82844299113503794     , -1.9884535141605927E-017)
   0.0000000000000000       -1.5707963267948966     
 ( 0.44479813505211346     , -1.0595786860223904E-017)
   0.0000000000000000        0.0000000000000000     
 (  8.5050531312361510E-002,  0.0000000000000000     )
   0.0000000000000000        1.5707963267948966     
 ( 0.44479813505211346     ,  1.0595786860223904E-017)
   0.0000000000000000        3.1415926535897931     
 ( 0.69346840149316091     , -6.8015252790334547E-018)
   1.5707963267948966       -1.5707963267948966     
 ( 0.66180800002021778     ,  2.7755575615628914E-017)
   1.5707963267948966        0.0000000000000000     
 ( 0.42933578748869511     , -2.4527110467219096E-017)
   1.5707963267948966        1.5707963267948966     
 ( 0.64149557896032716     , -2.1191573720447809E-017)
   1.5707963267948966        3.1415926535897931     
 ( 0.82844299113503794     , -4.8754619880014112E-017)
   3.1415926535897931       -1.5707963267948966     
 ( 0.82712616672122863     ,  1.0595786860223904E-017)
   3.1415926535897931        0.0000000000000000     
 ( 0.66817136950076872     , -6.4569302968196414E-018)
   3.1415926535897931        1.5707963267948966     
 ( 0.82712616672122863     ,  4.0317849650428061E-018)
   3.1415926535897931        3.1415926535897931     
 (  3.2480336398450862     ,  2.7839704241931815E-016)
   1.0000000000000000                1          16
 (  0.0000000000000000     ,  0.0000000000000000     )
  -1.5707963267948966       -1.5707963267948966     
 ( 0.62645005305971768     ,  4.2292735866094172E-017)
  -1.5707963267948966        0.0000000000000000     
 ( 0.43725490322430521     , -6.8731653497274199E-018)
  -1.5707963267948966        1.5707963267948966     
 ( 0.63499007909958505     ,  5.5511151231257827E-017)
  -1.5707963267948966        3.1415926535897931     
 ( 0.79106515850658532     ,  1.5494718222397015E-016)
   0.0000000000000000       -1.5707963267948966     
 ( 0.39861377971286588     ,  4.8242571106025195E-017)
   0.0000000000000000        0.0000000000000000     
 (  7.9696893386700773E-002,  0.0000000000000000     )
   0.0000000000000000        1.5707963267948966     
 ( 0.39861377971286588     , -4.8242571106025195E-017)
   0.0000000000000000        3.1415926535897931     
 ( 0.64336805607237912     , -4.5411501456036980E-018)
   1.5707963267948966       -1.5707963267948966     
 ( 0.63499007909958505     , -5.5511151231257827E-017)
   1.5707963267948966        0.0000000000000000     
 ( 0.43725490322430521     ,  6.8731653497274199E-018)
   1.5707963267948966        1.5707963267948966     
 ( 0.62645005305971768     , -4.2292735866094172E-017)
   1.5707963267948966        3.1415926535897931     
 ( 0.79106515850658532     , -2.3689516418555530E-016)
   3.1415926535897931       -1.5707963267948966     
 ( 0.79877071498759800     ,  3.5024155740861546E-017)
   3.1415926535897931        0.0000000000000000     
 ( 0.57031829618093544     , -1.3746330699454840E-017)
   3.1415926535897931        1.5707963267948966     
 ( 0.79877071498759800     , -1.1697213770244667E-016)
   3.1415926535897931        3.1415926535897931     
 (  3.7117698187560562     ,  3.3417881672949910E-016)
   1.0000000000000000                1          16
 (  0.0000000000000000     ,  0.0000000000000000     )
  -1.5707963267948966       -1.5707963267948966     
 ( 0.58809881481609694     , -8.0582784356633813E-018)
  -1.5707963267948966        0.0000000000000000     
 ( 0.43284978250594325     ,  2.4989792668592857E-017)
  -1.5707963267948966        1.5707963267948966     
 ( 0.60656278357468341     , -2.7755575615628914E-017)
  -1.5707963267948966        3.1415926535897931     
 ( 0.84628873930645376     ,  6.8383803946581605E-017)
   0.0000000000000000       -1.5707963267948966     
 ( 0.40014601619732854     , -9.8486485899827661E-018)
   0.0000000000000000        0.0000000000000000     
 ( 0.14270150895476078     ,  0.0000000000000000     )
   0.0000000000000000        1.5707963267948966     
 ( 0.40014601619732854     ,  9.8486485899827661E-018)
   0.0000000000000000        3.1415926535897931     
 ( 0.63215473145653434     , -1.5574930618100807E-018)
   1.5707963267948966       -1.5707963267948966     
 ( 0.60656278357468341     ,  2.7755575615628914E-017)
   1.5707963267948966        0.0000000000000000     
 ( 0.43284978250594325     , -2.4989792668592857E-017)
   1.5707963267948966        1.5707963267948966     
 ( 0.58809881481609694     ,  8.0582784356633813E-018)
   1.5707963267948966        3.1415926535897931     
 ( 0.84628873930645376     , -1.4001151204916619E-016)
   3.1415926535897931       -1.5707963267948966     
 ( 0.82797161758342130     ,  3.7604224205611683E-017)
   3.1415926535897931        0.0000000000000000     
 ( 0.63266072944306195     , -5.5315658940721185E-018)
   3.1415926535897931        1.5707963267948966     
 ( 0.82797161758342130     , -8.1476356692567347E-017)
   3.1415926535897931        3.1415926535897931     
 (  3.5572106352386168     ,  3.0804251341847910E-016)
   1.0000000000000000                1          16
 (  0.0000000000000000     ,  0.0000000000000000     )
  -1.5707963267948966       -1.5707963267948966     
 ( 0.63278609173084788     ,  1.2584485006576921E-016)
  -1.5707963267948966        0.0000000000000000     
 ( 0.43248184013527535     , -6.0576155159283545E-018)
  -1.5707963267948966        1.5707963267948966     
 ( 0.57365344761763015     ,  5.5511151231257827E-017)
  -1.5707963267948966        3.1415926535897931     
 ( 0.81043505486935230     ,  4.5878049672414729E-017)
   0.0000000000000000       -1.5707963267948966     
 ( 0.40676728373802506     ,  4.8099877429631042E-017)
   0.0000000000000000        0.0000000000000000     
 (  3.8800579023452686E-002,  0.0000000000000000     )
   0.0000000000000000        1.5707963267948966     
 ( 0.40676728373802506     , -4.8099877429631042E-017)
   0.0000000000000000        3.1415926535897931     
 ( 0.63541545312947523     , -8.5307999172679700E-018)
   1.5707963267948966       -1.5707963267948966     
 ( 0.57365344761763015     , -5.5511151231257827E-017)
   1.5707963267948966        0.0000000000000000     
 ( 0.43248184013527535     ,  6.0576155159283545E-018)
   1.5707963267948966        1.5707963267948966     
 ( 0.63278609173084788     , -1.2584485006576921E-016)
   1.5707963267948966        3.1415926535897931     
 ( 0.81043505486935252     , -1.2725525692842323E-016)
   3.1415926535897931       -1.5707963267948966     
 ( 0.78549397217195693     ,  2.0170030311102917E-016)
   3.1415926535897931        0.0000000000000000     
 ( 0.62830636344658575     , -1.2115231031856715E-017)
   3.1415926535897931        1.5707963267948966     
 ( 0.78549397217195693     , -2.2756635913577984E-016)
   3.1415926535897931        3.1415926535897931     
 (  3.8129361267176742     ,  3.4888570871468922E-016)
   1.0000000000000000                1          16
 (  0.0000000000000000     ,  0.0000000000000000     )
  -1.5707963267948966       -1.5707963267948966     
 ( 0.63506485451212680     ,  1.2676288459806712E-016)
  -1.5707963267948966        0.0000000000000000     
 ( 0.42056607695647386     ,  1.0554487731309151E-016)
  -1.5707963267948966        1.5707963267948966     
 ( 0.63261159275861734     ,  1.9428902930940239E-016)
  -1.5707963267948966        3.1415926535897931     
 ( 0.80985333699270146     ,  9.7574740340170465E-017)
   0.0000000000000000       -1.5707963267948966     
 ( 0.42484006737945657     , -7.8702910677757275E-018)
   0.0000000000000000        0.0000000000000000     
 (  5.1130822401140696E-002,  0.0000000000000000     )
   0.0000000000000000        1.5707963267948966     
 ( 0.42484006737945657     ,  7.8702910677757275E-018)
   0.0000000000000000        3.1415926535897931     
 ( 0.63418973672980372     , -1.0064121410100462E-017)
   1.5707963267948966       -1.5707963267948966     
 ( 0.63261159275861734     , -1.9428902930940239E-016)
   1.5707963267948966        0.0000000000000000     
 ( 0.42056607695647386     , -1.0554487731309151E-016)
   1.5707963267948966        1.5707963267948966     
 ( 0.63506485451212680     , -1.2676288459806712E-016)
   1.5707963267948966        3.1415926535897931     
 ( 0.80985333699270168     , -1.7711587853158321E-016)
   3.1415926535897931       -1.5707963267948966     
 ( 0.79083109741416835     ,  1.4664816914592030E-016)
   3.1415926535897931        0.0000000000000000     
 ( 0.61109504920289104     , -1.0954850298848324E-017)
   3.1415926535897931        1.5707963267948966     
 ( 0.79083109741416835     , -1.7067815610607522E-016)
   3.1415926535897931        3.1415926535897931     
 (  3.6584233870693796     ,  3.2825204354186535E-016)
   1.0000000000000000                1          16
 (  0.0000000000000000     ,  0.0000000000000000     )
  -1.5707963267948966       -1.5707963267948966     
 ( 0.57841411802093756     ,  2.0411404594518966E-016)
  -1.5707963267948966        0.0000000000000000     
 ( 0.38680380689533267     , -8.5191452425980215E-017)
  -1.5707963267948966        1.5707963267948966     
 ( 0.55025816310988795     , -2.7755575615628914E-017)
  -1.5707963267948966        3.1415926535897931     
 ( 0.79054004479550211     , -3.2701445644195702E-017)
   0.0000000000000000       -1.5707963267948966     
 ( 0.40904557412204745     , -1.4369038639603820E-016)
   0.0000000000000000        0.0000000000000000     
 (  9.8355954165668336E-002,  0.0000000000000000     )
   0.0000000000000000        1.5707963267948966     
 ( 0.40904557412204745     ,  1.4369038639603820E-016)
   0.0000000000000000        3.1415926535897931     
 ( 0.58413156701512658     , -8.3033273917920660E-018)
   1.5707963267948966       -1.5707963267948966     
 ( 0.55025816310988795     ,  2.7755575615628914E-017)
   1.5707963267948966        0.0000000000000000     
 ( 0.38680380689533267     ,  8.5191452425980215E-017)
   1.5707963267948966        1.5707963267948966     
 ( 0.57841411802093756     , -2.0411404594518966E-016)
   1.5707963267948966        3.1415926535897931     
 ( 0.79054004479550211     , -5.8670823546745427E-017)
   3.1415926535897931       -1.5707963267948966     
 ( 0.76787606396923380     ,  3.2668083933522551E-017)
   3.1415926535897931        0.0000000000000000     
 ( 0.61238535138221040     , -3.8494511581869665E-018)
   3.1415926535897931        1.5707963267948966     
 ( 0.76787606396923369     , -1.3018050661947995E-017)
   3.1415926535897931        3.1415926535897931     
 (  4.1407583415432931     ,  3.8951124567957652E-016)
