   -1.570796     -1.570796
  1    1        0.64620551        0.01979845       -0.00000000        0.00000000
   -1.570796      0.000000
  1    1        0.43198448        0.00993621       -0.00000000        0.00000000
   -1.570796      1.570796
  1    1        0.63705466        0.01936669        0.00000000        0.00000000
   -1.570796      3.141593
  1    1        0.81645052        0.01654513        0.00000000        0.00000000
    0.000000     -1.570796
  1    1        0.43267487        0.01047725        0.00000000        0.00000000
    0.000000      0.000000
  1    1        0.07891381        0.01257924        0.00000000        0.00000000
    0.000000      1.570796
  1    1        0.43267487        0.01047725       -0.00000000        0.00000000
    0.000000      3.141593
  1    1        0.64944845        0.02095901       -0.00000000        0.00000000
    1.570796     -1.570796
  1    1        0.63705466        0.01936669       -0.00000000        0.00000000
    1.570796      0.000000
  1    1        0.43198448        0.00993621        0.00000000        0.00000000
    1.570796      1.570796
  1    1        0.64620551        0.01979845        0.00000000        0.00000000
    1.570796      3.141593
  1    1        0.81645052        0.01654513       -0.00000000        0.00000000
    3.141593     -1.570796
  1    1        0.82224929        0.01580752        0.00000000        0.00000000
    3.141593      0.000000
  1    1        0.65037948        0.01956785       -0.00000000        0.00000000
    3.141593      1.570796
  1    1        0.82224929        0.01580752       -0.00000000        0.00000000
    3.141593      3.141593
  1    1        3.43453265        0.22430614        0.00000000        0.00000000
