   -1.570796     -1.570796
  1    1        0.62544282        0.01066457        0.00000000        0.00000000
   -1.570796      0.000000
  1    1        0.42521515        0.00659689        0.00000000        0.00000000
   -1.570796      1.570796
  1    1        0.61975527        0.01500496        0.00000000        0.00000000
   -1.570796      3.141593
  1    1        0.81961292        0.00848637        0.00000000        0.00000000
    0.000000     -1.570796
  1    1        0.41476521        0.00593027       -0.00000000        0.00000000
    0.000000      0.000000
  1    1        0.07012325        0.01622790        0.00000000        0.00000000
    0.000000      1.570796
  1    1        0.41476521        0.00593027        0.00000000        0.00000000
    0.000000      3.141593
  1    1        0.64447583        0.01301337       -0.00000000        0.00000000
    1.570796     -1.570796
  1    1        0.61975527        0.01500496       -0.00000000        0.00000000
    1.570796      0.000000
  1    1        0.42521515        0.00659689       -0.00000000        0.00000000
    1.570796      1.570796
  1    1        0.62544282        0.01066457       -0.00000000        0.00000000
    1.570796      3.141593
  1    1        0.81961292        0.00848637       -0.00000000        0.00000000
    3.141593     -1.570796
  1    1        0.80864898        0.01232124        0.00000000        0.00000000
    3.141593      0.000000
  1    1        0.62795746        0.01734665       -0.00000000        0.00000000
    3.141593      1.570796
  1    1        0.80864898        0.01232124       -0.00000000        0.00000000
    3.141593      3.141593
  1    1        3.61707579        0.11108021        0.00000000        0.00000000
