   -1.000000     -1.000000
  1    1        0.15021192        0.00790730        0.00000000        0.00000000
   -1.000000      0.000000
  1    1       -0.26988761        0.00613977       -0.00000000        0.00000000
   -1.000000      1.000000
  1    1        0.15163380        0.00901301        0.00000000        0.00000000
   -1.000000      2.000000
  1    1       -0.17141666        0.00801133       -0.00000000        0.00000000
    0.000000     -1.000000
  1    1       -0.27201665        0.00718800       -0.00000000        0.00000000
    0.000000      0.000000
  1    1        0.77415707        0.00038780        0.00000000        0.00000000
    0.000000      1.000000
  1    1       -0.27201665        0.00718800        0.00000000        0.00000000
    0.000000      2.000000
  1    1        0.15700399        0.00898859       -0.00000000        0.00000000
    1.000000     -1.000000
  1    1        0.15163380        0.00901301        0.00000000        0.00000000
    1.000000      0.000000
  1    1       -0.26988761        0.00613977        0.00000000        0.00000000
    1.000000      1.000000
  1    1        0.15021192        0.00790730       -0.00000000        0.00000000
    1.000000      2.000000
  1    1       -0.17141666        0.00801133        0.00000000        0.00000000
    2.000000     -1.000000
  1    1       -0.17341721        0.00742725        0.00000000        0.00000000
    2.000000      0.000000
  1    1        0.15165052        0.00843906       -0.00000000        0.00000000
    2.000000      1.000000
  1    1       -0.17341721        0.00742725        0.00000000        0.00000000
    2.000000      2.000000
  1    1        0.15709650        0.00633242       -0.00000000        0.00000000
