   1.0000000000000000                1          16
 (  0.0000000000000000     ,  0.0000000000000000     )
  -1.5707963267948966       -1.5707963267948966     
 ( 0.67729030637944865     ,  5.1825781493013801E-017)
  -1.5707963267948966        0.0000000000000000     
 ( 0.44890394139203549     , -4.3491390001828205E-018)
  -1.5707963267948966        1.5707963267948966     
 ( 0.67604563914439408     , -5.5511151231257827E-017)
  -1.5707963267948966        3.1415926535897931     
 ( 0.83616387143824489     ,  3.2242081264147816E-017)
   0.0000000000000000       -1.5707963267948966     
 ( 0.44922878536846866     , -1.2035102938692444E-017)
   0.0000000000000000        0.0000000000000000     
 (  8.3517085905960131E-002,  0.0000000000000000     )
   0.0000000000000000        1.5707963267948966     
 ( 0.44922878536846866     ,  1.2035102938692444E-017)
   0.0000000000000000        3.1415926535897931     
 ( 0.67491226548934213     , -8.5742555303518348E-018)
   1.5707963267948966       -1.5707963267948966     
 ( 0.67604563914439408     ,  5.5511151231257827E-017)
   1.5707963267948966        0.0000000000000000     
 ( 0.44890394139203549     ,  4.3491390001828205E-018)
   1.5707963267948966        1.5707963267948966     
 ( 0.67729030637944865     , -5.1825781493013801E-017)
   1.5707963267948966        3.1415926535897931     
 ( 0.83616387143824533     , -9.5123971971893707E-017)
   3.1415926535897931       -1.5707963267948966     
 ( 0.84616387246821079     ,  6.7546254169950268E-017)
   3.1415926535897931        0.0000000000000000     
 ( 0.67223713689350595     , -8.6982780003656410E-018)
   3.1415926535897931        1.5707963267948966     
 ( 0.84616387246821079     , -7.4916993646438320E-017)
   3.1415926535897931        3.1415926535897931     
 (  3.0774609782567652     ,  2.5334365516319133E-016)
   1.0000000000000000                1          16
 (  0.0000000000000000     ,  0.0000000000000000     )
  -1.5707963267948966       -1.5707963267948966     
 ( 0.65821729426429987     ,  8.1762786716312506E-017)
  -1.5707963267948966        0.0000000000000000     
 ( 0.44849257659709801     , -4.1576760019230950E-018)
  -1.5707963267948966        1.5707963267948966     
 ( 0.68605266380088392     , -2.7755575615628914E-017)
  -1.5707963267948966        3.1415926535897931     
 ( 0.86646057196553394     , -5.2090975952323802E-017)
   0.0000000000000000       -1.5707963267948966     
 ( 0.47141060395442363     ,  9.7896484719988315E-017)
   0.0000000000000000        0.0000000000000000     
 (  7.8736277017893777E-002,  0.0000000000000000     )
   0.0000000000000000        1.5707963267948966     
 ( 0.47141060395442363     , -9.7896484719988315E-017)
   0.0000000000000000        3.1415926535897931     
 ( 0.67949743206699997     , -1.1302724479868546E-017)
   1.5707963267948966       -1.5707963267948966     
 ( 0.68605266380088392     ,  2.7755575615628914E-017)
   1.5707963267948966        0.0000000000000000     
 ( 0.44849257659709801     ,  4.1576760019230950E-018)
   1.5707963267948966        1.5707963267948966     
 ( 0.65821729426429987     , -8.1762786716312506E-017)
   1.5707963267948966        3.1415926535897931     
 ( 0.86646057196553394     , -6.4280555400825063E-018)
   3.1415926535897931       -1.5707963267948966     
 ( 0.83625384703518679     ,  4.0881393358156253E-017)
   3.1415926535897931        0.0000000000000000     
 ( 0.68244887229541751     , -8.3153520038461900E-018)
   3.1415926535897931        1.5707963267948966     
 ( 0.83625384703518679     , -4.3889273619304728E-017)
   3.1415926535897931        3.1415926535897931     
 (  3.0273893216331378     ,  2.4562104705436212E-016)
   1.0000000000000000                1          16
 (  0.0000000000000000     ,  0.0000000000000000     )
  -1.5707963267948966       -1.5707963267948966     
 ( 0.56828321269408122     , -1.0588401949250154E-016)
  -1.5707963267948966        0.0000000000000000     
 ( 0.39348542131845510     , -1.1599138746736020E-016)
  -1.5707963267948966        1.5707963267948966     
 ( 0.55840050675858288     ,  0.0000000000000000     )
  -1.5707963267948966        3.1415926535897931     
 ( 0.74601522047113722     , -1.1040858653776220E-016)
   0.0000000000000000       -1.5707963267948966     
 ( 0.38446044911147081     ,  2.4723103905565317E-016)
   0.0000000000000000        0.0000000000000000     
 (  5.5120542076830925E-002,  0.0000000000000000     )
   0.0000000000000000        1.5707963267948966     
 ( 0.38446044911147081     , -2.4723103905565317E-016)
   0.0000000000000000        3.1415926535897931     
 ( 0.54893432065716397     , -1.0095133132482667E-017)
   1.5707963267948966       -1.5707963267948966     
 ( 0.55840050675858288     ,  0.0000000000000000     )
   1.5707963267948966        0.0000000000000000     
 ( 0.39348542131845510     ,  1.1599138746736020E-016)
   1.5707963267948966        1.5707963267948966     
 ( 0.56828321269408122     ,  1.0588401949250154E-016)
   1.5707963267948966        3.1415926535897931     
 ( 0.74601522047113766     ,  9.6628500152747855E-018)
   3.1415926535897931       -1.5707963267948966     
 ( 0.75500922447046726     , -2.5186434130621856E-017)
   3.1415926535897931        0.0000000000000000     
 ( 0.56954766739909912     , -9.9381700096890585E-018)
   3.1415926535897931        1.5707963267948966     
 ( 0.75500922447046714     ,  3.5463000070650090E-017)
   3.1415926535897931        3.1415926535897931     
 (  4.4215761356300369     ,  4.2615169730345148E-016)
   1.0000000000000000                1          16
 (  0.0000000000000000     ,  0.0000000000000000     )
  -1.5707963267948966       -1.5707963267948966     
 ( 0.62716724924594147     , -1.2196569841342866E-017)
  -1.5707963267948966        0.0000000000000000     
 ( 0.41154260864251735     , -1.4320817550538933E-016)
  -1.5707963267948966        1.5707963267948966     
 ( 0.65302195396994411     ,  5.5511151231257827E-017)
  -1.5707963267948966        3.1415926535897931     
 ( 0.80301456960789397     , -4.1862573213171288E-017)
   0.0000000000000000       -1.5707963267948966     
 ( 0.42543731847686417     , -7.7795028871430238E-018)
   0.0000000000000000        0.0000000000000000     
 (  3.5587461516944086E-002,  0.0000000000000000     )
   0.0000000000000000        1.5707963267948966     
 ( 0.42543731847686417     ,  7.7795028871430238E-018)
   0.0000000000000000        3.1415926535897931     
 ( 0.63815272083871022     , -1.0846357142112188E-017)
   1.5707963267948966       -1.5707963267948966     
 ( 0.65302195396994411     , -5.5511151231257827E-017)
   1.5707963267948966        0.0000000000000000     
 ( 0.41154260864251735     ,  1.4320817550538933E-016)
   1.5707963267948966        1.5707963267948966     
 ( 0.62716724924594147     ,  1.2196569841342866E-017)
   1.5707963267948966        3.1415926535897931     
 ( 0.80301456960789419     , -3.8041717700772259E-017)
   3.1415926535897931       -1.5707963267948966     
 ( 0.80611273012603890     ,  1.4655738096528759E-016)
   3.1415926535897931        0.0000000000000000     
 ( 0.64279326038773044     , -8.8605948544895352E-018)
   3.1415926535897931        1.5707963267948966     
 ( 0.80611273012603890     , -1.7095052064797331E-016)
   3.1415926535897931        3.1415926535897931     
 (  3.6251748050574060     ,  3.2532993222182104E-016)
   1.0000000000000000                1          16
 (  0.0000000000000000     ,  0.0000000000000000     )
  -1.5707963267948966       -1.5707963267948966     
 ( 0.59183375533936244     , -2.1061580099773981E-016)
  -1.5707963267948966        0.0000000000000000     
 ( 0.40899537270842462     ,  2.3254350691652569E-017)
  -1.5707963267948966        1.5707963267948966     
 ( 0.57768349090852111     , -5.5511151231257827E-017)
  -1.5707963267948966        3.1415926535897931     
 ( 0.77915462900753729     , -3.3911767835700148E-017)
   0.0000000000000000       -1.5707963267948966     
 ( 0.40697645836149138     ,  2.2041173651983162E-017)
   0.0000000000000000        0.0000000000000000     
 (  8.0482118794654195E-002,  0.0000000000000000     )
   0.0000000000000000        1.5707963267948966     
 ( 0.40697645836149138     , -2.2041173651983162E-017)
   0.0000000000000000        3.1415926535897931     
 ( 0.63765408284342939     , -5.8670816716767951E-018)
   1.5707963267948966       -1.5707963267948966     
 ( 0.57768349090852111     ,  5.5511151231257827E-017)
   1.5707963267948966        0.0000000000000000     
 ( 0.40899537270842462     , -2.3254350691652569E-017)
   1.5707963267948966        1.5707963267948966     
 ( 0.59183375533936244     ,  2.1061580099773981E-016)
   1.5707963267948966        3.1415926535897931     
 ( 0.77915462900753774     , -5.4252926772232492E-017)
   3.1415926535897931       -1.5707963267948966     
 ( 0.77513849007743985     ,  3.3469977579274662E-017)
   3.1415926535897931        0.0000000000000000     
 ( 0.59048746339014246     , -9.0024498479526883E-018)
   3.1415926535897931        1.5707963267948966     
 ( 0.77513849007743985     , -6.6123520955949482E-017)
   3.1415926535897931        3.1415926535897931     
 (  3.9725492030728375     ,  3.7135293795217573E-016)
   1.0000000000000000                1          16
 (  0.0000000000000000     ,  0.0000000000000000     )
  -1.5707963267948966       -1.5707963267948966     
 ( 0.63902185958776814     ,  7.7016308537338770E-017)
  -1.5707963267948966        0.0000000000000000     
 ( 0.43372707807295702     , -8.7862529319908518E-017)
  -1.5707963267948966        1.5707963267948966     
 ( 0.64513820782330589     ,  5.5511151231257827E-017)
  -1.5707963267948966        3.1415926535897931     
 ( 0.81691693770060048     ,  1.2215610098935652E-016)
   0.0000000000000000       -1.5707963267948966     
 ( 0.44202914922254039     , -1.4953045673118504E-016)
   0.0000000000000000        0.0000000000000000     
 (  5.3122275833735827E-002,  0.0000000000000000     )
   0.0000000000000000        1.5707963267948966     
 ( 0.44202914922254039     ,  1.4953045673118504E-016)
   0.0000000000000000        3.1415926535897931     
 ( 0.65631382099692059     , -1.0692526013358420E-017)
   1.5707963267948966       -1.5707963267948966     
 ( 0.64513820782330589     , -5.5511151231257827E-017)
   1.5707963267948966        0.0000000000000000     
 ( 0.43372707807295702     ,  8.7862529319908518E-017)
   1.5707963267948966        1.5707963267948966     
 ( 0.63902185958776814     , -7.7016308537338770E-017)
   1.5707963267948966        3.1415926535897931     
 ( 0.81691693770060048     , -1.9016808883971029E-016)
   3.1415926535897931       -1.5707963267948966     
 ( 0.84682741916287751     ,  1.0752578653040474E-017)
   3.1415926535897931        0.0000000000000000     
 ( 0.66422157989832620     , -9.1916049460435553E-018)
   3.1415926535897931        1.5707963267948966     
 ( 0.84682741916287751     ,  4.5021603434925131E-018)
   3.1415926535897931        3.1415926535897931     
 (  3.3584634617083062     ,  2.8840270531356518E-016)
   1.0000000000000000                1          16
 (  0.0000000000000000     ,  0.0000000000000000     )
  -1.5707963267948966       -1.5707963267948966     
 ( 0.68730994974943793     , -1.7095085074308887E-016)
  -1.5707963267948966        0.0000000000000000     
 ( 0.44275283347842653     , -3.0959671878826215E-017)
  -1.5707963267948966        1.5707963267948966     
 ( 0.63788409828497961     , -5.5511151231257827E-017)
  -1.5707963267948966        3.1415926535897931     
 ( 0.84359215984278291     ,  3.2632465201746086E-017)
   0.0000000000000000       -1.5707963267948966     
 ( 0.44599710052097530     ,  4.3842061948101059E-017)
   0.0000000000000000        0.0000000000000000     
 ( 0.10082260794200475     ,  0.0000000000000000     )
   0.0000000000000000        1.5707963267948966     
 ( 0.44599710052097530     , -4.3842061948101059E-017)
   0.0000000000000000        3.1415926535897931     
 ( 0.64615132004708886     , -8.8799306602828354E-018)
   1.5707963267948966       -1.5707963267948966     
 ( 0.63788409828497961     ,  5.5511151231257827E-017)
   1.5707963267948966        0.0000000000000000     
 ( 0.44275283347842653     ,  3.0959671878826215E-017)
   1.5707963267948966        1.5707963267948966     
 ( 0.68730994974943793     ,  1.7095085074308887E-016)
   1.5707963267948966        3.1415926535897931     
 ( 0.84359215984278291     , -9.6978410531634654E-017)
   3.1415926535897931       -1.5707963267948966     
 ( 0.83437416712800516     , -1.6086486332472145E-017)
   3.1415926535897931        0.0000000000000000     
 ( 0.68002933304494051     , -6.4081925263946088E-018)
   3.1415926535897931        1.5707963267948966     
 ( 0.83437416712800516     , -2.0503883381787516E-017)
   3.1415926535897931        3.1415926535897931     
 (  3.1577392340175798     ,  2.6242506000299768E-016)
   1.0000000000000000                1          16
 (  0.0000000000000000     ,  0.0000000000000000     )
  -1.5707963267948966       -1.5707963267948966     
 ( 0.67785870668214576     , -3.0451893843365101E-017)
  -1.5707963267948966        0.0000000000000000     
 ( 0.45274974799736117     ,  5.3536080476029886E-017)
  -1.5707963267948966        1.5707963267948966     
 ( 0.65666270814752958     ,  1.1102230246251565E-016)
  -1.5707963267948966        3.1415926535897931     
 ( 0.83142054539349175     ,  1.4244901231800600E-016)
   0.0000000000000000       -1.5707963267948966     
 ( 0.46005425955951168     ,  1.5225946921682550E-017)
   0.0000000000000000        0.0000000000000000     
 ( 0.13154469635994631     ,  0.0000000000000000     )
   0.0000000000000000        1.5707963267948966     
 ( 0.46005425955951168     , -1.5225946921682550E-017)
   0.0000000000000000        3.1415926535897931     
 ( 0.66165118926933775     , -7.7711575187285400E-018)
   1.5707963267948966       -1.5707963267948966     
 ( 0.65666270814752958     , -1.1102230246251565E-016)
   1.5707963267948966        0.0000000000000000     
 ( 0.45274974799736117     , -5.3536080476029886E-017)
   1.5707963267948966        1.5707963267948966     
 ( 0.67785870668214576     ,  3.0451893843365101E-017)
   1.5707963267948966        3.1415926535897931     
 ( 0.83142054539349175     , -2.0335280000473615E-016)
   3.1415926535897931       -1.5707963267948966     
 ( 0.85813175564638411     , -4.2981522537311464E-017)
   3.1415926535897931        0.0000000000000000     
 ( 0.70944409314852841     , -3.9501415104558822E-018)
   3.1415926535897931        1.5707963267948966     
 ( 0.85813175564638411     ,  3.7588886081839095E-017)
   3.1415926535897931        3.1415926535897931     
 (  3.0222984772127020     ,  2.4716970631954636E-016)
   1.0000000000000000                1          16
 (  0.0000000000000000     ,  0.0000000000000000     )
  -1.5707963267948966       -1.5707963267948966     
 ( 0.64787802467067190     ,  4.7244152938724927E-017)
  -1.5707963267948966        0.0000000000000000     
 ( 0.43793538056678855     , -3.3232804777072413E-017)
  -1.5707963267948966        1.5707963267948966     
 ( 0.64147394340374353     ,  2.7755575615628914E-017)
  -1.5707963267948966        3.1415926535897931     
 ( 0.81811803535068650     ,  1.1410944723708912E-017)
   0.0000000000000000       -1.5707963267948966     
 ( 0.42768687557526847     ,  1.8011286954080907E-017)
   0.0000000000000000        0.0000000000000000     
 (  6.2300384851752516E-002,  0.0000000000000000     )
   0.0000000000000000        1.5707963267948966     
 ( 0.42768687557526847     , -1.8011286954080907E-017)
   0.0000000000000000        3.1415926535897931     
 ( 0.65269936350575231     , -8.5954286601994433E-018)
   1.5707963267948966       -1.5707963267948966     
 ( 0.64147394340374353     , -2.7755575615628914E-017)
   1.5707963267948966        0.0000000000000000     
 ( 0.43793538056678855     ,  3.3232804777072413E-017)
   1.5707963267948966        1.5707963267948966     
 ( 0.64787802467067190     , -4.7244152938724927E-017)
   1.5707963267948966        3.1415926535897931     
 ( 0.81811803535068672     , -8.3456092540032539E-017)
   3.1415926535897931       -1.5707963267948966     
 ( 0.82355969375247162     ,  6.5255439892805840E-017)
   3.1415926535897931        0.0000000000000000     
 ( 0.63467049542615384     , -1.0954458322886987E-017)
   3.1415926535897931        1.5707963267948966     
 ( 0.82355969375247162     , -1.0954501209350055E-016)
   3.1415926535897931        3.1415926535897931     
 (  3.4393988970073850     ,  2.9898601625632211E-016)
   1.0000000000000000                1          16
 (  0.0000000000000000     ,  0.0000000000000000     )
  -1.5707963267948966       -1.5707963267948966     
 ( 0.73029134246969996     , -1.4845733822477179E-016)
  -1.5707963267948966        0.0000000000000000     
 ( 0.47468739064100923     ,  9.3311294447143408E-017)
  -1.5707963267948966        1.5707963267948966     
 ( 0.72617238118290817     , -5.5511151231257827E-017)
  -1.5707963267948966        3.1415926535897931     
 ( 0.89337205894932237     ,  6.2357739885234387E-017)
   0.0000000000000000       -1.5707963267948966     
 ( 0.46875736442176036     , -1.5976951638408073E-017)
   0.0000000000000000        0.0000000000000000     
 ( 0.11233036727298144     ,  0.0000000000000000     )
   0.0000000000000000        1.5707963267948966     
 ( 0.46875736442176036     ,  1.5976951638408073E-017)
   0.0000000000000000        3.1415926535897931     
 ( 0.75403077657554007     , -4.3569005055992415E-018)
   1.5707963267948966       -1.5707963267948966     
 ( 0.72617238118290817     ,  5.5511151231257827E-017)
   1.5707963267948966        0.0000000000000000     
 ( 0.47468739064100923     , -9.3311294447143408E-017)
   1.5707963267948966        1.5707963267948966     
 ( 0.73029134246969996     ,  1.4845733822477179E-016)
   1.5707963267948966        3.1415926535897931     
 ( 0.89337205894932237     , -1.0947223579411775E-016)
   3.1415926535897931       -1.5707963267948966     
 ( 0.87884082012439468     ,  1.5976951638408073E-017)
   3.1415926535897931        0.0000000000000000     
 ( 0.71184194060277406     , -7.6664404151155843E-018)
   3.1415926535897931        1.5707963267948966     
 ( 0.87884082012439468     , -6.3091447547291439E-017)
   3.1415926535897931        3.1415926535897931     
 (  2.4790609559026975     ,  1.7632274002970009E-016)
