   -1.000000     -1.000000
  1    1        0.13720730        0.01605313        0.00000000        0.00000000
   -1.000000      0.000000
  1    1       -0.25848117        0.01396684       -0.00000000        0.00000000
   -1.000000      1.000000
  1    1        0.13949501        0.01583118        0.00000000        0.00000000
   -1.000000      2.000000
  1    1       -0.16108756        0.01521732       -0.00000000        0.00000000
    0.000000     -1.000000
  1    1       -0.25772624        0.01373401       -0.00000000        0.00000000
    0.000000      0.000000
  1    1        0.77415707        0.00038780        0.00000000        0.00000000
    0.000000      1.000000
  1    1       -0.25772624        0.01373401        0.00000000        0.00000000
    0.000000      2.000000
  1    1        0.13961098        0.01587753       -0.00000000        0.00000000
    1.000000     -1.000000
  1    1        0.13949501        0.01583118        0.00000000        0.00000000
    1.000000      0.000000
  1    1       -0.25848117        0.01396684        0.00000000        0.00000000
    1.000000      1.000000
  1    1        0.13720730        0.01605313       -0.00000000        0.00000000
    1.000000      2.000000
  1    1       -0.16108756        0.01521732        0.00000000        0.00000000
    2.000000     -1.000000
  1    1       -0.16160973        0.01534244        0.00000000        0.00000000
    2.000000      0.000000
  1    1        0.14123327        0.01600134       -0.00000000        0.00000000
    2.000000      1.000000
  1    1       -0.16160973        0.01534244        0.00000000        0.00000000
    2.000000      2.000000
  1    1        0.14831728        0.01292273       -0.00000000        0.00000000
