     0.0000000        0.15028505        0.00682549
     0.1000000        0.10855782        0.00636017
     0.2000000        0.07619936        0.00483050
     0.3000000        0.05433932        0.00437371
     0.4000000        0.04325163        0.00406045
     0.5000000        0.02879370        0.00366420
     0.6000000        0.02177296        0.00493855
     0.7000000        0.01739622        0.00405209
     0.8000000        0.01346505        0.00515213
     0.9000000        0.00936031        0.00442344
     1.0000000        0.00909167        0.00386338
     1.1000000        0.00590031        0.00336541
     1.2000000        0.00473452        0.00342294
     1.3000000        0.00454373        0.00261575
     1.4000000        0.00349030        0.00277860
     1.5000000        0.00556599        0.00291352
     1.6000000        0.00332338        0.00208010
     1.7000000        0.00336522        0.00288205
     1.8000000        0.00137432        0.00302192
     1.9000000        0.00086278        0.00322601
     2.0000000        0.00457746        0.00300627
     2.1000000        0.00134552        0.00209512
     2.2000000        0.00098835        0.00146597
     2.3000000       -0.00256954        0.00180783
     2.4000000       -0.00241108        0.00190487
     2.5000000       -0.00402887        0.00180650
     2.6000000       -0.00383119        0.00256647
     2.7000000       -0.00165969        0.00233562
     2.8000000        0.00174927        0.00304367
     2.9000000       -0.00212563        0.00255300
     3.0000000       -0.00368721        0.00313618
     3.1000000       -0.00230117        0.00289249
     3.2000000       -0.00348784        0.00286839
     3.3000000       -0.00121802        0.00207776
     3.4000000       -0.00076141        0.00227678
     3.5000000       -0.00367026        0.00100207
     3.6000000       -0.00268396        0.00073614
     3.7000000       -0.00394714        0.00301062
     3.8000000       -0.00277265        0.00139779
     3.9000000       -0.00284903        0.00174474
     4.0000000       -0.00110087        0.00175453
     4.1000000       -0.00116448        0.00165620
     4.2000000       -0.00089734        0.00190676
     4.3000000       -0.00216398        0.00143790
     4.4000000       -0.00155872        0.00099208
     4.5000000       -0.00159495        0.00125878
     4.6000000        0.00006161        0.00161876
     4.7000000       -0.00140394        0.00249769
     4.8000000       -0.00077993        0.00183601
     4.9000000        0.00084043        0.00183335
     5.0000000       -0.00078651        0.00297755
     5.1000000        0.00129191        0.00289511
     5.2000000        0.00049456        0.00251766
     5.3000000        0.00097024        0.00228298
     5.4000000        0.00029130        0.00226331
     5.5000000        0.00321712        0.00184693
     5.6000000        0.00057443        0.00125181
     5.7000000       -0.00189230        0.00216949
     5.8000000       -0.00558510        0.00329120
     5.9000000       -0.00399760        0.00260751
     6.0000000       -0.00179514        0.00329468
     6.1000000       -0.00002617        0.00203138
     6.2000000       -0.00217902        0.00204094
     6.3000000       -0.00238608        0.00311542
     6.4000000        0.00070279        0.00241439
     6.5000000       -0.00190309        0.00265449
     6.6000000       -0.00257301        0.00140489
     6.7000000        0.00052767        0.00286752
     6.8000000       -0.00207216        0.00465203
     6.9000000       -0.00171702        0.00267964
     7.0000000       -0.00095688        0.00330643
     7.1000000       -0.00112706        0.00227679
     7.2000000        0.00287199        0.00258687
     7.3000000        0.00416501        0.00311856
     7.4000000        0.00550580        0.00302697
     7.5000000        0.00720279        0.00272626
     7.6000000        0.00938040        0.00316448
     7.7000000        0.01161827        0.00306804
     7.8000000        0.01247996        0.00350719
     7.9000000        0.01541271        0.00355374
     8.0000000        0.01933554        0.00383806
     8.1000000        0.02741567        0.00359015
     8.2000000        0.03313326        0.00421745
     8.3000000        0.04169423        0.00441541
     8.4000000        0.05485977        0.00387475
     8.5000000        0.07087593        0.00368554
     8.6000000        0.08792789        0.00320808
     8.7000000        0.10649553        0.00254651
     8.8000000        0.12829474        0.00317313
     8.9000000        0.15703670        0.00510997
     9.0000000        0.19584312        0.00492255
     9.1000000        0.24149278        0.00275077
     9.2000000        0.30171789        0.00332021
     9.3000000        0.37509433        0.00321004
     9.4000000        0.46590088        0.00384123
     9.5000000        0.58190007        0.00401555
     9.6000000        0.72585821        0.00412554
     9.7000000        0.90720324        0.00485896
     9.8000000        1.14387878        0.00650909
     9.9000000        1.45042916        0.00600091
    10.0000000        1.84971495        0.00682549
