     0.0000000        0.40049268        0.03363427
     0.1000000        0.27709406        0.09169441
     0.2000000        0.23854620        0.05597157
     0.3000000        0.15550229        0.05160854
     0.4000000        0.19118270        0.02869345
     0.5000000        0.16647186        0.04821269
     0.6000000        0.13555324        0.06380777
     0.7000000        0.13734303        0.05607057
     0.8000000        0.08736717        0.05364610
     0.9000000        0.13744313        0.04176521
     1.0000000        0.15520234        0.04635535
     1.1000000        0.17738195        0.06899320
     1.2000000        0.08383637        0.03582608
     1.3000000        0.06337645        0.09312810
     1.4000000       -0.00890287        0.05564360
     1.5000000        0.06220945        0.04823808
     1.6000000        0.03432249        0.02846333
     1.7000000        0.07313240        0.02580091
     1.8000000       -0.01613836        0.04689839
     1.9000000        0.08648936        0.04640768
     2.0000000        0.09906053        0.04410806
     2.1000000       -0.00365832        0.03336548
     2.2000000        0.04976207        0.02639171
     2.3000000        0.01086046        0.02429632
     2.4000000        0.01752570        0.06059343
     2.5000000       -0.01407387        0.04030238
     2.6000000       -0.01363269        0.05910511
     2.7000000        0.03719432        0.03402625
     2.8000000       -0.27166900        0.25971512
     2.9000000       -0.10628142        0.11546813
     3.0000000       -0.03174005        0.05581832
     3.1000000       -0.05472220        0.07386827
     3.2000000       -0.03041600        0.08206712
     3.3000000       -0.02187971        0.04408257
     3.4000000       -0.01553876        0.05280669
     3.5000000        0.04098272        0.03794884
     3.6000000       -0.01205142        0.02709400
     3.7000000       -0.00248939        0.04910749
     3.8000000        0.00636830        0.03552830
     3.9000000        0.06857929        0.07130976
     4.0000000       -0.08074791        0.08022836
     4.1000000       -0.00967258        0.03293369
     4.2000000       -0.00523414        0.01590322
     4.3000000       -0.01860249        0.02016275
     4.4000000        0.00935838        0.01787029
     4.5000000       -0.01185704        0.01564991
     4.6000000        0.00734894        0.02336952
     4.7000000       -0.03058660        0.04552090
     4.8000000        0.00473891        0.05208224
     4.9000000       -0.00423811        0.06606033
     5.0000000        0.11965045        0.15654774
     5.1000000       -0.01692472        0.13462862
     5.2000000       -0.35019367        0.29713573
     5.3000000       -0.05283752        0.14868808
     5.4000000       -0.25793210        0.25046887
     5.5000000       -0.13954797        0.07174170
     5.6000000       -0.18277907        0.18161595
     5.7000000       -0.43986315        0.52133224
     5.8000000       -0.00175766        0.09923371
     5.9000000        0.07321139        0.05143192
     6.0000000        0.05772704        0.09203758
     6.1000000        0.05909530        0.04709055
     6.2000000        0.05321986        0.06884951
     6.3000000        0.11855212        0.10685152
     6.4000000        0.10208322        0.05279611
     6.5000000        0.03521546        0.05022803
     6.6000000        0.02833541        0.04427654
     6.7000000       -0.02680651        0.04570701
     6.8000000       -0.06441502        0.08728966
     6.9000000       -0.04431421        0.04115710
     7.0000000       -0.00359475        0.02502408
     7.1000000        0.00985414        0.02768378
     7.2000000        0.02356230        0.01628746
     7.3000000        0.06926782        0.02939056
     7.4000000        0.00847881        0.04289796
     7.5000000       -0.03373702        0.05478225
     7.6000000       -0.00127463        0.04382529
     7.7000000        0.04620807        0.02822336
     7.8000000        0.07538334        0.02378516
     7.9000000        0.03436888        0.04501092
     8.0000000        0.07969453        0.05082155
     8.1000000        0.00566674        0.03537747
     8.2000000        0.00544960        0.08417960
     8.3000000        0.04354217        0.06559280
     8.4000000        0.01377616        0.05415071
     8.5000000        0.04382158        0.07553344
     8.6000000        0.16882342        0.13875657
     8.7000000        0.03029079        0.08691367
     8.8000000       -0.17253360        0.23461740
     8.9000000       -0.03793061        0.10079339
     9.0000000        0.04468205        0.06545027
     9.1000000        0.13920233        0.06209446
     9.2000000        0.25568910        0.07450934
     9.3000000        0.16197041        0.02232965
     9.4000000        0.21290216        0.03567297
     9.5000000        0.26291367        0.06170626
     9.6000000        0.27913590        0.04583393
     9.7000000        0.28369039        0.04171822
     9.8000000        0.31514192        0.03035564
     9.9000000        0.37383434        0.03134388
    10.0000000        0.40049268        0.03363427
