     0.0000000        0.98689455        0.03339965
     0.1000000        0.70966516        0.02156129
     0.2000000        0.53318118        0.01061849
     0.3000000        0.40918741        0.01171289
     0.4000000        0.31798765        0.01035479
     0.5000000        0.24673123        0.00670087
     0.6000000        0.19035931        0.00300233
     0.7000000        0.14994304        0.00552062
     0.8000000        0.11964025        0.00465348
     0.9000000        0.09371633        0.00258460
     1.0000000        0.07369269        0.00305106
     1.1000000        0.05903161        0.00124359
     1.2000000        0.04851337        0.00451158
     1.3000000        0.03770283        0.00131059
     1.4000000        0.02940514        0.00392486
     1.5000000        0.02288540        0.00264893
     1.6000000        0.01933870        0.00067926
     1.7000000        0.01551411        0.00247945
     1.8000000        0.01273157        0.00165076
     1.9000000        0.01011599        0.00300633
     2.0000000        0.00774025        0.00277802
     2.1000000        0.00412498        0.00222544
     2.2000000        0.00232054        0.00213506
     2.3000000        0.00112712        0.00178972
     2.4000000        0.00081667        0.00079716
     2.5000000       -0.00015932        0.00240186
     2.6000000        0.00023568        0.00147072
     2.7000000        0.00000691        0.00182404
     2.8000000       -0.00080125        0.00165437
     2.9000000       -0.00050921        0.00142658
     3.0000000       -0.00045056        0.00095830
     3.1000000       -0.00016343        0.00033456
     3.2000000       -0.00071494        0.00163666
     3.3000000       -0.00132002        0.00091544
     3.4000000       -0.00104696        0.00121710
     3.5000000        0.00005016        0.00113433
     3.6000000        0.00029046        0.00061762
     3.7000000        0.00037283        0.00053716
     3.8000000        0.00012840        0.00111756
     3.9000000        0.00019190        0.00101591
     4.0000000       -0.00016364        0.00126951
     4.1000000        0.00016312        0.00094381
     4.2000000        0.00045126        0.00094054
     4.3000000        0.00068617        0.00081503
     4.4000000        0.00067997        0.00073233
     4.5000000        0.00113333        0.00064538
     4.6000000        0.00147275        0.00013316
     4.7000000        0.00153732        0.00053908
     4.8000000        0.00095301        0.00067205
     4.9000000        0.00087775        0.00068806
     5.0000000        0.00098808        0.00071034
     5.1000000        0.00100955        0.00072672
     5.2000000        0.00079272        0.00060873
     5.3000000        0.00049550        0.00071349
     5.4000000        0.00077988        0.00070566
     5.5000000        0.00061824        0.00095676
     5.6000000        0.00056780        0.00086601
     5.7000000        0.00044592        0.00053484
     5.8000000        0.00046666        0.00093307
     5.9000000        0.00077123        0.00084294
     6.0000000        0.00167496        0.00033411
     6.1000000        0.00124319        0.00021239
     6.2000000        0.00119914        0.00012490
     6.3000000        0.00126225        0.00049880
     6.4000000        0.00179291        0.00071724
     6.5000000        0.00130574        0.00102224
     6.6000000        0.00139364        0.00038226
     6.7000000        0.00167387        0.00102213
     6.8000000        0.00201847        0.00132784
     6.9000000        0.00303538        0.00140296
     7.0000000        0.00331706        0.00068862
     7.1000000        0.00285089        0.00079311
     7.2000000        0.00252443        0.00090573
     7.3000000        0.00248198        0.00121213
     7.4000000        0.00305423        0.00089612
     7.5000000        0.00271144        0.00273863
     7.6000000        0.00324701        0.00277698
     7.7000000        0.00451691        0.00239732
     7.8000000        0.00596478        0.00234392
     7.9000000        0.00633028        0.00133655
     8.0000000        0.00871575        0.00111971
     8.1000000        0.00712416        0.00293424
     8.2000000        0.00734338        0.00518286
     8.3000000        0.00838621        0.00553397
     8.4000000        0.01248658        0.00154332
     8.5000000        0.01234143        0.00163211
     8.6000000        0.01655304        0.00061777
     8.7000000        0.02584139        0.00224848
     8.8000000        0.03477482        0.00300945
     8.9000000        0.05005964        0.00547235
     9.0000000        0.06524797        0.00183193
     9.1000000        0.08797605        0.00342288
     9.2000000        0.10765305        0.00332221
     9.3000000        0.13705715        0.00542055
     9.4000000        0.17814458        0.00303289
     9.5000000        0.23927822        0.00126880
     9.6000000        0.30955834        0.00581204
     9.7000000        0.40582019        0.01513252
     9.8000000        0.53935256        0.02348700
     9.9000000        0.72975687        0.02496846
    10.0000000        1.01310545        0.03339965
