     0.0000000        0.45998186        0.12225640
     0.1000000        0.26226852        0.12579989
     0.2000000        0.15348859        0.12860215
     0.3000000        0.09091798        0.13064350
     0.4000000        0.06830584        0.12688463
     0.5000000        0.05547864        0.12488853
     0.6000000        0.05846773        0.12166453
     0.7000000        0.05909910        0.12496497
     0.8000000        0.06627567        0.11822019
     0.9000000        0.07183568        0.11124901
     1.0000000        0.08380702        0.10143988
     1.1000000        0.08035809        0.10011913
     1.2000000        0.07734180        0.10722768
     1.3000000        0.09026830        0.10379813
     1.4000000        0.08788916        0.10155757
     1.5000000        0.07484064        0.10189224
     1.6000000        0.06687378        0.10250585
     1.7000000        0.07449114        0.09664566
     1.8000000        0.07459516        0.09837238
     1.9000000        0.06531880        0.09633206
     2.0000000        0.05842883        0.09050744
     2.1000000        0.05390308        0.08991180
     2.2000000        0.05524782        0.09128154
     2.3000000        0.05787765        0.09174244
     2.4000000        0.05424186        0.09221281
     2.5000000        0.05356818        0.09448324
     2.6000000        0.04216118        0.10120497
     2.7000000        0.02779449        0.10189114
     2.8000000        0.03866702        0.09599333
     2.9000000        0.03234153        0.09975984
     3.0000000        0.02444754        0.10406059
     3.1000000        0.03128388        0.10457190
     3.2000000        0.04003310        0.09793014
     3.3000000        0.04334591        0.09394183
     3.4000000        0.06054971        0.08675595
     3.5000000        0.05576913        0.08652279
     3.6000000        0.04214558        0.09224844
     3.7000000        0.03303058        0.09505226
     3.8000000        0.03033401        0.09740343
     3.9000000        0.02219773        0.09941421
     4.0000000        0.02056583        0.09766040
     4.1000000        0.01020816        0.10372498
     4.2000000        0.00832132        0.10776194
     4.3000000        0.00830919        0.11190411
     4.4000000       -0.00759807        0.11901429
     4.5000000       -0.01536332        0.12459387
     4.6000000       -0.02101692        0.12582588
     4.7000000       -0.01212188        0.11885497
     4.8000000        0.00206528        0.11218615
     4.9000000        0.00374577        0.11229084
     5.0000000        0.01337916        0.10679668
     5.1000000        0.02190891        0.10070289
     5.2000000        0.02099204        0.09659266
     5.3000000        0.01854389        0.09526594
     5.4000000        0.01694991        0.09654980
     5.5000000        0.01353894        0.09843960
     5.6000000        0.00007452        0.10346294
     5.7000000        0.00323824        0.10336564
     5.8000000        0.00820180        0.10517696
     5.9000000        0.02474518        0.10247659
     6.0000000        0.02935248        0.10126496
     6.1000000        0.04109752        0.10223652
     6.2000000        0.04218192        0.10006066
     6.3000000        0.04255235        0.09702417
     6.4000000        0.03687519        0.09983182
     6.5000000        0.03192805        0.10154433
     6.6000000        0.03247551        0.09911475
     6.7000000        0.02224027        0.10380954
     6.8000000        0.02340051        0.10367316
     6.9000000        0.01214629        0.10726275
     7.0000000        0.01652397        0.10990245
     7.1000000        0.02167746        0.11373443
     7.2000000        0.01940859        0.11597950
     7.3000000        0.01977721        0.11626044
     7.4000000        0.02159372        0.11423661
     7.5000000        0.01808478        0.11222188
     7.6000000        0.02099143        0.10982427
     7.7000000        0.02876149        0.10471877
     7.8000000        0.02724247        0.09973163
     7.9000000        0.04139295        0.09108476
     8.0000000        0.04379311        0.09305071
     8.1000000        0.05187136        0.09516145
     8.2000000        0.05045809        0.09581731
     8.3000000        0.05246987        0.09534984
     8.4000000        0.05698160        0.09840376
     8.5000000        0.06399093        0.10077494
     8.6000000        0.05969757        0.10385111
     8.7000000        0.04697157        0.11055259
     8.8000000        0.04692757        0.11459986
     8.9000000        0.04876687        0.11752443
     9.0000000        0.04291036        0.12575857
     9.1000000        0.04349199        0.12662456
     9.2000000        0.04951720        0.12721591
     9.3000000        0.05400635        0.12766029
     9.4000000        0.06850837        0.12089785
     9.5000000        0.07855782        0.12147077
     9.6000000        0.10228693        0.11971244
     9.7000000        0.13273119        0.12432545
     9.8000000        0.18278183        0.12501999
     9.9000000        0.27507348        0.12459923
    10.0000000        0.45998186        0.12225640
