     0.0000000        1.00000000        0.00000000
     0.1000000        0.73815107        0.00239167
     0.2000000        0.56248154        0.00383453
     0.3000000        0.43640091        0.00435294
     0.4000000        0.34640977        0.00493889
     0.5000000        0.27935570        0.00345972
     0.6000000        0.22832964        0.00360690
     0.7000000        0.18804567        0.00128269
     0.8000000        0.15684832        0.00047934
     0.9000000        0.13063223        0.00051178
     1.0000000        0.11147502        0.00040178
     1.1000000        0.09521698        0.00235316
     1.2000000        0.08165795        0.00034948
     1.3000000        0.07121170        0.00019158
     1.4000000        0.06043078        0.00101136
     1.5000000        0.05038879        0.00059130
     1.6000000        0.04051479        0.00120849
     1.7000000        0.03587577        0.00210427
     1.8000000        0.03155444        0.00323483
     1.9000000        0.02789535        0.00211882
     2.0000000        0.02321118        0.00235962
     2.1000000        0.01904583        0.00271857
     2.2000000        0.01622144        0.00206739
     2.3000000        0.01373352        0.00332184
     2.4000000        0.01130075        0.00239868
     2.5000000        0.00925051        0.00373438
     2.6000000        0.00824092        0.00447260
     2.7000000        0.00648111        0.00447279
     2.8000000        0.00641882        0.00610550
     2.9000000        0.00570188        0.00573785
     3.0000000        0.00406636        0.00464534
     3.1000000        0.00380496        0.00288877
     3.2000000        0.00340020        0.00250964
     3.3000000        0.00331077        0.00143276
     3.4000000        0.00358511        0.00019750
     3.5000000        0.00355675        0.00135935
     3.6000000        0.00240584        0.00160837
     3.7000000        0.00178863        0.00183492
     3.8000000        0.00124874        0.00122482
     3.9000000        0.00085030        0.00137547
     4.0000000        0.00077311        0.00244968
     4.1000000        0.00074106        0.00119048
     4.2000000        0.00084569        0.00125073
     4.3000000       -0.00036530        0.00011355
     4.4000000       -0.00035498        0.00006689
     4.5000000       -0.00061509        0.00106445
     4.6000000       -0.00004252        0.00193423
     4.7000000        0.00034245        0.00040828
     4.8000000       -0.00005756        0.00081031
     4.9000000       -0.00080954        0.00042283
     5.0000000        0.00016205        0.00004776
     5.1000000        0.00029164        0.00127887
     5.2000000        0.00059462        0.00271191
     5.3000000        0.00162652        0.00124468
     5.4000000        0.00102598        0.00183177
     5.5000000        0.00156965        0.00027201
     5.6000000        0.00098591        0.00089456
     5.7000000        0.00201556        0.00210023
     5.8000000        0.00214521        0.00198442
     5.9000000        0.00326062        0.00213950
     6.0000000        0.00291233        0.00168962
     6.1000000        0.00329627        0.00065032
     6.2000000        0.00368136        0.00034538
     6.3000000        0.00411389        0.00225968
     6.4000000        0.00476192        0.00229996
     6.5000000        0.00458714        0.00068268
     6.6000000        0.00388551        0.00119509
     6.7000000        0.00507856        0.00184193
     6.8000000        0.00565121        0.00264300
     6.9000000        0.00624689        0.00002295
     7.0000000        0.00684848        0.00069960
     7.1000000        0.00726534        0.00117933
     7.2000000        0.00725245        0.00083114
     7.3000000        0.00774060        0.00110651
     7.4000000        0.00943377        0.00236550
     7.5000000        0.01271572        0.00002923
     7.6000000        0.01421981        0.00128248
     7.7000000        0.01713987        0.00097967
     7.8000000        0.01871777        0.00164512
     7.9000000        0.02113249        0.00103115
     8.0000000        0.02361572        0.00114755
     8.1000000        0.02681142        0.00169357
     8.2000000        0.03299404        0.00347732
     8.3000000        0.03948075        0.00326967
     8.4000000        0.04378696        0.00173356
     8.5000000        0.05052920        0.00165558
     8.6000000        0.05835324        0.00044225
     8.7000000        0.06745320        0.00060465
     8.8000000        0.07983868        0.00137786
     8.9000000        0.09307968        0.00253109
     9.0000000        0.10956927        0.00512007
     9.1000000        0.13006039        0.00369911
     9.2000000        0.15620110        0.00418962
     9.3000000        0.19190007        0.00320805
     9.4000000        0.23157956        0.00277993
     9.5000000        0.28351701        0.00542066
     9.6000000        0.35169581        0.00131276
     9.7000000        0.43738847        0.00908008
     9.8000000        0.56145928        0.00317501
     9.9000000        0.73762325        0.00230429
    10.0000000        1.00000000        0.00000000
