     0.0000000        0.60364865        0.01927825
     0.1000000        0.41345518        0.01749185
     0.2000000        0.28998546        0.03518068
     0.3000000        0.21204901        0.04094043
     0.4000000        0.16566902        0.03079606
     0.5000000        0.13245588        0.02024517
     0.6000000        0.10675494        0.02191278
     0.7000000        0.08942960        0.02465123
     0.8000000        0.07497245        0.02303518
     0.9000000        0.06619790        0.01695607
     1.0000000        0.05532162        0.01458303
     1.1000000        0.04865381        0.00941690
     1.2000000        0.04422369        0.00293824
     1.3000000        0.03690755        0.00261937
     1.4000000        0.03314309        0.00004770
     1.5000000        0.02731366        0.00149309
     1.6000000        0.02356793        0.00367211
     1.7000000        0.01814081        0.00714803
     1.8000000        0.01208189        0.00916485
     1.9000000        0.00749503        0.01044751
     2.0000000        0.00585263        0.01101621
     2.1000000        0.00435253        0.01040556
     2.2000000        0.00153109        0.01172710
     2.3000000        0.00280639        0.00729808
     2.4000000        0.00377924        0.00526356
     2.5000000        0.00300311        0.00732460
     2.6000000        0.00160853        0.00777740
     2.7000000        0.00138607        0.00747443
     2.8000000        0.00110500        0.00453034
     2.9000000        0.00170806        0.00280467
     3.0000000        0.00452381        0.00007741
     3.1000000        0.00596148        0.00073693
     3.2000000        0.00684033        0.00097435
     3.3000000        0.00792341        0.00211497
     3.4000000        0.00782574        0.00151090
     3.5000000        0.00757888        0.00006314
     3.6000000        0.00729268        0.00218669
     3.7000000        0.00636462        0.00320006
     3.8000000        0.00564710        0.00211301
     3.9000000        0.00393024        0.00206883
     4.0000000        0.00428208        0.00209642
     4.1000000        0.00495283        0.00316831
     4.2000000        0.00393805        0.00283258
     4.3000000        0.00234916        0.00315611
     4.4000000        0.00214214        0.00180573
     4.5000000        0.00190896        0.00233781
     4.6000000        0.00236590        0.00189735
     4.7000000        0.00290187        0.00149259
     4.8000000        0.00183570        0.00111475
     4.9000000        0.00076455        0.00230515
     5.0000000        0.00043021        0.00476126
     5.1000000        0.00054396        0.00489390
     5.2000000        0.00001915        0.00509924
     5.3000000        0.00079928        0.00436317
     5.4000000        0.00114499        0.00166953
     5.5000000        0.00286221        0.00034462
     5.6000000        0.00203295        0.00047641
     5.7000000        0.00011478        0.00037514
     5.8000000       -0.00154041        0.00058765
     5.9000000       -0.00141234        0.00235208
     6.0000000       -0.00139777        0.00229263
     6.1000000       -0.00178491        0.00215354
     6.2000000       -0.00179185        0.00249548
     6.3000000       -0.00077363        0.00341641
     6.4000000       -0.00031192        0.00380591
     6.5000000        0.00079030        0.00273444
     6.6000000        0.00156415        0.00354604
     6.7000000        0.00271643        0.00452490
     6.8000000        0.00386362        0.00522734
     6.9000000        0.00359719        0.00548895
     7.0000000        0.00397997        0.00592147
     7.1000000        0.00426924        0.00792474
     7.2000000        0.00309684        0.00950248
     7.3000000        0.00098492        0.00980175
     7.4000000       -0.00053353        0.00695882
     7.5000000        0.00068089        0.00652095
     7.6000000        0.00137992        0.00744471
     7.7000000        0.00176190        0.01000651
     7.8000000        0.00401935        0.00776218
     7.9000000        0.00602915        0.00565601
     8.0000000        0.00749361        0.00536935
     8.1000000        0.00959350        0.00450199
     8.2000000        0.01163162        0.00471465
     8.3000000        0.01507971        0.00559866
     8.4000000        0.01833252        0.00876293
     8.5000000        0.02224801        0.00667885
     8.6000000        0.02571445        0.00456630
     8.7000000        0.03013643        0.00850707
     8.8000000        0.03609814        0.01223657
     8.9000000        0.04563695        0.01812101
     9.0000000        0.05696614        0.01993107
     9.1000000        0.07191165        0.02225915
     9.2000000        0.09198611        0.02537835
     9.3000000        0.11170557        0.02175642
     9.4000000        0.13247919        0.00944297
     9.5000000        0.16101219        0.00334850
     9.6000000        0.20236265        0.00444276
     9.7000000        0.24615512        0.00893558
     9.8000000        0.31808396        0.01063139
     9.9000000        0.43144542        0.01766784
    10.0000000        0.60364865        0.01927825
