     0.0000000        0.76586132        0.01459250
     0.1000000        0.65531331        0.01468546
     0.2000000        0.57491156        0.01487617
     0.3000000        0.51189485        0.01439782
     0.4000000        0.46155473        0.01344909
     0.5000000        0.42154387        0.01283318
     0.6000000        0.38756704        0.01201332
     0.7000000        0.35898482        0.01134665
     0.8000000        0.33386122        0.01022494
     0.9000000        0.31260924        0.00914719
     1.0000000        0.29428055        0.00811446
     1.1000000        0.27901768        0.00782563
     1.2000000        0.26628871        0.00845135
     1.3000000        0.25374026        0.00809519
     1.4000000        0.24261395        0.00767051
     1.5000000        0.23275224        0.00743057
     1.6000000        0.22367094        0.00707723
     1.7000000        0.21514705        0.00648013
     1.8000000        0.20819825        0.00661569
     1.9000000        0.20229863        0.00664480
     2.0000000        0.19683369        0.00662540
     2.1000000        0.19200588        0.00676791
     2.2000000        0.18759070        0.00702174
     2.3000000        0.18328049        0.00703433
     2.4000000        0.17970492        0.00718206
     2.5000000        0.17674560        0.00781463
     2.6000000        0.17444263        0.00883501
     2.7000000        0.17160466        0.00888872
     2.8000000        0.16844607        0.00833150
     2.9000000        0.16654311        0.00849632
     3.0000000        0.16438048        0.00857812
     3.1000000        0.16215745        0.00863480
     3.2000000        0.15930077        0.00810948
     3.3000000        0.15687712        0.00773131
     3.4000000        0.15426863        0.00725120
     3.5000000        0.15268991        0.00711180
     3.6000000        0.15141811        0.00737813
     3.7000000        0.15073669        0.00748579
     3.8000000        0.14968539        0.00758670
     3.9000000        0.14854056        0.00755896
     4.0000000        0.14766140        0.00751065
     4.1000000        0.14790023        0.00797902
     4.2000000        0.14784804        0.00838020
     4.3000000        0.14765926        0.00872707
     4.4000000        0.14779024        0.00925748
     4.5000000        0.14768339        0.00980185
     4.6000000        0.14757363        0.01011470
     4.7000000        0.14642742        0.00978509
     4.8000000        0.14559164        0.00960249
     4.9000000        0.14469521        0.00931469
     5.0000000        0.14363770        0.00852463
     5.1000000        0.14254918        0.00789859
     5.2000000        0.14253927        0.00768172
     5.3000000        0.14257321        0.00760749
     5.4000000        0.14267413        0.00766471
     5.5000000        0.14322382        0.00795607
     5.6000000        0.14441262        0.00843266
     5.7000000        0.14508088        0.00840849
     5.8000000        0.14558224        0.00829330
     5.9000000        0.14526688        0.00770021
     6.0000000        0.14552516        0.00742192
     6.1000000        0.14585538        0.00715176
     6.2000000        0.14661084        0.00692992
     6.3000000        0.14770497        0.00681141
     6.4000000        0.14894309        0.00692272
     6.5000000        0.15009738        0.00689775
     6.6000000        0.15120772        0.00658650
     6.7000000        0.15325557        0.00682412
     6.8000000        0.15514388        0.00682349
     6.9000000        0.15730495        0.00694646
     7.0000000        0.15978077        0.00717167
     7.1000000        0.16247022        0.00732688
     7.2000000        0.16563094        0.00750867
     7.3000000        0.16892449        0.00762267
     7.4000000        0.17205176        0.00769916
     7.5000000        0.17532472        0.00770686
     7.6000000        0.17899379        0.00768624
     7.7000000        0.18294305        0.00743334
     7.8000000        0.18768365        0.00726434
     7.9000000        0.19230608        0.00705447
     8.0000000        0.19806062        0.00740527
     8.1000000        0.20454850        0.00782360
     8.2000000        0.21135701        0.00807344
     8.3000000        0.21783040        0.00812665
     8.4000000        0.22547369        0.00847420
     8.5000000        0.23381766        0.00869450
     8.6000000        0.24363369        0.00910583
     8.7000000        0.25525074        0.01012888
     8.8000000        0.26788438        0.01069471
     8.9000000        0.28188398        0.01076895
     9.0000000        0.29787994        0.01139311
     9.1000000        0.31530399        0.01130080
     9.2000000        0.33586563        0.01142453
     9.3000000        0.35919845        0.01151452
     9.4000000        0.38615877        0.01123884
     9.5000000        0.41917675        0.01147943
     9.6000000        0.45832226        0.01166429
     9.7000000        0.50775452        0.01244094
     9.8000000        0.57023099        0.01310465
     9.9000000        0.65285350        0.01385077
    10.0000000        0.76586132        0.01459250
