     0.0000000        1.03604167        0.06498725
     0.0500000        0.98437500        0.06604561
     0.1000000        0.93770833        0.06502857
     0.1500000        0.89656250        0.06491116
     0.2000000        0.85020833        0.06151031
     0.2500000        0.82052083        0.06211274
     0.3000000        0.79916667        0.06178921
     0.3500000        0.77281250        0.06244380
     0.4000000        0.74822917        0.06242505
     0.4500000        0.72989583        0.06252385
     0.5000000        0.70531250        0.06203258
     0.5500000        0.69125000        0.06478010
     0.6000000        0.68270833        0.06644664
     0.6500000        0.67666667        0.06702240
     0.7000000        0.67375000        0.06413905
     0.7500000        0.64708333        0.06244281
     0.8000000        0.63062500        0.05786100
     0.8500000        0.62375000        0.05791309
     0.9000000        0.61072917        0.05724825
     0.9500000        0.59260417        0.05863691
     1.0000000        0.57708333        0.06120019
     1.0500000        0.54885417        0.06132837
     1.1000000        0.51968750        0.05941087
     1.1500000        0.49958333        0.05973347
     1.2000000        0.48000000        0.06336325
     1.2500000        0.46489583        0.07030179
     1.3000000        0.44625000        0.07248878
     1.3500000        0.42229167        0.07581749
     1.4000000        0.41354167        0.07927076
     1.4500000        0.40000000        0.07707528
     1.5000000        0.38458333        0.07907480
     1.5500000        0.36312500        0.07668906
     1.6000000        0.34562500        0.07544128
     1.6500000        0.32385417        0.07367151
     1.7000000        0.31312500        0.07075130
     1.7500000        0.30906250        0.06679540
     1.8000000        0.28750000        0.06604258
     1.8500000        0.26437500        0.06359059
     1.9000000        0.23979167        0.06102893
     1.9500000        0.22322917        0.06010031
     2.0000000        0.20666667        0.05597611
     2.0500000        0.19125000        0.05111793
     2.1000000        0.18239583        0.04892186
     2.1500000        0.16875000        0.04795885
     2.2000000        0.16833333        0.04864415
     2.2500000        0.16458333        0.04566156
     2.3000000        0.14947917        0.04471514
     2.3500000        0.13250000        0.04257741
     2.4000000        0.12645833        0.03782225
     2.4500000        0.11760417        0.03757653
     2.5000000        0.10666667        0.03665238
     2.5500000        0.10072917        0.03886379
     2.6000000        0.09427083        0.03953221
     2.6500000        0.09364583        0.04397638
     2.7000000        0.09302083        0.04942554
     2.7500000        0.08229167        0.05180244
     2.8000000        0.06447917        0.05571902
     2.8500000        0.07260417        0.05265901
     2.9000000        0.07406250        0.05130103
     2.9500000        0.07458333        0.05227503
     3.0000000        0.08666667        0.05124971
     3.0500000        0.08666667        0.05140066
     3.1000000        0.09281250        0.05223569
     3.1500000        0.09291667        0.05270702
     3.2000000        0.09208333        0.05328209
     3.2500000        0.08708333        0.05352703
     3.3000000        0.08906250        0.05184786
     3.3500000        0.10406250        0.04995275
     3.4000000        0.11427083        0.05110212
     3.4500000        0.10989583        0.05443228
     3.5000000        0.10947917        0.05576257
     3.5500000        0.09458333        0.05550676
     3.6000000        0.08208333        0.05384669
     3.6500000        0.06885417        0.05577762
     3.7000000        0.06520833        0.05972622
     3.7500000        0.06656250        0.06136408
     3.8000000        0.05927083        0.06251187
     3.8500000        0.05031250        0.06393459
     3.9000000        0.05312500        0.06319888
     3.9500000        0.05833333        0.06054170
     4.0000000        0.05145833        0.05947707
     4.0500000        0.04625000        0.06044472
     4.1000000        0.02843750        0.06393762
     4.1500000        0.02687500        0.06238243
     4.2000000        0.00927083        0.06198829
     4.2500000        0.00187500        0.06377228
     4.3000000        0.00937500        0.06333889
     4.3500000        0.01177083        0.06634349
     4.4000000        0.01916667        0.06822921
     4.4500000        0.02583333        0.07074671
     4.5000000        0.02312500        0.07325862
     4.5500000        0.03583333        0.07475379
     4.6000000        0.04593750        0.07243623
     4.6500000        0.05114583        0.07134399
     4.7000000        0.05156250        0.06930964
     4.7500000        0.04645833        0.06762955
     4.8000000        0.04708333        0.06958079
     4.8500000        0.04989583        0.07177006
     4.9000000        0.05572917        0.07254513
     4.9500000        0.05291667        0.07336446
     5.0000000        0.05645833        0.07493986
     5.0500000        0.05812500        0.07646748
     5.1000000        0.06656250        0.07838951
     5.1500000        0.05916667        0.07754353
     5.2000000        0.05906250        0.07730884
     5.2500000        0.05020833        0.07906067
     5.3000000        0.05000000        0.07560414
     5.3500000        0.05666667        0.07370478
     5.4000000        0.06520833        0.07613108
     5.4500000        0.07635417        0.07718786
     5.5000000        0.08927083        0.07895257
     5.5500000        0.09406250        0.08056604
     5.6000000        0.10604167        0.07947982
     5.6500000        0.12479167        0.07780031
     5.7000000        0.12968750        0.07626822
     5.7500000        0.13468750        0.07115726
     5.8000000        0.13093750        0.06955773
     5.8500000        0.13437500        0.06947031
     5.9000000        0.13218750        0.06741599
     5.9500000        0.13395833        0.06566881
     6.0000000        0.14000000        0.06439363
     6.0500000        0.13364583        0.06522756
     6.1000000        0.13364583        0.06378887
     6.1500000        0.11812500        0.06442200
     6.2000000        0.11375000        0.06607229
     6.2500000        0.10750000        0.06759157
     6.3000000        0.09833333        0.06845029
     6.3500000        0.09114583        0.06885378
     6.4000000        0.08760417        0.06723326
     6.4500000        0.07406250        0.06657678
     6.5000000        0.06947917        0.06476524
     6.5500000        0.08364583        0.06410490
     6.6000000        0.09135417        0.06169491
     6.6500000        0.09791667        0.06285813
     6.7000000        0.09833333        0.06172271
     6.7500000        0.09989583        0.06062614
     6.8000000        0.09541667        0.06233332
     6.8500000        0.08666667        0.06049028
     6.9000000        0.07458333        0.06172334
     6.9500000        0.06770833        0.06354657
     7.0000000        0.05541667        0.06538770
     7.0500000        0.04968750        0.06779819
     7.1000000        0.05427083        0.07067679
     7.1500000        0.04281250        0.06927945
     7.2000000        0.03218750        0.06524808
     7.2500000        0.00656250        0.06615357
     7.3000000       -0.01500000        0.06870030
     7.3500000       -0.02656250        0.07297368
     7.4000000       -0.04927083        0.07440769
     7.4500000       -0.05885417        0.07721078
     7.5000000       -0.06375000        0.08027892
     7.5500000       -0.06104167        0.08141264
     7.6000000       -0.07208333        0.07950881
     7.6500000       -0.08010417        0.07763792
     7.7000000       -0.08822917        0.07261096
     7.7500000       -0.09489583        0.07021559
     7.8000000       -0.10041667        0.06732959
     7.8500000       -0.09697917        0.06247158
     7.9000000       -0.10104167        0.06167363
     7.9500000       -0.11187500        0.06453675
     8.0000000       -0.11937500        0.06512692
     8.0500000       -0.13343750        0.06832468
     8.1000000       -0.14812500        0.07137838
     8.1500000       -0.16041667        0.07630381
     8.2000000       -0.16302083        0.07472478
     8.2500000       -0.17000000        0.07443225
     8.3000000       -0.16385417        0.06833835
     8.3500000       -0.16302083        0.06620456
     8.4000000       -0.16895833        0.06616171
     8.4500000       -0.18020833        0.06708740
     8.5000000       -0.19395833        0.06891440
     8.5500000       -0.19562500        0.07351131
     8.6000000       -0.19739583        0.07347493
     8.6500000       -0.20791667        0.07560061
     8.7000000       -0.21354167        0.07697399
     8.7500000       -0.22229167        0.07661077
     8.8000000       -0.23906250        0.07970149
     8.8500000       -0.24645833        0.08171677
     8.9000000       -0.25020833        0.08220361
     8.9500000       -0.25104167        0.08036459
     9.0000000       -0.26250000        0.08110230
     9.0500000       -0.27645833        0.08249309
     9.1000000       -0.28854167        0.08412865
     9.1500000       -0.31000000        0.08651109
     9.2000000       -0.32906250        0.08337690
     9.2500000       -0.34666667        0.07965906
     9.3000000       -0.35041667        0.08091633
     9.3500000       -0.35083333        0.08144776
     9.4000000       -0.34885417        0.08507842
     9.4500000       -0.36187500        0.08700398
     9.5000000       -0.37041667        0.08882560
     9.5500000       -0.37166667        0.09101774
     9.6000000       -0.38541667        0.09158870
     9.6500000       -0.37614583        0.08630328
     9.7000000       -0.36385417        0.08398788
     9.7500000       -0.35593750        0.08097835
     9.8000000       -0.33989583        0.08044884
     9.8500000       -0.32385417        0.07948642
     9.9000000       -0.30802083        0.07741439
     9.9500000       -0.29854167        0.07821152
    10.0000000       -0.28177083        0.07074618
    10.0500000       -0.27177083        0.05901119
    10.1000000       -0.26427083        0.05946396
    10.1500000       -0.25177083        0.05999988
    10.2000000       -0.24781250        0.06112160
    10.2500000       -0.23666667        0.06192886
    10.3000000       -0.22947917        0.06348754
    10.3500000       -0.22781250        0.05975504
    10.4000000       -0.22447917        0.05927930
    10.4500000       -0.22479167        0.06121443
    10.5000000       -0.21864583        0.06159792
    10.5500000       -0.21875000        0.06578083
    10.6000000       -0.20395833        0.06646374
    10.6500000       -0.19322917        0.06587175
    10.7000000       -0.18656250        0.06614556
    10.7500000       -0.17562500        0.06533854
    10.8000000       -0.16989583        0.06756147
    10.8500000       -0.16375000        0.06925463
    10.9000000       -0.16333333        0.07122640
    10.9500000       -0.16104167        0.07528490
    11.0000000       -0.16541667        0.08036049
    11.0500000       -0.17687500        0.08376341
    11.1000000       -0.17406250        0.08488433
    11.1500000       -0.16854167        0.08861405
    11.2000000       -0.17333333        0.08857462
    11.2500000       -0.18187500        0.09205324
    11.3000000       -0.18343750        0.09068354
    11.3500000       -0.17218750        0.08977289
    11.4000000       -0.17302083        0.08965865
    11.4500000       -0.16687500        0.08747616
    11.5000000       -0.17104167        0.08510959
    11.5500000       -0.17989583        0.08420301
    11.6000000       -0.19135417        0.08313717
    11.6500000       -0.20593750        0.08134540
    11.7000000       -0.21177083        0.07976082
    11.7500000       -0.21062500        0.07969118
    11.8000000       -0.19958333        0.07853322
    11.8500000       -0.18875000        0.07668948
    11.9000000       -0.18802083        0.07583854
    11.9500000       -0.18593750        0.07720035
    12.0000000       -0.16937500        0.07891037
    12.0500000       -0.15864583        0.08195246
    12.1000000       -0.14895833        0.07999093
    12.1500000       -0.14697917        0.07887615
    12.2000000       -0.13697917        0.07864219
    12.2500000       -0.13843750        0.07864903
    12.3000000       -0.14177083        0.07926549
    12.3500000       -0.14770833        0.08118677
    12.4000000       -0.15572917        0.08136323
    12.4500000       -0.16333333        0.07981955
    12.5000000       -0.16520833        0.07852772
    12.5500000       -0.17333333        0.07872898
    12.6000000       -0.17000000        0.07819074
    12.6500000       -0.16031250        0.07947320
    12.7000000       -0.14687500        0.07888271
    12.7500000       -0.14479167        0.08044665
    12.8000000       -0.14083333        0.08014326
    12.8500000       -0.14000000        0.08042308
    12.9000000       -0.13864583        0.07965357
    12.9500000       -0.13416667        0.07562948
    13.0000000       -0.13812500        0.07249635
    13.0500000       -0.13968750        0.07104411
    13.1000000       -0.14906250        0.06774789
    13.1500000       -0.16770833        0.06374440
    13.2000000       -0.16583333        0.06006052
    13.2500000       -0.17197917        0.05397296
    13.3000000       -0.18072917        0.05016102
    13.3500000       -0.18104167        0.04493965
    13.4000000       -0.18416667        0.04075867
    13.4500000       -0.18041667        0.03944421
    13.5000000       -0.18145833        0.04066653
    13.5500000       -0.18520833        0.04337154
    13.6000000       -0.18812500        0.04646505
    13.6500000       -0.18906250        0.05053437
    13.7000000       -0.18604167        0.05383362
    13.7500000       -0.17906250        0.05458075
    13.8000000       -0.18447917        0.05244770
    13.8500000       -0.18020833        0.05127200
    13.9000000       -0.18520833        0.05129013
    13.9500000       -0.18375000        0.05358964
    14.0000000       -0.18239583        0.05398683
    14.0500000       -0.18447917        0.05472684
    14.1000000       -0.17895833        0.05241183
    14.1500000       -0.17552083        0.05185641
    14.2000000       -0.17739583        0.05189848
    14.2500000       -0.18395833        0.05080418
    14.3000000       -0.19583333        0.05347200
    14.3500000       -0.19635417        0.05562856
    14.4000000       -0.18906250        0.05849594
    14.4500000       -0.18281250        0.05958169
    14.5000000       -0.18906250        0.06279067
    14.5500000       -0.17708333        0.05986174
    14.6000000       -0.16989583        0.05846179
    14.6500000       -0.15437500        0.05573803
    14.7000000       -0.14208333        0.05205397
    14.7500000       -0.14031250        0.05108789
    14.8000000       -0.13312500        0.05114533
    14.8500000       -0.12312500        0.05216875
    14.9000000       -0.10718750        0.05463254
    14.9500000       -0.09791667        0.05386563
    15.0000000       -0.09677083        0.05345415
    15.0500000       -0.09000000        0.05015472
    15.1000000       -0.08291667        0.04706805
    15.1500000       -0.08250000        0.04798120
    15.2000000       -0.07979167        0.04596779
    15.2500000       -0.07791667        0.04494813
    15.3000000       -0.08052083        0.04519913
    15.3500000       -0.08572917        0.04615412
    15.4000000       -0.09166667        0.04479099
    15.4500000       -0.09125000        0.04912325
    15.5000000       -0.07875000        0.04695836
    15.5500000       -0.07458333        0.04724659
    15.6000000       -0.06541667        0.04588077
    15.6500000       -0.05052083        0.04899123
    15.7000000       -0.04250000        0.05070398
    15.7500000       -0.03635417        0.05312338
    15.8000000       -0.03041667        0.05525236
    15.8500000       -0.02281250        0.05580879
    15.9000000       -0.01343750        0.05604546
    15.9500000        0.00166667        0.05627475
    16.0000000        0.01833333        0.05774859
    16.0500000        0.03375000        0.06099638
    16.1000000        0.03750000        0.06119864
    16.1500000        0.04593750        0.06287781
    16.2000000        0.04916667        0.06430540
    16.2500000        0.05812500        0.06223446
    16.3000000        0.07343750        0.06455488
    16.3500000        0.07927083        0.06511145
    16.4000000        0.09406250        0.06210726
    16.4500000        0.10427083        0.06086507
    16.5000000        0.11927083        0.06086889
    16.5500000        0.13687500        0.05940943
    16.6000000        0.15447917        0.05870799
    16.6500000        0.15770833        0.05950094
    16.7000000        0.16854167        0.05966479
    16.7500000        0.18385417        0.06097932
    16.8000000        0.21031250        0.06207149
    16.8500000        0.22718750        0.06551432
    16.9000000        0.24760417        0.06902517
    16.9500000        0.25541667        0.07019073
    17.0000000        0.26343750        0.07465574
    17.0500000        0.27093750        0.07933676
    17.1000000        0.27166667        0.08117492
    17.1500000        0.26635417        0.08096485
    17.2000000        0.26760417        0.08200003
    17.2500000        0.26645833        0.08134091
    17.3000000        0.26677083        0.08041802
    17.3500000        0.26041667        0.08212857
    17.4000000        0.26156250        0.08465110
    17.4500000        0.27416667        0.08473454
    17.5000000        0.26958333        0.08518140
    17.5500000        0.27750000        0.08436029
    17.6000000        0.28822917        0.08335682
    17.6500000        0.28479167        0.08592154
    17.7000000        0.29177083        0.08656383
    17.7500000        0.29791667        0.08692674
    17.8000000        0.30052083        0.08301702
    17.8500000        0.30854167        0.07703353
    17.9000000        0.31031250        0.07785445
    17.9500000        0.32125000        0.07474768
    18.0000000        0.33354167        0.07277676
    18.0500000        0.34572917        0.07357697
    18.1000000        0.36197917        0.06746086
    18.1500000        0.37197917        0.06563569
    18.2000000        0.37322917        0.06471957
    18.2500000        0.38447917        0.06245855
    18.3000000        0.39218750        0.06168375
    18.3500000        0.39447917        0.05980155
    18.4000000        0.40239583        0.05724035
    18.4500000        0.41302083        0.05724915
    18.5000000        0.42364583        0.05646148
    18.5500000        0.43864583        0.05703039
    18.6000000        0.45614583        0.05768105
    18.6500000        0.46854167        0.05841436
    18.7000000        0.47895833        0.05840485
    18.7500000        0.48562500        0.05718190
    18.8000000        0.48458333        0.05724145
    18.8500000        0.49333333        0.05911283
    18.9000000        0.51250000        0.05837304
    18.9500000        0.53083333        0.05526662
    19.0000000        0.55854167        0.05865526
    19.0500000        0.58364583        0.06366263
    19.1000000        0.61208333        0.06399238
    19.1500000        0.62604167        0.06405218
    19.2000000        0.64395833        0.06599443
    19.2500000        0.66135417        0.06879656
    19.3000000        0.66645833        0.06852807
    19.3500000        0.68541667        0.06987802
    19.4000000        0.71104167        0.07079789
    19.4500000        0.72656250        0.07172465
    19.5000000        0.75447917        0.07230711
    19.5500000        0.77697917        0.07283204
    19.6000000        0.80333333        0.07145285
    19.6500000        0.82885417        0.06730717
    19.7000000        0.85541667        0.06674748
    19.7500000        0.87927083        0.06807405
    19.8000000        0.89833333        0.06791393
    19.8500000        0.92010417        0.06738195
    19.9000000        0.96177083        0.06821485
    19.9500000        0.99177083        0.06691869
    20.0000000        1.03604167        0.06498725
