     0.0000000        2.00000000        0.00000007
     0.1000000        1.58531880        0.00722988
     0.2000000        1.27089713        0.00486312
     0.3000000        1.02990285        0.00661885
     0.4000000        0.83101079        0.00528431
     0.5000000        0.67824899        0.00750433
     0.6000000        0.56161264        0.00835933
     0.7000000        0.46322978        0.00866130
     0.8000000        0.38227403        0.00616481
     0.9000000        0.32119725        0.00727931
     1.0000000        0.26643587        0.00731074
     1.1000000        0.22505233        0.00705616
     1.2000000        0.18487476        0.00528069
     1.3000000        0.15613967        0.00502560
     1.4000000        0.13063692        0.00197394
     1.5000000        0.10516489        0.00231156
     1.6000000        0.09140632        0.00408876
     1.7000000        0.07931489        0.00685304
     1.8000000        0.06765825        0.00437291
     1.9000000        0.05720118        0.00684564
     2.0000000        0.05107062        0.00536443
     2.1000000        0.04315655        0.00509647
     2.2000000        0.04021284        0.00396233
     2.3000000        0.03755049        0.00428145
     2.4000000        0.03293108        0.00368731
     2.5000000        0.02860718        0.00176271
     2.6000000        0.02505988        0.00239149
     2.7000000        0.02362903        0.00378164
     2.8000000        0.01777602        0.00369733
     2.9000000        0.01651710        0.00337603
     3.0000000        0.01489367        0.00513887
     3.1000000        0.00906691        0.00253054
     3.2000000        0.00477752        0.00263109
     3.3000000        0.00874895        0.00525719
     3.4000000        0.00860807        0.00307769
     3.5000000        0.01003149        0.00348585
     3.6000000        0.00492189        0.00350033
     3.7000000        0.00423980        0.00416370
     3.8000000        0.00234823        0.00436509
     3.9000000        0.00219278        0.00439522
     4.0000000        0.00465484        0.00190857
     4.1000000        0.00222774        0.00197077
     4.2000000        0.00000499        0.00280410
     4.3000000        0.00095433        0.00428497
     4.4000000        0.00172605        0.00465883
     4.5000000        0.00556594        0.00559495
     4.6000000        0.00400160        0.00455464
     4.7000000        0.00277568        0.00519875
     4.8000000        0.00243651        0.00618318
     4.9000000        0.00298082        0.00615622
     5.0000000        0.00481832        0.00570696
     5.1000000       -0.00266995        0.00432406
     5.2000000        0.00010552        0.00483967
     5.3000000        0.00053708        0.00590927
     5.4000000        0.00017955        0.00446853
     5.5000000        0.00091253        0.00584596
     5.6000000       -0.00302127        0.00354105
     5.7000000       -0.00220667        0.00263070
     5.8000000        0.00065101        0.00298609
     5.9000000        0.00057497        0.00220111
     6.0000000       -0.00189282        0.00361915
     6.1000000       -0.00118498        0.00482788
     6.2000000        0.00464283        0.00443411
     6.3000000        0.00167026        0.00527760
     6.4000000        0.00460631        0.00579074
     6.5000000        0.00177421        0.00410936
     6.6000000       -0.00240912        0.00628559
     6.7000000        0.00029001        0.00528478
     6.8000000       -0.00073993        0.00289847
     6.9000000        0.00905786        0.00326152
     7.0000000        0.01073545        0.00500620
     7.1000000        0.00843560        0.00684891
     7.2000000        0.00633217        0.00652567
     7.3000000        0.00942138        0.00734787
     7.4000000        0.00842460        0.00833366
     7.5000000        0.00718971        0.00629176
     7.6000000        0.01180502        0.00797597
     7.7000000        0.02308420        0.00529114
     7.8000000        0.02315732        0.00592926
     7.9000000        0.03300213        0.00635590
     8.0000000        0.04314046        0.00641921
     8.1000000        0.05121880        0.00739516
     8.2000000        0.06256772        0.00646998
     8.3000000        0.07003788        0.00585542
     8.4000000        0.07930021        0.00566562
     8.5000000        0.10578947        0.00347121
     8.6000000        0.12568035        0.00717418
     8.7000000        0.15207955        0.00522037
     8.8000000        0.17985131        0.00739232
     8.9000000        0.21512887        0.01112829
     9.0000000        0.25705119        0.00748207
     9.1000000        0.31441518        0.00792834
     9.2000000        0.37856627        0.00703246
     9.3000000        0.46793618        0.00859208
     9.4000000        0.56868915        0.00857108
     9.5000000        0.69311355        0.00505766
     9.6000000        0.84538895        0.00718641
     9.7000000        1.03601355        0.00709564
     9.8000000        1.27969924        0.00733567
     9.9000000        1.59489275        0.00180250
    10.0000000        2.00000000        0.00000005
