     0.0000000        2.00000000        0.00000000
     0.1000000        1.76682385        0.00400076
     0.2000000        1.59171617        0.00567070
     0.3000000        1.43751391        0.00980297
     0.4000000        1.30919133        0.01251540
     0.5000000        1.20169931        0.01116666
     0.6000000        1.10607074        0.01188005
     0.7000000        1.01731952        0.01289679
     0.8000000        0.94096208        0.01486513
     0.9000000        0.85373458        0.01785966
     1.0000000        0.78500171        0.01474508
     1.1000000        0.72661257        0.01400049
     1.2000000        0.67831280        0.01013753
     1.3000000        0.63459486        0.01218908
     1.4000000        0.59292262        0.01558065
     1.5000000        0.55668488        0.01325179
     1.6000000        0.51832714        0.01425061
     1.7000000        0.47666973        0.01490783
     1.8000000        0.44440527        0.01948239
     1.9000000        0.41457796        0.02466669
     2.0000000        0.38280527        0.02868064
     2.1000000        0.35611520        0.02927658
     2.2000000        0.33244403        0.02435773
     2.3000000        0.31601236        0.03060554
     2.4000000        0.30089046        0.02455774
     2.5000000        0.27870293        0.02087639
     2.6000000        0.26538106        0.02148450
     2.7000000        0.24601645        0.01825419
     2.8000000        0.23805873        0.01429930
     2.9000000        0.22417276        0.01260227
     3.0000000        0.21663337        0.01228039
     3.1000000        0.20124982        0.00832191
     3.2000000        0.19350473        0.00433508
     3.3000000        0.17937123        0.00451671
     3.4000000        0.17338796        0.00641933
     3.5000000        0.14872107        0.00688391
     3.6000000        0.13597252        0.00514596
     3.7000000        0.12873068        0.00367359
     3.8000000        0.12727130        0.00338523
     3.9000000        0.11580955        0.00697816
     4.0000000        0.11303063        0.00704717
     4.1000000        0.09963078        0.00643166
     4.2000000        0.10038093        0.00606070
     4.3000000        0.08862513        0.00805687
     4.4000000        0.09894204        0.00944364
     4.5000000        0.10245121        0.00830951
     4.6000000        0.09935361        0.00778699
     4.7000000        0.09672781        0.00661545
     4.8000000        0.10076778        0.00697133
     4.9000000        0.09526897        0.01221898
     5.0000000        0.08908577        0.01257526
     5.1000000        0.09459241        0.01394099
     5.2000000        0.09097267        0.01448288
     5.3000000        0.08957491        0.01460692
     5.4000000        0.09049707        0.01356524
     5.5000000        0.09894075        0.01560446
     5.6000000        0.09993597        0.01501527
     5.7000000        0.10837934        0.01882758
     5.8000000        0.11781034        0.01849194
     5.9000000        0.12091935        0.01675448
     6.0000000        0.13194979        0.01762516
     6.1000000        0.13776825        0.01586680
     6.2000000        0.14184289        0.01792732
     6.3000000        0.14680782        0.02088111
     6.4000000        0.15287455        0.01906811
     6.5000000        0.15509924        0.01618818
     6.6000000        0.16866842        0.01350241
     6.7000000        0.16991664        0.01404549
     6.8000000        0.17792520        0.01735946
     6.9000000        0.19687482        0.01524885
     7.0000000        0.20774497        0.01809032
     7.1000000        0.21970244        0.01478156
     7.2000000        0.22519417        0.01181274
     7.3000000        0.23525377        0.01454765
     7.4000000        0.26762238        0.01825701
     7.5000000        0.27598550        0.02175789
     7.6000000        0.29423628        0.01868015
     7.7000000        0.31748170        0.01436784
     7.8000000        0.33687249        0.01771200
     7.9000000        0.35261972        0.02131043
     8.0000000        0.37607224        0.02041110
     8.1000000        0.39781549        0.01961077
     8.2000000        0.43119857        0.02052443
     8.3000000        0.46981333        0.01875684
     8.4000000        0.51137302        0.02054425
     8.5000000        0.55008919        0.02062415
     8.6000000        0.58970159        0.03034767
     8.7000000        0.63692833        0.02469356
     8.8000000        0.68585696        0.01781046
     8.9000000        0.74423125        0.01998885
     9.0000000        0.80411719        0.01606619
     9.1000000        0.86996815        0.01699120
     9.2000000        0.93178642        0.01688547
     9.3000000        0.99899774        0.01148047
     9.4000000        1.07976599        0.01677450
     9.5000000        1.18476192        0.01045602
     9.6000000        1.30977053        0.01455705
     9.7000000        1.42203177        0.01236268
     9.8000000        1.58473852        0.01542436
     9.9000000        1.76411642        0.00495489
    10.0000000        2.00000000        0.00000000
