     0.0000000        1.93674606        0.00118928
     0.1000000        1.07168046        0.00363206
     0.2000000        0.60099448        0.00214793
     0.3000000        0.34286990        0.00617523
     0.4000000        0.20181447        0.00064749
     0.5000000        0.11633956        0.00183661
     0.6000000        0.07248366        0.00483247
     0.7000000        0.04394103        0.00533935
     0.8000000        0.02837239        0.00648817
     0.9000000        0.01557620        0.00119505
     1.0000000        0.01119456        0.00017907
     1.1000000        0.00799994        0.00066746
     1.2000000        0.00579323        0.00255036
     1.3000000        0.00380310        0.00532048
     1.4000000        0.00293365        0.00157195
     1.5000000        0.00081200        0.00164027
     1.6000000       -0.00134048        0.00169624
     1.7000000       -0.00189953        0.00826068
     1.8000000       -0.00103308        0.00406939
     1.9000000        0.00022995        0.00347288
     2.0000000        0.00114070        0.00310149
     2.1000000        0.00130919        0.00269519
     2.2000000        0.00044497        0.00156498
     2.3000000        0.00041989        0.00420115
     2.4000000       -0.00155016        0.00338811
     2.5000000       -0.00235430        0.00251453
     2.6000000       -0.00498625        0.00091017
     2.7000000       -0.00350206        0.00296411
     2.8000000       -0.00213189        0.00293002
     2.9000000       -0.00082735        0.00174588
     3.0000000       -0.00319714        0.00203984
     3.1000000       -0.00330162        0.00046449
     3.2000000       -0.00125479        0.00164656
     3.3000000        0.00014414        0.00308726
     3.4000000        0.00138300        0.00657180
     3.5000000        0.00202264        0.00254851
     3.6000000        0.00128457        0.00179824
     3.7000000        0.00091117        0.00120026
     3.8000000       -0.00104539        0.00007614
     3.9000000       -0.00109739        0.00108033
     4.0000000       -0.00338862        0.00118643
     4.1000000       -0.00100498        0.00181897
     4.2000000       -0.00161185        0.00323283
     4.3000000       -0.00212960        0.00441972
     4.4000000       -0.00179646        0.00182847
     4.5000000       -0.00081503        0.00437283
     4.6000000       -0.00137463        0.00319534
     4.7000000        0.00012337        0.00097141
     4.8000000        0.00149604        0.00118886
     4.9000000        0.00122931        0.00492440
     5.0000000       -0.00013457        0.00202809
     5.1000000        0.00195851        0.00254770
     5.2000000        0.00114717        0.00144080
     5.3000000        0.00179819        0.00090318
     5.4000000       -0.00177434        0.00116776
     5.5000000       -0.00141918        0.00220620
     5.6000000        0.00099686        0.00114136
     5.7000000        0.00080025        0.00267957
     5.8000000       -0.00146556        0.00328632
     5.9000000        0.00003702        0.00192456
     6.0000000       -0.00081215        0.00098158
     6.1000000        0.00041484        0.00396889
     6.2000000       -0.00179377        0.00161193
     6.3000000       -0.00079253        0.00111238
     6.4000000        0.00106345        0.00070980
     6.5000000       -0.00108629        0.00293452
     6.6000000        0.00155629        0.00316474
     6.7000000        0.00008010        0.00172800
     6.8000000       -0.00056058        0.00072306
     6.9000000        0.00089446        0.00136926
     7.0000000        0.00484939        0.00259764
     7.1000000        0.00278362        0.00090503
     7.2000000        0.00181771        0.00272913
     7.3000000        0.00091492        0.00184016
     7.4000000       -0.00149886        0.00054752
     7.5000000        0.00007917        0.00078842
     7.6000000        0.00179707        0.00044162
     7.7000000        0.00028855        0.00241432
     7.8000000        0.00115988        0.00140032
     7.9000000       -0.00015922        0.00230523
     8.0000000       -0.00152597        0.00263435
     8.1000000       -0.00107785        0.00140718
     8.2000000        0.00015800        0.00144646
     8.3000000       -0.00027825        0.00252141
     8.4000000        0.00071085        0.00352552
     8.5000000        0.00089415        0.00605570
     8.6000000        0.00076847        0.00477530
     8.7000000        0.00349846        0.00727007
     8.8000000        0.00436328        0.00721445
     8.9000000        0.00297954        0.00304842
     9.0000000        0.00507320        0.00396324
     9.1000000        0.00127428        0.00158348
     9.2000000        0.00041351        0.00323266
     9.3000000        0.00337723        0.00999499
     9.4000000        0.00072224        0.00483612
     9.5000000        0.00108522        0.00201773
     9.6000000        0.00744586        0.00394269
     9.7000000        0.01078265        0.00216022
     9.8000000        0.01931405        0.00056700
     9.9000000        0.03443770        0.00004449
    10.0000000        0.06325394        0.00118928
