     0.0000000        0.56986266        0.02416351
     0.0500000        0.48264648        0.02328167
     0.1000000        0.41512397        0.02194431
     0.1500000        0.36048558        0.02043757
     0.2000000        0.31593228        0.01877794
     0.2500000        0.27900004        0.01708640
     0.3000000        0.24795479        0.01600072
     0.3500000        0.22101828        0.01544220
     0.4000000        0.19775793        0.01497462
     0.4500000        0.17699320        0.01458578
     0.5000000        0.15896499        0.01446532
     0.5500000        0.14385622        0.01448661
     0.6000000        0.13009082        0.01439426
     0.6500000        0.11757653        0.01448915
     0.7000000        0.10636457        0.01494514
     0.7500000        0.09623464        0.01535478
     0.8000000        0.08641582        0.01569490
     0.8500000        0.07756740        0.01608238
     0.9000000        0.07005000        0.01677989
     0.9500000        0.06391331        0.01705522
     1.0000000        0.05781838        0.01741197
     1.0500000        0.05205320        0.01802536
     1.1000000        0.04696919        0.01845856
     1.1500000        0.04273335        0.01898704
     1.2000000        0.03963550        0.01923112
     1.2500000        0.03790039        0.01955828
     1.3000000        0.03656941        0.01996203
     1.3500000        0.03434188        0.02024941
     1.4000000        0.03242895        0.02046686
     1.4500000        0.03015434        0.02038510
     1.5000000        0.02768186        0.02006695
     1.5500000        0.02504831        0.01981382
     1.6000000        0.02361955        0.01953989
     1.6500000        0.02254179        0.01933450
     1.7000000        0.02160185        0.01890708
     1.7500000        0.02037431        0.01848776
     1.8000000        0.01935296        0.01795183
     1.8500000        0.01838399        0.01747513
     1.9000000        0.01688647        0.01695552
     1.9500000        0.01512180        0.01643487
     2.0000000        0.01288243        0.01575406
     2.0500000        0.01079015        0.01540021
     2.1000000        0.00923754        0.01480436
     2.1500000        0.00866229        0.01395896
     2.2000000        0.00883603        0.01308723
     2.2500000        0.00896721        0.01229449
     2.3000000        0.00852414        0.01154919
     2.3500000        0.00777858        0.01096028
     2.4000000        0.00690909        0.01057633
     2.4500000        0.00615543        0.01037178
     2.5000000        0.00571003        0.01029534
     2.5500000        0.00542837        0.01019489
     2.6000000        0.00412916        0.01038910
     2.6500000        0.00254772        0.01025134
     2.7000000        0.00095819        0.01019291
     2.7500000       -0.00012323        0.01015451
     2.8000000       -0.00103267        0.01033184
     2.8500000       -0.00199876        0.01061269
     2.9000000       -0.00352255        0.01062686
     2.9500000       -0.00457590        0.01082616
     3.0000000       -0.00654534        0.01078429
     3.0500000       -0.00868245        0.01111863
     3.1000000       -0.01000553        0.01158783
     3.1500000       -0.01038151        0.01123408
     3.2000000       -0.01041663        0.01023582
     3.2500000       -0.01082562        0.00923562
     3.3000000       -0.01084776        0.00852164
     3.3500000       -0.00997786        0.00780644
     3.4000000       -0.00886819        0.00728316
     3.4500000       -0.00705625        0.00708000
     3.5000000       -0.00560765        0.00702071
     3.5500000       -0.00418975        0.00697958
     3.6000000       -0.00321428        0.00694296
     3.6500000       -0.00323852        0.00685880
     3.7000000       -0.00362149        0.00656840
     3.7500000       -0.00448262        0.00648113
     3.8000000       -0.00535142        0.00661794
     3.8500000       -0.00615086        0.00702046
     3.9000000       -0.00645435        0.00744247
     3.9500000       -0.00701700        0.00779961
     4.0000000       -0.00762633        0.00813862
     4.0500000       -0.00853121        0.00831091
     4.1000000       -0.00944393        0.00823598
     4.1500000       -0.01022863        0.00788995
     4.2000000       -0.01116599        0.00736814
     4.2500000       -0.01185428        0.00673140
     4.3000000       -0.01142951        0.00617114
     4.3500000       -0.01140274        0.00588082
     4.4000000       -0.01141872        0.00589505
     4.4500000       -0.01160742        0.00635539
     4.5000000       -0.01269639        0.00733612
     4.5500000       -0.01438422        0.00863765
     4.6000000       -0.01612127        0.01040189
     4.6500000       -0.01764774        0.01234947
     4.7000000       -0.01803077        0.01257711
     4.7500000       -0.01730046        0.01144845
     4.8000000       -0.01676040        0.01068659
     4.8500000       -0.01569651        0.00928770
     4.9000000       -0.01487820        0.00823346
     4.9500000       -0.01398958        0.00747019
     5.0000000       -0.01325275        0.00680546
     5.0500000       -0.01296885        0.00612268
     5.1000000       -0.01236782        0.00542719
     5.1500000       -0.01180650        0.00492889
     5.2000000       -0.01160777        0.00482938
     5.2500000       -0.01151122        0.00480003
     5.3000000       -0.01090909        0.00458040
     5.3500000       -0.00977678        0.00462129
     5.4000000       -0.00784293        0.00468058
     5.4500000       -0.00585821        0.00492991
     5.5000000       -0.00416363        0.00532837
     5.5500000       -0.00216285        0.00586321
     5.6000000       -0.00092802        0.00613941
     5.6500000       -0.00012056        0.00635059
     5.7000000        0.00017200        0.00627077
     5.7500000        0.00037442        0.00617029
     5.8000000        0.00046920        0.00611893
     5.8500000        0.00044760        0.00616491
     5.9000000        0.00004701        0.00600806
     5.9500000       -0.00016150        0.00597931
     6.0000000       -0.00043562        0.00602403
     6.0500000       -0.00058524        0.00611584
     6.1000000       -0.00063973        0.00620533
     6.1500000       -0.00068807        0.00624001
     6.2000000       -0.00092320        0.00621891
     6.2500000       -0.00118103        0.00619847
     6.3000000       -0.00138181        0.00612470
     6.3500000       -0.00175831        0.00618828
     6.4000000       -0.00213271        0.00631947
     6.4500000       -0.00246576        0.00630154
     6.5000000       -0.00281703        0.00622528
     6.5500000       -0.00356801        0.00628807
     6.6000000       -0.00432740        0.00617964
     6.6500000       -0.00487218        0.00605206
     6.7000000       -0.00471477        0.00580777
     6.7500000       -0.00471036        0.00573457
     6.8000000       -0.00472010        0.00592420
     6.8500000       -0.00518208        0.00612387
     6.9000000       -0.00541784        0.00647220
     6.9500000       -0.00581498        0.00699312
     7.0000000       -0.00617807        0.00760344
     7.0500000       -0.00629117        0.00810695
     7.1000000       -0.00611322        0.00833744
     7.1500000       -0.00576857        0.00830618
     7.2000000       -0.00558085        0.00808298
     7.2500000       -0.00522478        0.00802518
     7.3000000       -0.00487525        0.00809722
     7.3500000       -0.00496346        0.00810608
     7.4000000       -0.00421353        0.00771967
     7.4500000       -0.00333788        0.00722364
     7.5000000       -0.00271634        0.00673548
     7.5500000       -0.00221266        0.00643463
     7.6000000       -0.00205327        0.00635850
     7.6500000       -0.00232842        0.00623240
     7.7000000       -0.00226636        0.00613509
     7.7500000       -0.00200435        0.00613108
     7.8000000       -0.00126607        0.00589436
     7.8500000       -0.00021944        0.00569146
     7.9000000        0.00103822        0.00508190
     7.9500000        0.00200747        0.00462778
     8.0000000        0.00284799        0.00434286
     8.0500000        0.00340380        0.00429245
     8.1000000        0.00359768        0.00425479
     8.1500000        0.00429685        0.00404347
     8.2000000        0.00503900        0.00402290
     8.2500000        0.00560815        0.00389163
     8.3000000        0.00557221        0.00386438
     8.3500000        0.00573927        0.00393396
     8.4000000        0.00581775        0.00412042
     8.4500000        0.00630632        0.00441008
     8.5000000        0.00630345        0.00445311
     8.5500000        0.00624727        0.00449798
     8.6000000        0.00619840        0.00460559
     8.6500000        0.00595543        0.00447640
     8.7000000        0.00576013        0.00430221
     8.7500000        0.00486101        0.00405704
     8.8000000        0.00400131        0.00390593
     8.8500000        0.00333005        0.00385630
     8.9000000        0.00318512        0.00367843
     8.9500000        0.00331551        0.00345467
     9.0000000        0.00330130        0.00327343
     9.0500000        0.00292053        0.00318262
     9.1000000        0.00245010        0.00300474
     9.1500000        0.00212240        0.00275081
     9.2000000        0.00158735        0.00278927
     9.2500000        0.00054907        0.00322647
     9.3000000       -0.00021016        0.00354731
     9.3500000       -0.00090222        0.00388228
     9.4000000       -0.00166506        0.00430654
     9.4500000       -0.00211699        0.00474890
     9.5000000       -0.00285606        0.00524927
     9.5500000       -0.00362931        0.00586302
     9.6000000       -0.00433396        0.00646595
     9.6500000       -0.00565883        0.00745308
     9.7000000       -0.00687147        0.00875093
     9.7500000       -0.00746218        0.00939022
     9.8000000       -0.00754143        0.00984493
     9.8500000       -0.00731367        0.01017403
     9.9000000       -0.00705077        0.01063317
     9.9500000       -0.00712082        0.01129524
    10.0000000       -0.00695363        0.01201306
    10.0500000       -0.00542181        0.01127723
    10.1000000       -0.00479072        0.01029753
    10.1500000       -0.00495759        0.00943689
    10.2000000       -0.00467663        0.00873876
    10.2500000       -0.00450078        0.00774633
    10.3000000       -0.00468642        0.00679570
    10.3500000       -0.00508028        0.00614528
    10.4000000       -0.00612792        0.00585617
    10.4500000       -0.00712134        0.00558580
    10.5000000       -0.00751593        0.00534589
    10.5500000       -0.00801696        0.00552078
    10.6000000       -0.00877818        0.00573595
    10.6500000       -0.00987238        0.00589636
    10.7000000       -0.01112947        0.00615765
    10.7500000       -0.01189179        0.00652694
    10.8000000       -0.01270435        0.00679906
    10.8500000       -0.01291301        0.00648402
    10.9000000       -0.01350136        0.00633040
    10.9500000       -0.01394859        0.00620239
    11.0000000       -0.01463716        0.00631683
    11.0500000       -0.01562749        0.00675589
    11.1000000       -0.01581350        0.00700129
    11.1500000       -0.01538661        0.00667357
    11.2000000       -0.01410129        0.00580807
    11.2500000       -0.01272216        0.00510640
    11.3000000       -0.01108622        0.00460424
    11.3500000       -0.00949046        0.00419680
    11.4000000       -0.00854585        0.00412794
    11.4500000       -0.00749754        0.00409406
    11.5000000       -0.00617483        0.00401093
    11.5500000       -0.00557276        0.00388294
    11.6000000       -0.00525835        0.00371697
    11.6500000       -0.00489403        0.00357204
    11.7000000       -0.00492252        0.00339847
    11.7500000       -0.00484878        0.00331148
    11.8000000       -0.00483934        0.00332400
    11.8500000       -0.00464193        0.00351348
    11.9000000       -0.00409047        0.00369292
    11.9500000       -0.00383178        0.00371255
    12.0000000       -0.00329732        0.00379799
    12.0500000       -0.00242066        0.00392768
    12.1000000       -0.00216889        0.00410278
    12.1500000       -0.00193296        0.00450011
    12.2000000       -0.00159933        0.00483597
    12.2500000       -0.00110158        0.00528709
    12.3000000        0.00007422        0.00565286
    12.3500000        0.00058651        0.00609861
    12.4000000       -0.00000497        0.00614978
    12.4500000       -0.00066776        0.00598245
    12.5000000       -0.00093319        0.00597345
    12.5500000       -0.00090695        0.00615283
    12.6000000       -0.00146667        0.00610907
    12.6500000       -0.00180053        0.00608707
    12.7000000       -0.00190666        0.00595052
    12.7500000       -0.00258868        0.00588474
    12.8000000       -0.00404523        0.00605857
    12.8500000       -0.00559597        0.00636684
    12.9000000       -0.00718090        0.00667003
    12.9500000       -0.00837953        0.00722787
    13.0000000       -0.00939689        0.00763358
    13.0500000       -0.00977802        0.00777359
    13.1000000       -0.01013873        0.00780858
    13.1500000       -0.00969400        0.00768499
    13.2000000       -0.00923158        0.00773556
    13.2500000       -0.00909435        0.00794643
    13.3000000       -0.00972303        0.00799136
    13.3500000       -0.01027437        0.00815307
    13.4000000       -0.01033746        0.00843675
    13.4500000       -0.01082995        0.00856890
    13.5000000       -0.01083694        0.00902419
    13.5500000       -0.01042153        0.00910069
    13.6000000       -0.00956401        0.00870174
    13.6500000       -0.00885729        0.00836859
    13.7000000       -0.00796880        0.00808686
    13.7500000       -0.00732421        0.00783187
    13.8000000       -0.00667364        0.00768427
    13.8500000       -0.00616123        0.00756105
    13.9000000       -0.00540018        0.00743868
    13.9500000       -0.00498210        0.00737802
    14.0000000       -0.00456160        0.00733951
    14.0500000       -0.00391890        0.00731560
    14.1000000       -0.00366184        0.00731911
    14.1500000       -0.00320322        0.00722260
    14.2000000       -0.00272529        0.00720221
    14.2500000       -0.00235115        0.00723603
    14.3000000       -0.00258918        0.00714995
    14.3500000       -0.00270827        0.00703203
    14.4000000       -0.00293161        0.00704797
    14.4500000       -0.00308993        0.00710647
    14.5000000       -0.00307830        0.00723232
    14.5500000       -0.00297553        0.00752376
    14.6000000       -0.00264397        0.00775640
    14.6500000       -0.00232083        0.00807863
    14.7000000       -0.00253130        0.00847190
    14.7500000       -0.00179246        0.00833002
    14.8000000       -0.00051792        0.00815924
    14.8500000        0.00010011        0.00799268
    14.9000000        0.00100687        0.00759272
    14.9500000        0.00175640        0.00753978
    15.0000000        0.00242771        0.00759286
    15.0500000        0.00284157        0.00781938
    15.1000000        0.00313152        0.00796635
    15.1500000        0.00273804        0.00754947
    15.2000000        0.00225448        0.00717608
    15.2500000        0.00181291        0.00666414
    15.3000000        0.00148870        0.00628644
    15.3500000        0.00165533        0.00610934
    15.4000000        0.00175672        0.00623621
    15.4500000        0.00179087        0.00655388
    15.5000000        0.00080489        0.00684303
    15.5500000       -0.00015764        0.00715751
    15.6000000       -0.00204100        0.00722381
    15.6500000       -0.00429415        0.00715470
    15.7000000       -0.00588857        0.00716501
    15.7500000       -0.00676628        0.00684292
    15.8000000       -0.00719767        0.00656609
    15.8500000       -0.00655242        0.00618920
    15.9000000       -0.00576417        0.00596015
    15.9500000       -0.00525322        0.00595672
    16.0000000       -0.00515997        0.00614647
    16.0500000       -0.00540414        0.00642191
    16.1000000       -0.00551481        0.00659364
    16.1500000       -0.00444611        0.00637222
    16.2000000       -0.00318792        0.00605841
    16.2500000       -0.00193946        0.00578865
    16.3000000       -0.00092612        0.00560664
    16.3500000        0.00004740        0.00551064
    16.4000000        0.00085545        0.00558571
    16.4500000        0.00128090        0.00549522
    16.5000000        0.00175733        0.00541879
    16.5500000        0.00198414        0.00528158
    16.6000000        0.00303834        0.00483940
    16.6500000        0.00446263        0.00423295
    16.7000000        0.00569984        0.00378307
    16.7500000        0.00635309        0.00333254
    16.8000000        0.00629410        0.00306960
    16.8500000        0.00573542        0.00308286
    16.9000000        0.00512322        0.00341472
    16.9500000        0.00507414        0.00377951
    17.0000000        0.00496240        0.00396549
    17.0500000        0.00496009        0.00427630
    17.1000000        0.00562823        0.00469645
    17.1500000        0.00642125        0.00539329
    17.2000000        0.00729587        0.00613960
    17.2500000        0.00764975        0.00720849
    17.3000000        0.00849481        0.00773176
    17.3500000        0.01064130        0.00788988
    17.4000000        0.01245350        0.00771145
    17.4500000        0.01422939        0.00746609
    17.5000000        0.01596811        0.00727112
    17.5500000        0.01607437        0.00756708
    17.6000000        0.01561427        0.00817259
    17.6500000        0.01568389        0.00850921
    17.7000000        0.01608334        0.00892378
    17.7500000        0.01838693        0.00916331
    17.8000000        0.02084473        0.00977275
    17.8500000        0.02287921        0.01062325
    17.9000000        0.02505387        0.01148367
    17.9500000        0.02710547        0.01230405
    18.0000000        0.02924273        0.01338203
    18.0500000        0.03147015        0.01439097
    18.1000000        0.03320649        0.01543677
    18.1500000        0.03541738        0.01651217
    18.2000000        0.03759372        0.01749388
    18.2500000        0.04067411        0.01767346
    18.3000000        0.04429439        0.01710346
    18.3500000        0.04760091        0.01705291
    18.4000000        0.05084041        0.01696783
    18.4500000        0.05295503        0.01709331
    18.5000000        0.05425072        0.01765533
    18.5500000        0.05698089        0.01793417
    18.6000000        0.06034760        0.01820399
    18.6500000        0.06361762        0.01886985
    18.7000000        0.06580792        0.01904086
    18.7500000        0.06867832        0.01935012
    18.8000000        0.07334404        0.01965414
    18.8500000        0.07898837        0.02011741
    18.9000000        0.08444336        0.02056259
    18.9500000        0.08915273        0.02094695
    19.0000000        0.09363872        0.02128949
    19.0500000        0.09875367        0.02162465
    19.1000000        0.10426814        0.02200606
    19.1500000        0.11263413        0.02234434
    19.2000000        0.12057789        0.02311617
    19.2500000        0.12924587        0.02407817
    19.3000000        0.13801133        0.02511790
    19.3500000        0.14706229        0.02576375
    19.4000000        0.15534181        0.02618333
    19.4500000        0.16488707        0.02623227
    19.5000000        0.17735853        0.02584688
    19.5500000        0.19167760        0.02559425
    19.6000000        0.20981306        0.02527725
    19.6500000        0.23091701        0.02498881
    19.7000000        0.25570713        0.02467214
    19.7500000        0.28452506        0.02412134
    19.8000000        0.31962392        0.02359775
    19.8500000        0.36286438        0.02326846
    19.9000000        0.41569486        0.02295201
    19.9500000        0.48261064        0.02346773
    20.0000000        0.56986266        0.02416351
