     0.0000000        1.32118043        0.02280449
     0.1000000        1.09675362        0.02207760
     0.2000000        0.92233949        0.02297644
     0.3000000        0.77816553        0.02426145
     0.4000000        0.66092609        0.02487053
     0.5000000        0.56496231        0.02264071
     0.6000000        0.48107464        0.02037501
     0.7000000        0.41227297        0.01852247
     0.8000000        0.35693610        0.02004707
     0.9000000        0.30978168        0.02002915
     1.0000000        0.27196672        0.01733651
     1.1000000        0.24339706        0.01771161
     1.2000000        0.21150827        0.01737983
     1.3000000        0.18093679        0.01791882
     1.4000000        0.15086629        0.01711139
     1.5000000        0.12509138        0.02024008
     1.6000000        0.10235784        0.02070646
     1.7000000        0.08359904        0.02033158
     1.8000000        0.07358992        0.01706879
     1.9000000        0.06062381        0.01436781
     2.0000000        0.04901834        0.01002584
     2.1000000        0.03917142        0.00790194
     2.2000000        0.03170634        0.00655012
     2.3000000        0.02835868        0.00675904
     2.4000000        0.02250452        0.00783051
     2.5000000        0.01867251        0.00902416
     2.6000000        0.01623743        0.00836757
     2.7000000        0.01632847        0.00913974
     2.8000000        0.01748446        0.00647559
     2.9000000        0.01957569        0.00546815
     3.0000000        0.02298766        0.00444587
     3.1000000        0.02058642        0.00326063
     3.2000000        0.01774794        0.00603417
     3.3000000        0.01890294        0.00730059
     3.4000000        0.02277999        0.00400314
     3.5000000        0.02334677        0.00281456
     3.6000000        0.01890134        0.00222670
     3.7000000        0.01519258        0.00183681
     3.8000000        0.00820275        0.00583012
     3.9000000        0.00229624        0.00545128
     4.0000000       -0.00189921        0.00362685
     4.1000000       -0.00467248        0.00200171
     4.2000000       -0.00529544        0.00314554
     4.3000000       -0.00272678        0.00349671
     4.4000000       -0.00081164        0.00224320
     4.5000000       -0.00078640        0.00386989
     4.6000000        0.00240361        0.00370367
     4.7000000        0.00202599        0.00656489
     4.8000000        0.00194385        0.01016699
     4.9000000        0.00196737        0.00932647
     5.0000000        0.00065000        0.00944206
     5.1000000       -0.00217196        0.00685905
     5.2000000        0.00094913        0.00457473
     5.3000000       -0.00135393        0.00707674
     5.4000000       -0.00318671        0.00432189
     5.5000000       -0.00366309        0.00598116
     5.6000000       -0.00429955        0.01000460
     5.7000000       -0.00618635        0.00864082
     5.8000000       -0.01104305        0.00871310
     5.9000000       -0.01662634        0.01167535
     6.0000000       -0.01997116        0.01523727
     6.1000000       -0.02116414        0.01848058
     6.2000000       -0.01909971        0.02128357
     6.3000000       -0.01373692        0.02033806
     6.4000000       -0.00774975        0.01653976
     6.5000000        0.00071401        0.01585674
     6.6000000        0.01065626        0.01945640
     6.7000000        0.01370843        0.01900087
     6.8000000        0.01306479        0.01796614
     6.9000000        0.01304539        0.01748820
     7.0000000        0.01497336        0.01689047
     7.1000000        0.01537006        0.01426484
     7.2000000        0.02192163        0.01135009
     7.3000000        0.02155766        0.00880739
     7.4000000        0.02049323        0.00795616
     7.5000000        0.02756162        0.00613885
     7.6000000        0.03551565        0.00494284
     7.7000000        0.04570088        0.00217356
     7.8000000        0.05589429        0.00390418
     7.9000000        0.06440566        0.00759380
     8.0000000        0.07201192        0.00863040
     8.1000000        0.08386896        0.00682386
     8.2000000        0.09557878        0.00852183
     8.3000000        0.10740810        0.01009867
     8.4000000        0.11778253        0.00730558
     8.5000000        0.13079518        0.00406344
     8.6000000        0.14750381        0.00221986
     8.7000000        0.16821956        0.00433534
     8.8000000        0.19610248        0.00700749
     8.9000000        0.22925317        0.00943747
     9.0000000        0.26904303        0.01061603
     9.1000000        0.31259574        0.01020518
     9.2000000        0.36117167        0.01177542
     9.3000000        0.42012823        0.01387614
     9.4000000        0.48932185        0.01485588
     9.5000000        0.57087704        0.01473558
     9.6000000        0.66265831        0.01690479
     9.7000000        0.77809557        0.02166197
     9.8000000        0.91841216        0.02643102
     9.9000000        1.09503565        0.02542059
    10.0000000        1.32118043        0.02280449
