     0.0000000        1.85548890        0.01763442
     0.0500000        1.64694673        0.01833571
     0.1000000        1.46281092        0.01912752
     0.1500000        1.30182709        0.02121501
     0.2000000        1.16156291        0.02239312
     0.2500000        1.04165694        0.02239645
     0.3000000        0.93233020        0.02326425
     0.3500000        0.83510686        0.02436073
     0.4000000        0.74897277        0.02393436
     0.4500000        0.67828501        0.02486150
     0.5000000        0.60902459        0.02464669
     0.5500000        0.55225013        0.02253633
     0.6000000        0.50072948        0.02255840
     0.6500000        0.45653429        0.01979083
     0.7000000        0.41322188        0.01896537
     0.7500000        0.37335784        0.01963997
     0.8000000        0.34144993        0.01838857
     0.8500000        0.31516104        0.01874069
     0.9000000        0.28985615        0.01918089
     0.9500000        0.26754064        0.02198079
     1.0000000        0.24803182        0.02423535
     1.0500000        0.23067720        0.02658115
     1.1000000        0.21384280        0.02578210
     1.1500000        0.19467144        0.02465127
     1.2000000        0.17885630        0.02460664
     1.2500000        0.16663178        0.02815050
     1.3000000        0.15374014        0.02983453
     1.3500000        0.14440709        0.02954603
     1.4000000        0.13628436        0.02879920
     1.4500000        0.12752416        0.03037160
     1.5000000        0.12079779        0.03164251
     1.5500000        0.11279062        0.03361695
     1.6000000        0.10373984        0.03492103
     1.6500000        0.09796018        0.03581304
     1.7000000        0.08291556        0.03581980
     1.7500000        0.07274534        0.03438209
     1.8000000        0.07256019        0.03404449
     1.8500000        0.06881264        0.03236613
     1.9000000        0.05624513        0.02995173
     1.9500000        0.04508627        0.02870654
     2.0000000        0.03563577        0.02603223
     2.0500000        0.02462886        0.02401675
     2.1000000        0.00999378        0.02296354
     2.1500000       -0.00393867        0.02243625
     2.2000000       -0.01062651        0.02263023
     2.2500000       -0.01533910        0.02451768
     2.3000000       -0.01591518        0.02350141
     2.3500000       -0.01815402        0.02227317
     2.4000000       -0.01817212        0.02073158
     2.4500000       -0.02186094        0.01976519
     2.5000000       -0.01843452        0.01886486
     2.5500000       -0.02131251        0.01917805
     2.6000000       -0.02611411        0.01981364
     2.6500000       -0.02829421        0.02144054
     2.7000000       -0.03013942        0.02095487
     2.7500000       -0.03106971        0.02078382
     2.8000000       -0.03218739        0.02018634
     2.8500000       -0.02896299        0.01948078
     2.9000000       -0.02736966        0.02055182
     2.9500000       -0.02475562        0.02039159
     3.0000000       -0.02289096        0.02129846
     3.0500000       -0.02437801        0.02179049
     3.1000000       -0.02871234        0.02009959
     3.1500000       -0.02973474        0.01929055
     3.2000000       -0.03116921        0.01929638
     3.2500000       -0.02863875        0.01882190
     3.3000000       -0.02927849        0.01869756
     3.3500000       -0.02746142        0.01817372
     3.4000000       -0.02832567        0.01846355
     3.4500000       -0.02663797        0.01807910
     3.5000000       -0.02253923        0.01875270
     3.5500000       -0.02413585        0.01874507
     3.6000000       -0.02480740        0.01844780
     3.6500000       -0.02104774        0.01705091
     3.7000000       -0.01728423        0.01675984
     3.7500000       -0.01909206        0.01550319
     3.8000000       -0.01529924        0.01245941
     3.8500000       -0.01391736        0.01033849
     3.9000000       -0.01070852        0.00871950
     3.9500000       -0.00953000        0.00896485
     4.0000000       -0.00752906        0.00937373
     4.0500000       -0.00733150        0.00781771
     4.1000000       -0.00756405        0.00697757
     4.1500000       -0.00411773        0.00855763
     4.2000000       -0.00060336        0.00863448
     4.2500000       -0.00022228        0.00816446
     4.3000000        0.00663742        0.00752145
     4.3500000        0.00624827        0.00813445
     4.4000000        0.00506985        0.00905161
     4.4500000        0.00109939        0.00863166
     4.5000000        0.00038612        0.00870849
     4.5500000       -0.00238842        0.00915709
     4.6000000       -0.00238850        0.00994852
     4.6500000       -0.00013525        0.00947542
     4.7000000        0.00115307        0.00997755
     4.7500000        0.00171150        0.01125988
     4.8000000       -0.00070047        0.01168496
     4.8500000       -0.00403568        0.01053304
     4.9000000       -0.00743162        0.01104820
     4.9500000       -0.00556045        0.01179117
     5.0000000       -0.00361127        0.01234527
     5.0500000       -0.00179402        0.01325314
     5.1000000       -0.00505799        0.01392077
     5.1500000       -0.00327119        0.01388838
     5.2000000       -0.00160413        0.01399722
     5.2500000       -0.00158882        0.01367005
     5.3000000       -0.00228605        0.01404367
     5.3500000       -0.00014731        0.01387333
     5.4000000        0.00373295        0.01403917
     5.4500000        0.00531114        0.01480255
     5.5000000        0.00764458        0.01523294
     5.5500000        0.00882281        0.01477692
     5.6000000        0.01468097        0.01462449
     5.6500000        0.01562560        0.01498141
     5.7000000        0.01712737        0.01544322
     5.7500000        0.01718024        0.01431979
     5.8000000        0.01669503        0.01280996
     5.8500000        0.01477015        0.01153113
     5.9000000        0.01376256        0.01127602
     5.9500000        0.01013269        0.01156140
     6.0000000        0.01283753        0.01108032
     6.0500000        0.01230384        0.01117607
     6.1000000        0.00837421        0.00970462
     6.1500000        0.00485441        0.00955873
     6.2000000        0.00573192        0.00904664
     6.2500000        0.00335009        0.00886882
     6.3000000        0.00249371        0.00812039
     6.3500000        0.00401553        0.00751443
     6.4000000        0.00437910        0.00746145
     6.4500000        0.00241271        0.00649428
     6.5000000       -0.00127718        0.00644520
     6.5500000       -0.00055510        0.00628247
     6.6000000       -0.00020363        0.00671056
     6.6500000       -0.00114033        0.00627344
     6.7000000       -0.00206128        0.00597508
     6.7500000       -0.00249302        0.00630384
     6.8000000       -0.00416595        0.00701334
     6.8500000       -0.00690344        0.00800043
     6.9000000       -0.00974077        0.00921347
     6.9500000       -0.00834669        0.00960768
     7.0000000       -0.00625520        0.01061330
     7.0500000       -0.00202846        0.01104994
     7.1000000       -0.00007980        0.01246767
     7.1500000       -0.00163063        0.01224542
     7.2000000       -0.00459906        0.01154487
     7.2500000       -0.00747009        0.01100190
     7.3000000       -0.00889767        0.00924369
     7.3500000       -0.00984359        0.00911327
     7.4000000       -0.00948721        0.00970300
     7.4500000       -0.00596828        0.01003093
     7.5000000       -0.00646294        0.00947860
     7.5500000       -0.00972769        0.00961277
     7.6000000       -0.01245683        0.01051333
     7.6500000       -0.01211661        0.01060274
     7.7000000       -0.01096202        0.01195011
     7.7500000       -0.00835619        0.01395943
     7.8000000       -0.00847169        0.01455311
     7.8500000       -0.00870237        0.01367389
     7.9000000       -0.01050832        0.01509668
     7.9500000       -0.00962762        0.01493188
     8.0000000       -0.01053916        0.01411278
     8.0500000       -0.00778455        0.01248522
     8.1000000       -0.00616606        0.01138701
     8.1500000       -0.00768335        0.01152130
     8.2000000       -0.00768992        0.01059909
     8.2500000       -0.00852811        0.00987816
     8.3000000       -0.00503748        0.00994223
     8.3500000       -0.00554209        0.00968542
     8.4000000       -0.00405882        0.00940687
     8.4500000       -0.00283838        0.00880841
     8.5000000       -0.00126934        0.00793261
     8.5500000        0.00193331        0.00825404
     8.6000000        0.00401653        0.00832742
     8.6500000        0.00386036        0.00857679
     8.7000000        0.00417145        0.00906471
     8.7500000        0.00478532        0.00957530
     8.8000000        0.00368554        0.00919709
     8.8500000        0.00341996        0.00953049
     8.9000000        0.00306102        0.00990991
     8.9500000        0.00352737        0.01028255
     9.0000000        0.00122264        0.01121753
     9.0500000       -0.00075386        0.01056471
     9.1000000       -0.00421442        0.01031977
     9.1500000       -0.00348782        0.00989205
     9.2000000       -0.00229842        0.00978146
     9.2500000       -0.00298205        0.00882201
     9.3000000       -0.00156100        0.00768365
     9.3500000       -0.00269295        0.00760676
     9.4000000       -0.00079847        0.00707075
     9.4500000       -0.00033402        0.00656188
     9.5000000       -0.00532327        0.00641444
     9.5500000       -0.00392865        0.00721739
     9.6000000        0.00025186        0.00748590
     9.6500000        0.00053227        0.00781650
     9.7000000        0.00117785        0.00782991
     9.7500000        0.00340224        0.00846688
     9.8000000        0.00634587        0.00735697
     9.8500000        0.00875276        0.00758312
     9.9000000        0.01030262        0.00812234
     9.9500000        0.01227287        0.00872727
    10.0000000        0.01259674        0.00916310
    10.0500000        0.01291487        0.00877724
    10.1000000        0.01475304        0.00876161
    10.1500000        0.01627283        0.00750949
    10.2000000        0.01900265        0.00773179
    10.2500000        0.01724834        0.00755877
    10.3000000        0.01671614        0.00741557
    10.3500000        0.01642228        0.00872613
    10.4000000        0.01172430        0.00753768
    10.4500000        0.01118577        0.00731138
    10.5000000        0.01076400        0.00675108
    10.5500000        0.01081706        0.00655661
    10.6000000        0.01203226        0.00813990
    10.6500000        0.01171105        0.00836950
    10.7000000        0.00975630        0.00901332
    10.7500000        0.00922604        0.00859216
    10.8000000        0.00859934        0.00807743
    10.8500000        0.00930771        0.00797001
    10.9000000        0.01272016        0.00782699
    10.9500000        0.01222527        0.00777955
    11.0000000        0.01202546        0.00927315
    11.0500000        0.01445602        0.00982004
    11.1000000        0.01606176        0.00963853
    11.1500000        0.01357726        0.00914867
    11.2000000        0.01316016        0.00722209
    11.2500000        0.00941474        0.00644174
    11.3000000        0.00715142        0.00580511
    11.3500000        0.00788110        0.00565187
    11.4000000        0.00840906        0.00598535
    11.4500000        0.00818481        0.00510825
    11.5000000        0.00964584        0.00687135
    11.5500000        0.00648149        0.00713207
    11.6000000        0.00462304        0.00784397
    11.6500000        0.00446866        0.00754747
    11.7000000        0.00397983        0.00650720
    11.7500000        0.00283435        0.00704825
    11.8000000        0.00332366        0.00671139
    11.8500000        0.00149323        0.00612310
    11.9000000        0.00049701        0.00623105
    11.9500000        0.00346623        0.00713946
    12.0000000        0.00517061        0.00734958
    12.0500000        0.00436610        0.00626222
    12.1000000        0.00337038        0.00576700
    12.1500000        0.00321325        0.00490964
    12.2000000        0.00349631        0.00515581
    12.2500000        0.00686883        0.00465849
    12.3000000        0.00515889        0.00372936
    12.3500000        0.00367169        0.00436710
    12.4000000        0.00313300        0.00478183
    12.4500000        0.00408504        0.00510227
    12.5000000        0.00162158        0.00456504
    12.5500000        0.00202744        0.00382729
    12.6000000       -0.00010390        0.00486650
    12.6500000       -0.00383226        0.00547552
    12.7000000       -0.00445223        0.00575329
    12.7500000       -0.00796075        0.00690590
    12.8000000       -0.01069295        0.00788982
    12.8500000       -0.00596001        0.00801431
    12.9000000       -0.00420122        0.00868747
    12.9500000       -0.00024857        0.00879149
    13.0000000       -0.00144198        0.01038700
    13.0500000       -0.00575065        0.01196049
    13.1000000       -0.00444099        0.01105143
    13.1500000       -0.00322638        0.01008586
    13.2000000       -0.00186556        0.00972514
    13.2500000       -0.00230607        0.00948022
    13.3000000       -0.00531805        0.00949534
    13.3500000       -0.00696504        0.00920723
    13.4000000       -0.00786478        0.00881713
    13.4500000       -0.00844590        0.00861527
    13.5000000       -0.00819109        0.00877936
    13.5500000       -0.00595153        0.00827429
    13.6000000       -0.00228425        0.00908803
    13.6500000        0.00056402        0.00926053
    13.7000000        0.00450906        0.01017824
    13.7500000        0.00202040        0.00975227
    13.8000000        0.00165092        0.00911118
    13.8500000        0.00404349        0.00874212
    13.9000000        0.00264635        0.00771176
    13.9500000       -0.00015455        0.00709757
    14.0000000       -0.00424901        0.00667668
    14.0500000       -0.00625196        0.00768674
    14.1000000       -0.00678144        0.00662504
    14.1500000       -0.00560217        0.00609064
    14.2000000       -0.00475736        0.00573856
    14.2500000        0.00065077        0.00658328
    14.3000000        0.00157524        0.00621875
    14.3500000        0.00532091        0.00692713
    14.4000000        0.00537110        0.00805169
    14.4500000        0.00664767        0.00892940
    14.5000000        0.00632289        0.00981089
    14.5500000        0.00950457        0.00940393
    14.6000000        0.00953018        0.00931428
    14.6500000        0.00985306        0.01016698
    14.7000000        0.00736371        0.01014118
    14.7500000        0.00371991        0.00986730
    14.8000000        0.00544679        0.01064898
    14.8500000        0.00703005        0.01137809
    14.9000000        0.00553365        0.01083792
    14.9500000        0.00763954        0.01114462
    15.0000000        0.00607155        0.01158610
    15.0500000        0.00363748        0.01209082
    15.1000000        0.00616684        0.01203566
    15.1500000        0.00289779        0.01160577
    15.2000000        0.00329251        0.01197845
    15.2500000        0.00589199        0.01074445
    15.3000000        0.00560490        0.00988946
    15.3500000        0.00684178        0.00877343
    15.4000000        0.00560965        0.00622300
    15.4500000        0.00922024        0.00588947
    15.5000000        0.01373120        0.00596186
    15.5500000        0.01707670        0.00803743
    15.6000000        0.01856739        0.00856900
    15.6500000        0.01433972        0.00853427
    15.7000000        0.01454230        0.00905722
    15.7500000        0.01228798        0.00935089
    15.8000000        0.01185524        0.00913665
    15.8500000        0.01073498        0.01017921
    15.9000000        0.01063732        0.01136548
    15.9500000        0.01314220        0.01216951
    16.0000000        0.01280838        0.01222244
    16.0500000        0.01366097        0.01156665
    16.1000000        0.01225567        0.01083471
    16.1500000        0.00978494        0.01109487
    16.2000000        0.00713180        0.01091430
    16.2500000        0.00614080        0.01059966
    16.3000000        0.00492434        0.00939382
    16.3500000        0.00479512        0.00959200
    16.4000000        0.00232563        0.01000564
    16.4500000        0.00053315        0.00924329
    16.5000000       -0.00143522        0.00923014
    16.5500000       -0.00363840        0.00981346
    16.6000000       -0.00917161        0.01035120
    16.6500000       -0.01362293        0.01016356
    16.7000000       -0.01572940        0.01010168
    16.7500000       -0.01685015        0.01020955
    16.8000000       -0.01761195        0.01002457
    16.8500000       -0.01758858        0.01014618
    16.9000000       -0.01595236        0.00978092
    16.9500000       -0.01356207        0.00989114
    17.0000000       -0.01115598        0.01111215
    17.0500000       -0.01410702        0.01123346
    17.1000000       -0.01377429        0.01165094
    17.1500000       -0.01516769        0.01188976
    17.2000000       -0.01180031        0.01163727
    17.2500000       -0.01102173        0.00976995
    17.3000000       -0.01362478        0.00914992
    17.3500000       -0.01418941        0.00866460
    17.4000000       -0.01451275        0.00841671
    17.4500000       -0.01437844        0.00762443
    17.5000000       -0.01647575        0.00791128
    17.5500000       -0.01424414        0.00702080
    17.6000000       -0.01918225        0.00646048
    17.6500000       -0.02194595        0.00658693
    17.7000000       -0.01852217        0.00886121
    17.7500000       -0.01731602        0.01034367
    17.8000000       -0.01508784        0.01050071
    17.8500000       -0.01620230        0.01052099
    17.9000000       -0.01341320        0.01163943
    17.9500000       -0.01796588        0.01256347
    18.0000000       -0.01805254        0.01515719
    18.0500000       -0.01509886        0.01551163
    18.1000000       -0.01485584        0.01507297
    18.1500000       -0.01690243        0.01541885
    18.2000000       -0.01925124        0.01356446
    18.2500000       -0.01922944        0.01328286
    18.3000000       -0.01927590        0.01596864
    18.3500000       -0.01955568        0.01535570
    18.4000000       -0.01547346        0.01477318
    18.4500000       -0.01542184        0.01399680
    18.5000000       -0.01173050        0.01226291
    18.5500000       -0.01074334        0.01273546
    18.6000000       -0.00884337        0.01210853
    18.6500000       -0.00710162        0.01028945
    18.7000000       -0.00157997        0.01031652
    18.7500000        0.00612603        0.00824035
    18.8000000        0.00548545        0.00837691
    18.8500000        0.00799448        0.00850318
    18.9000000        0.00707185        0.00889399
    18.9500000        0.00262462        0.00887270
    19.0000000        0.00456419        0.00993179
    19.0500000        0.00479462        0.01194126
    19.1000000        0.00408230        0.01346907
    19.1500000        0.01409055        0.01521788
    19.2000000        0.01935668        0.01646620
    19.2500000        0.02720584        0.01787651
    19.3000000        0.03198997        0.01821716
    19.3500000        0.03762627        0.01608524
    19.4000000        0.03972814        0.01710675
    19.4500000        0.04221112        0.01877508
    19.5000000        0.04410141        0.01872717
    19.5500000        0.04345534        0.01954071
    19.6000000        0.04643551        0.01889076
    19.6500000        0.05007720        0.01747304
    19.7000000        0.05938669        0.01553651
    19.7500000        0.06348501        0.01630079
    19.8000000        0.07560268        0.01620031
    19.8500000        0.09304442        0.01514675
    19.9000000        0.10728700        0.01526690
    19.9500000        0.12671534        0.01590362
    20.0000000        0.14451110        0.01763442
