   -1.000000     -1.000000
  1    1        0.07872774        0.00101225       -0.00000000        0.00000000
   -1.000000      0.000000
  1    1       -0.17683353        0.00056148       -0.00000000        0.00000000
   -1.000000      1.000000
  1    1        0.07922119        0.00120194       -0.00000000        0.00000000
   -1.000000      2.000000
  1    1       -0.08218639        0.00108854       -0.00000000        0.00000000
    0.000000     -1.000000
  1    1       -0.17643348        0.00160939       -0.00000000        0.00000000
    0.000000      0.000000
  1    1        0.50000000        0.00000000        0.00000000        0.00000000
    0.000000      1.000000
  1    1       -0.17643348        0.00160939        0.00000000        0.00000000
    0.000000      2.000000
  1    1        0.07869761        0.00118987        0.00000000        0.00000000
    1.000000     -1.000000
  1    1        0.07922119        0.00120194       -0.00000000        0.00000000
    1.000000      0.000000
  1    1       -0.17683353        0.00056148        0.00000000        0.00000000
    1.000000      1.000000
  1    1        0.07872774        0.00101225       -0.00000000        0.00000000
    1.000000      2.000000
  1    1       -0.08218639        0.00108854        0.00000000        0.00000000
    2.000000     -1.000000
  1    1       -0.08258166        0.00099802        0.00000000        0.00000000
    2.000000      0.000000
  1    1        0.07901517        0.00119790        0.00000000        0.00000000
    2.000000      1.000000
  1    1       -0.08258166        0.00099802        0.00000000        0.00000000
    2.000000      2.000000
  1    1        0.06258323        0.00110622        0.00000000        0.00000000
