   -1.000000     -1.000000
  1    1       -0.00012721        0.00002360        0.00000000        0.00000000
   -1.000000      0.000000
  1    1        0.33031211        0.00023709       -0.00000000        0.00000000
   -1.000000      1.000000
  1    1        0.00000796        0.00002240        0.00000000        0.00000000
   -1.000000      2.000000
  1    1       -0.08954022        0.00018422       -0.00000000        0.00000000
    0.000000     -1.000000
  1    1        0.32933640        0.00023548       -0.00000000        0.00000000
    0.000000      0.000000
  1    1        1.00000000        0.00000000        0.00000000        0.00000000
    0.000000      1.000000
  1    1        0.32933640        0.00023548        0.00000000        0.00000000
    0.000000      2.000000
  1    1        0.00000000        0.00000000       -0.00000000        0.00000000
    1.000000     -1.000000
  1    1       -0.00000796        0.00002240        0.00000000        0.00000000
    1.000000      0.000000
  1    1        0.33031211        0.00023709        0.00000000        0.00000000
    1.000000      1.000000
  1    1        0.00012721        0.00002360        0.00000000        0.00000000
    1.000000      2.000000
  1    1       -0.08954022        0.00018422       -0.00000000        0.00000000
    2.000000     -1.000000
  1    1       -0.09024871        0.00018555       -0.00000000        0.00000000
    2.000000      0.000000
  1    1       -0.00000000        0.00000000       -0.00000000        0.00000000
    2.000000      1.000000
  1    1       -0.09024871        0.00018555       -0.00000000        0.00000000
    2.000000      2.000000
  1    1       -0.00000000        0.00000000       -0.00000000        0.00000000
