   -1.570796     -1.570796
  1    1        1.00000000        0.00000000        0.00000000        0.00000000
   -1.570796      0.000000
  1    1        1.83917023        0.00014878        0.00023850        0.00006722
   -1.570796      1.570796
  1    1        1.00000000        0.00000000       -0.00000000        0.00000000
   -1.570796      3.141593
  1    1        0.16082977        0.00014878       -0.00023850        0.00006722
    0.000000     -1.570796
  1    1        1.83970464        0.00015436        0.00027032        0.00006285
    0.000000      0.000000
  1    1        1.95971917        0.00004945        0.00000000        0.00000000
    0.000000      1.570796
  1    1        1.83970464        0.00015436       -0.00027032        0.00006285
    0.000000      3.141593
  1    1        1.00336839        0.00166915       -0.00000000        0.00000000
    1.570796     -1.570796
  1    1        1.00000000        0.00000000        0.00000000        0.00000000
    1.570796      0.000000
  1    1        1.83917023        0.00014878       -0.00023850        0.00006722
    1.570796      1.570796
  1    1        1.00000000        0.00000000       -0.00000000        0.00000000
    1.570796      3.141593
  1    1        0.16082977        0.00014878        0.00023850        0.00006722
    3.141593     -1.570796
  1    1        0.16029536        0.00015436       -0.00027032        0.00006285
    3.141593      0.000000
  1    1        0.99663161        0.00166915       -0.00000000        0.00000000
    3.141593      1.570796
  1    1        0.16029536        0.00015436        0.00027032        0.00006285
    3.141593      3.141593
  1    1        0.04028083        0.00004945        0.00000000        0.00000000
