   -1.570796     -1.570796
  1    1        0.40585733        0.00100561       -0.00000000        0.00000000
   -1.570796      0.000000
  1    1        0.24939556        0.00261117       -0.00000000        0.00000000
   -1.570796      1.570796
  1    1        0.40388356        0.00173851        0.00000000        0.00000000
   -1.570796      3.141593
  1    1        0.62480284        0.00158773       -0.00000000        0.00000000
    0.000000     -1.570796
  1    1        0.24844006        0.00122871       -0.00000000        0.00000000
    0.000000      0.000000
  1    1        0.00012375        0.00002019        0.00000000        0.00000000
    0.000000      1.570796
  1    1        0.24844006        0.00122871        0.00000000        0.00000000
    0.000000      3.141593
  1    1        0.40438859        0.00262106       -0.00000000        0.00000000
    1.570796     -1.570796
  1    1        0.40388356        0.00173851        0.00000000        0.00000000
    1.570796      0.000000
  1    1        0.24939556        0.00261117        0.00000000        0.00000000
    1.570796      1.570796
  1    1        0.40585733        0.00100561        0.00000000        0.00000000
    1.570796      3.141593
  1    1        0.62480284        0.00158773       -0.00000000        0.00000000
    3.141593     -1.570796
  1    1        0.62702863        0.00314424        0.00000000        0.00000000
    3.141593      0.000000
  1    1        0.40440770        0.00354662       -0.00000000        0.00000000
    3.141593      1.570796
  1    1        0.62702863        0.00314424       -0.00000000        0.00000000
    3.141593      3.141593
  1    1        2.07226399        0.01542681        0.00000000        0.00000000
