   -1.570796     -1.570796
  1    1        0.40585580        0.00004667        0.00000000        0.00000000
   -1.570796      0.000000
  1    1        0.24571253        0.00018808       -0.00000000        0.00000000
   -1.570796      1.570796
  1    1        0.40568237        0.00004901        0.00000000        0.00000000
   -1.570796      3.141593
  1    1        0.63665504        0.00037385        0.00000000        0.00000000
    0.000000     -1.570796
  1    1        0.24684582        0.00018835        0.00000000        0.00000000
    0.000000      0.000000
  1    1        0.00006391        0.00000184        0.00000000        0.00000000
    0.000000      1.570796
  1    1        0.24684582        0.00018835       -0.00000000        0.00000000
    0.000000      3.141593
  1    1        0.40700344        0.00025018       -0.00000000        0.00000000
    1.570796     -1.570796
  1    1        0.40568237        0.00004901       -0.00000000        0.00000000
    1.570796      0.000000
  1    1        0.24571253        0.00018808        0.00000000        0.00000000
    1.570796      1.570796
  1    1        0.40585580        0.00004667       -0.00000000        0.00000000
    1.570796      3.141593
  1    1        0.63665504        0.00037385       -0.00000000        0.00000000
    3.141593     -1.570796
  1    1        0.63544061        0.00036385        0.00000000        0.00000000
    3.141593      0.000000
  1    1        0.40356317        0.00024921       -0.00000000        0.00000000
    3.141593      1.570796
  1    1        0.63544061        0.00036385       -0.00000000        0.00000000
    3.141593      3.141593
  1    1        2.03698515        0.00073155        0.00000000        0.00000000
