   -1.000000     -1.000000
  1    1        0.07663347        0.00004916        0.00000000        0.00000000
   -1.000000      0.000000
  1    1       -0.17566691        0.00008891       -0.00000000        0.00000000
   -1.000000      1.000000
  1    1        0.07667683        0.00004950        0.00000000        0.00000000
   -1.000000      2.000000
  1    1       -0.07851821        0.00008698        0.00000000        0.00000000
    0.000000     -1.000000
  1    1       -0.17639041        0.00008700       -0.00000000        0.00000000
    0.000000      0.000000
  1    1        0.50000000        0.00000000        0.00000000        0.00000000
    0.000000      1.000000
  1    1       -0.17639041        0.00008700        0.00000000        0.00000000
    0.000000      2.000000
  1    1        0.07654385        0.00005544       -0.00000000        0.00000000
    1.000000     -1.000000
  1    1        0.07667683        0.00004950        0.00000000        0.00000000
    1.000000      0.000000
  1    1       -0.17566691        0.00008891        0.00000000        0.00000000
    1.000000      1.000000
  1    1        0.07663347        0.00004916       -0.00000000        0.00000000
    1.000000      2.000000
  1    1       -0.07851821        0.00008698        0.00000000        0.00000000
    2.000000     -1.000000
  1    1       -0.07865478        0.00008938        0.00000000        0.00000000
    2.000000      0.000000
  1    1        0.07652356        0.00005937       -0.00000000        0.00000000
    2.000000      1.000000
  1    1       -0.07865478        0.00008938        0.00000000        0.00000000
    2.000000      2.000000
  1    1        0.05883650        0.00007937       -0.00000000        0.00000000
