     0.0000000        2.00000000        0.00000000
     0.1000000        1.76104910        0.00427979
     0.2000000        1.58061961        0.01183136
     0.3000000        1.43101400        0.01331457
     0.4000000        1.30170477        0.01125273
     0.5000000        1.19396486        0.01199636
     0.6000000        1.09660517        0.01070391
     0.7000000        1.00875154        0.00978596
     0.8000000        0.93747410        0.00981417
     0.9000000        0.86073332        0.01514074
     1.0000000        0.79435919        0.01194522
     1.1000000        0.73926279        0.00608931
     1.2000000        0.68338285        0.00845673
     1.3000000        0.64271609        0.01461559
     1.4000000        0.59547825        0.00938761
     1.5000000        0.55687120        0.00969003
     1.6000000        0.51750307        0.01114621
     1.7000000        0.47576481        0.01393032
     1.8000000        0.45154410        0.00916295
     1.9000000        0.41817432        0.01148652
     2.0000000        0.39070318        0.01150886
     2.1000000        0.36666667        0.01166504
     2.2000000        0.34425682        0.01133176
     2.3000000        0.32549262        0.01391516
     2.4000000        0.30819725        0.01848577
     2.5000000        0.28993769        0.01817479
     2.6000000        0.27212039        0.01409297
     2.7000000        0.25514936        0.01048489
     2.8000000        0.23829609        0.00950548
     2.9000000        0.22696912        0.01084074
     3.0000000        0.21012025        0.01226228
     3.1000000        0.19098938        0.01396468
     3.2000000        0.18242756        0.01238954
     3.3000000        0.16832597        0.01141390
     3.4000000        0.15847460        0.00803295
     3.5000000        0.15132664        0.00805320
     3.6000000        0.13640601        0.00886432
     3.7000000        0.12282892        0.00687034
     3.8000000        0.12056690        0.00720179
     3.9000000        0.10470729        0.01290249
     4.0000000        0.09941759        0.00857671
     4.1000000        0.09191194        0.00601249
     4.2000000        0.09076753        0.01049242
     4.3000000        0.09161781        0.01092867
     4.4000000        0.09497687        0.01151982
     4.5000000        0.09851415        0.00761950
     4.6000000        0.09547287        0.00731929
     4.7000000        0.08809974        0.00697758
     4.8000000        0.08997878        0.00828626
     4.9000000        0.09242232        0.00776772
     5.0000000        0.09196066        0.00788492
     5.1000000        0.09114059        0.00734912
     5.2000000        0.09193500        0.00575597
     5.3000000        0.09366418        0.00687873
     5.4000000        0.09729868        0.00639897
     5.5000000        0.09782789        0.00662886
     5.6000000        0.09732085        0.00646186
     5.7000000        0.09659622        0.00883702
     5.8000000        0.09449451        0.00706353
     5.9000000        0.10249176        0.00753554
     6.0000000        0.10750827        0.00844172
     6.1000000        0.11623161        0.00471737
     6.2000000        0.11631928        0.00691619
     6.3000000        0.11866648        0.01234984
     6.4000000        0.12327380        0.01555387
     6.5000000        0.13289394        0.01083118
     6.6000000        0.14330458        0.01153113
     6.7000000        0.15373962        0.01349497
     6.8000000        0.15831944        0.01104252
     6.9000000        0.16701561        0.00965652
     7.0000000        0.18406219        0.01205982
     7.1000000        0.20026726        0.00934482
     7.2000000        0.21267842        0.01589831
     7.3000000        0.22739766        0.01819088
     7.4000000        0.24572989        0.01877746
     7.5000000        0.26108060        0.01743451
     7.6000000        0.28976337        0.01989738
     7.7000000        0.31605083        0.01918067
     7.8000000        0.33684853        0.01601158
     7.9000000        0.36335898        0.01747732
     8.0000000        0.38317468        0.01912565
     8.1000000        0.40525323        0.01923063
     8.2000000        0.43787418        0.01995533
     8.3000000        0.46873591        0.02531263
     8.4000000        0.50147340        0.02351139
     8.5000000        0.54598673        0.02045580
     8.6000000        0.58718776        0.02267494
     8.7000000        0.62990273        0.02178362
     8.8000000        0.67924561        0.01962580
     8.9000000        0.72627685        0.02146941
     9.0000000        0.78934784        0.01722941
     9.1000000        0.85914784        0.01829001
     9.2000000        0.93667522        0.01814897
     9.3000000        1.01177599        0.01442083
     9.4000000        1.09583009        0.01932833
     9.5000000        1.20371150        0.01489258
     9.6000000        1.30885442        0.01096289
     9.7000000        1.42446055        0.00813952
     9.8000000        1.57774692        0.00776618
     9.9000000        1.76624561        0.00907483
    10.0000000        2.00000000        0.00000000
