     0.0000000        0.62623090        0.05504753
     0.1000000        0.42508126        0.03345421
     0.2000000        0.29432195        0.00419621
     0.3000000        0.22772984        0.01792690
     0.4000000        0.17797634        0.01522270
     0.5000000        0.13740458        0.00751853
     0.6000000        0.10464786        0.00072986
     0.7000000        0.08881995        0.00683491
     0.8000000        0.08316215        0.01987548
     0.9000000        0.07356858        0.02193215
     1.0000000        0.05847883        0.01261033
     1.1000000        0.04472043        0.00625486
     1.2000000        0.04009754        0.00843441
     1.3000000        0.03762130        0.01244193
     1.4000000        0.03682817        0.01447382
     1.5000000        0.03392260        0.01171687
     1.6000000        0.02852428        0.00690510
     1.7000000        0.02535572        0.00682691
     1.8000000        0.02676993        0.01309757
     1.9000000        0.02489975        0.01543931
     2.0000000        0.02881059        0.02409959
     2.1000000        0.02980286        0.02769736
     2.2000000        0.02645493        0.02414652
     2.3000000        0.02489255        0.02191219
     2.4000000        0.02219272        0.01871286
     2.5000000        0.01662421        0.01158213
     2.6000000        0.01238647        0.00795071
     2.7000000        0.01284560        0.00909520
     2.8000000        0.01109832        0.00739760
     2.9000000        0.01095707        0.00840678
     3.0000000        0.00563179        0.00343016
     3.1000000        0.00483491        0.00350890
     3.2000000        0.00344046        0.00433657
     3.3000000        0.00156746        0.00273867
     3.4000000        0.00114023        0.00171311
     3.5000000        0.00051296        0.00183081
     3.6000000        0.00014012        0.00045872
     3.7000000        0.00151394        0.00039070
     3.8000000        0.00230639        0.00105339
     3.9000000        0.00133403        0.00030542
     4.0000000        0.00007081        0.00145977
     4.1000000       -0.00037333        0.00331739
     4.2000000       -0.00218713        0.00762312
     4.3000000       -0.00129275        0.00775492
     4.4000000       -0.00157415        0.00822283
     4.5000000       -0.00105425        0.00729680
     4.6000000       -0.00208563        0.00663589
     4.7000000       -0.00206250        0.00664546
     4.8000000       -0.00239750        0.00793194
     4.9000000       -0.00202553        0.00801795
     5.0000000       -0.00149698        0.00877979
     5.1000000       -0.00247882        0.00762380
     5.2000000       -0.00189772        0.00827099
     5.3000000       -0.00096654        0.00768231
     5.4000000       -0.00038999        0.00630268
     5.5000000        0.00062596        0.00405481
     5.6000000        0.00053642        0.00207921
     5.7000000        0.00086769        0.00015150
     5.8000000        0.00122953        0.00259003
     5.9000000        0.00180880        0.00362717
     6.0000000        0.00243272        0.00235226
     6.1000000        0.00112640        0.00334886
     6.2000000       -0.00005198        0.00465547
     6.3000000       -0.00069142        0.00436245
     6.4000000       -0.00152088        0.00252212
     6.5000000       -0.00179476        0.00068271
     6.6000000        0.00082013        0.00116250
     6.7000000        0.00228349        0.00164830
     6.8000000        0.00270633        0.00394077
     6.9000000        0.00361691        0.00296171
     7.0000000        0.00522201        0.00188305
     7.1000000        0.00560311        0.00191059
     7.2000000        0.00617562        0.00038249
     7.3000000        0.00780607        0.00034003
     7.4000000        0.00880531        0.00183801
     7.5000000        0.01034908        0.00212375
     7.6000000        0.01070711        0.00531470
     7.7000000        0.01204950        0.00722631
     7.8000000        0.01272219        0.00526385
     7.9000000        0.01326601        0.00349712
     8.0000000        0.01408789        0.00396342
     8.1000000        0.01469226        0.00488227
     8.2000000        0.01899446        0.00270658
     8.3000000        0.02179727        0.00115867
     8.4000000        0.02478045        0.00234038
     8.5000000        0.02939576        0.00624322
     8.6000000        0.03537210        0.00389766
     8.7000000        0.04164472        0.00699099
     8.8000000        0.04974060        0.00814025
     8.9000000        0.06106521        0.01165613
     9.0000000        0.07135037        0.01644757
     9.1000000        0.08336092        0.01587008
     9.2000000        0.09180944        0.01270027
     9.3000000        0.10911920        0.01864230
     9.4000000        0.12198457        0.01105701
     9.5000000        0.15069022        0.02056507
     9.6000000        0.19896741        0.03691915
     9.7000000        0.25381635        0.05041959
     9.8000000        0.33837242        0.06665215
     9.9000000        0.45535157        0.06985003
    10.0000000        0.62623090        0.05504753
