     0.0000000        0.81398191        0.00562666
     0.1000000        0.64764289        0.00533868
     0.2000000        0.52972493        0.00462932
     0.3000000        0.44264755        0.00439153
     0.4000000        0.37549362        0.00414301
     0.5000000        0.32233973        0.00374595
     0.6000000        0.27805005        0.00329421
     0.7000000        0.24061644        0.00276251
     0.8000000        0.20989645        0.00273451
     0.9000000        0.18395011        0.00272809
     1.0000000        0.16178726        0.00279840
     1.1000000        0.14243203        0.00270645
     1.2000000        0.12638654        0.00259192
     1.3000000        0.11332565        0.00269456
     1.4000000        0.10077939        0.00244485
     1.5000000        0.08993114        0.00230109
     1.6000000        0.08033675        0.00196653
     1.7000000        0.07236111        0.00183535
     1.8000000        0.06622979        0.00173093
     1.9000000        0.06110941        0.00175722
     2.0000000        0.05666626        0.00178033
     2.1000000        0.05329621        0.00182643
     2.2000000        0.05100901        0.00186176
     2.3000000        0.04936047        0.00198660
     2.4000000        0.04884711        0.00199681
     2.5000000        0.04833239        0.00208231
     2.6000000        0.04921609        0.00226888
     2.7000000        0.05074234        0.00255763
     2.8000000        0.05284912        0.00242088
     2.9000000        0.05600628        0.00243502
     3.0000000        0.06012981        0.00246602
     3.1000000        0.06416820        0.00240839
     3.2000000        0.06918281        0.00245622
     3.3000000        0.07513793        0.00254923
     3.4000000        0.08263721        0.00253593
     3.5000000        0.09186127        0.00266240
     3.6000000        0.10246828        0.00268891
     3.7000000        0.11472359        0.00264852
     3.8000000        0.12898573        0.00295672
     3.9000000        0.14583449        0.00325020
     4.0000000        0.16490729        0.00365444
     4.1000000        0.18688309        0.00397537
     4.2000000        0.21188423        0.00373702
     4.3000000        0.24219174        0.00386027
     4.4000000        0.27935418        0.00444901
     4.5000000        0.32311739        0.00497660
     4.6000000        0.37659825        0.00526284
     4.7000000        0.44387396        0.00522889
     4.8000000        0.53180176        0.00544121
     4.9000000        0.64921381        0.00581716
     5.0000000        0.81398191        0.00562666
