   -1.000000     -1.000000
  1    1        0.03957900        0.00002143       -0.00000000        0.00000000
   -1.000000      0.000000
  1    1       -0.12951515        0.00005418       -0.00000000        0.00000000
   -1.000000      1.000000
  1    1        0.03956739        0.00002103       -0.00000000        0.00000000
   -1.000000      2.000000
  1    1       -0.03298317        0.00002221       -0.00000000        0.00000000
    0.000000     -1.000000
  1    1       -0.12971872        0.00005332       -0.00000000        0.00000000
    0.000000      0.000000
  1    1        0.50000000        0.00000000        0.00000000        0.00000000
    0.000000      1.000000
  1    1       -0.12971872        0.00005332        0.00000000        0.00000000
    0.000000      2.000000
  1    1        0.03957109        0.00002705        0.00000000        0.00000000
    1.000000     -1.000000
  1    1        0.03956739        0.00002103       -0.00000000        0.00000000
    1.000000      0.000000
  1    1       -0.12951515        0.00005418        0.00000000        0.00000000
    1.000000      1.000000
  1    1        0.03957900        0.00002143       -0.00000000        0.00000000
    1.000000      2.000000
  1    1       -0.03298317        0.00002221        0.00000000        0.00000000
    2.000000     -1.000000
  1    1       -0.03299058        0.00002190        0.00000000        0.00000000
    2.000000      0.000000
  1    1        0.03952829        0.00002660        0.00000000        0.00000000
    2.000000      1.000000
  1    1       -0.03299058        0.00002190        0.00000000        0.00000000
    2.000000      2.000000
  1    1        0.02296034        0.00001886        0.00000000        0.00000000
