   -1.000000     -1.000000
  1    1        0.00011688        0.00002853        0.00000000        0.00000000
   -1.000000      0.000000
  1    1        0.31823405        0.00014131       -0.00000000        0.00000000
   -1.000000      1.000000
  1    1       -0.00016000        0.00002864        0.00000000        0.00000000
   -1.000000      2.000000
  1    1       -0.07837534        0.00008421       -0.00000000        0.00000000
    0.000000     -1.000000
  1    1        0.31832483        0.00013994       -0.00000000        0.00000000
    0.000000      0.000000
  1    1        1.00000000        0.00000000       -0.00000000        0.00000000
    0.000000      1.000000
  1    1        0.31832483        0.00013994        0.00000000        0.00000000
    0.000000      2.000000
  1    1        0.00000000        0.00000000       -0.00000000        0.00000000
    1.000000     -1.000000
  1    1        0.00016000        0.00002864        0.00000000        0.00000000
    1.000000      0.000000
  1    1        0.31823405        0.00014131        0.00000000        0.00000000
    1.000000      1.000000
  1    1       -0.00011688        0.00002853        0.00000000        0.00000000
    1.000000      2.000000
  1    1       -0.07837534        0.00008421       -0.00000000        0.00000000
    2.000000     -1.000000
  1    1       -0.07830858        0.00008373       -0.00000000        0.00000000
    2.000000      0.000000
  1    1        0.00000000        0.00000000       -0.00000000        0.00000000
    2.000000      1.000000
  1    1       -0.07830858        0.00008373       -0.00000000        0.00000000
    2.000000      2.000000
  1    1        0.00000000        0.00000000       -0.00000000        0.00000000
