   -1.570796     -1.570796
  1    1        1.00000000        0.00000000       -0.00000000        0.00000000
   -1.570796      0.000000
  1    1        1.79326683        0.00020086        0.00008623        0.00007973
   -1.570796      1.570796
  1    1        1.00000000        0.00000000        0.00000000        0.00000000
   -1.570796      3.141593
  1    1        0.20673317        0.00020086       -0.00008623        0.00007973
    0.000000     -1.570796
  1    1        1.79321878        0.00021054       -0.00055377        0.00008196
    0.000000      0.000000
  1    1        1.95974990        0.00007575        0.00000000        0.00000000
    0.000000      1.570796
  1    1        1.79321878        0.00021054        0.00055377        0.00008196
    0.000000      3.141593
  1    1        0.99968491        0.00082667       -0.00000000        0.00000000
    1.570796     -1.570796
  1    1        1.00000000        0.00000000       -0.00000000        0.00000000
    1.570796      0.000000
  1    1        1.79326683        0.00020086       -0.00008623        0.00007973
    1.570796      1.570796
  1    1        1.00000000        0.00000000        0.00000000        0.00000000
    1.570796      3.141593
  1    1        0.20673317        0.00020086        0.00008623        0.00007973
    3.141593     -1.570796
  1    1        0.20678122        0.00021054        0.00055377        0.00008196
    3.141593      0.000000
  1    1        1.00031509        0.00082667       -0.00000000        0.00000000
    3.141593      1.570796
  1    1        0.20678122        0.00021054       -0.00055377        0.00008196
    3.141593      3.141593
  1    1        0.04025010        0.00007575        0.00000000        0.00000000
