   -1.570796     -1.570796
  1    1        0.44383774        0.00003505        0.00000000        0.00000000
   -1.570796      0.000000
  1    1        0.28362619        0.00009135        0.00000000        0.00000000
   -1.570796      1.570796
  1    1        0.44388417        0.00003288        0.00000000        0.00000000
   -1.570796      3.141593
  1    1        0.67053875        0.00014886        0.00000000        0.00000000
    0.000000     -1.570796
  1    1        0.28393291        0.00009399       -0.00000000        0.00000000
    0.000000      0.000000
  1    1        0.10993727        0.00003214        0.00000000        0.00000000
    0.000000      1.570796
  1    1        0.28393291        0.00009399        0.00000000        0.00000000
    0.000000      3.141593
  1    1        0.44418888        0.00017435       -0.00000000        0.00000000
    1.570796     -1.570796
  1    1        0.44388417        0.00003288       -0.00000000        0.00000000
    1.570796      0.000000
  1    1        0.28362619        0.00009135       -0.00000000        0.00000000
    1.570796      1.570796
  1    1        0.44383774        0.00003505       -0.00000000        0.00000000
    1.570796      3.141593
  1    1        0.67053875        0.00014886       -0.00000000        0.00000000
    3.141593     -1.570796
  1    1        0.67006081        0.00015390        0.00000000        0.00000000
    3.141593      0.000000
  1    1        0.44334497        0.00017427       -0.00000000        0.00000000
    3.141593      1.570796
  1    1        0.67006081        0.00015390       -0.00000000        0.00000000
    3.141593      3.141593
  1    1        1.41076775        0.00028487        0.00000000        0.00000000
