     0.0000000        1.34899744        0.02099356
     0.1000000        1.12619273        0.02304896
     0.2000000        0.94703001        0.02043512
     0.3000000        0.80315990        0.01766631
     0.4000000        0.68556288        0.01484881
     0.5000000        0.58812885        0.01341981
     0.6000000        0.50666263        0.01250550
     0.7000000        0.43848654        0.01178450
     0.8000000        0.38066831        0.01078895
     0.9000000        0.33492112        0.01319414
     1.0000000        0.29691292        0.01782710
     1.1000000        0.26298046        0.02080916
     1.2000000        0.23765179        0.02681726
     1.3000000        0.21804470        0.03511977
     1.4000000        0.19642131        0.03764051
     1.5000000        0.17129620        0.03246282
     1.6000000        0.14887602        0.02668618
     1.7000000        0.13386073        0.02700797
     1.8000000        0.11644785        0.02252722
     1.9000000        0.10375917        0.02179366
     2.0000000        0.09119835        0.01978450
     2.1000000        0.07870098        0.01659857
     2.2000000        0.06800766        0.01537958
     2.3000000        0.06006163        0.01510266
     2.4000000        0.05273195        0.01427650
     2.5000000        0.04781154        0.01447223
     2.6000000        0.04454572        0.01628661
     2.7000000        0.04009237        0.01502668
     2.8000000        0.03640551        0.01394561
     2.9000000        0.03441655        0.01434747
     3.0000000        0.03357042        0.01558658
     3.1000000        0.03053437        0.01473093
     3.2000000        0.03059293        0.01582560
     3.3000000        0.03226787        0.01843424
     3.4000000        0.03345283        0.01965799
     3.5000000        0.03157505        0.01877942
     3.6000000        0.03225287        0.02030765
     3.7000000        0.03376625        0.02197633
     3.8000000        0.03193477        0.02034424
     3.9000000        0.02979959        0.01888078
     4.0000000        0.03011079        0.01892292
     4.1000000        0.02697568        0.01648220
     4.2000000        0.02703560        0.01608708
     4.3000000        0.02338272        0.01359286
     4.4000000        0.01673026        0.00938943
     4.5000000        0.01507147        0.00849471
     4.6000000        0.01246983        0.00692632
     4.7000000        0.01187729        0.00646503
     4.8000000        0.01113962        0.00590550
     4.9000000        0.01139455        0.00639152
     5.0000000        0.01172124        0.00679332
     5.1000000        0.01294486        0.00794846
     5.2000000        0.01003490        0.00496072
     5.3000000        0.00956397        0.00403966
     5.4000000        0.01063909        0.00480359
     5.5000000        0.00941713        0.00327068
     5.6000000        0.00809657        0.00179614
     5.7000000        0.01012717        0.00308659
     5.8000000        0.01237836        0.00503590
     5.9000000        0.01265278        0.00529743
     6.0000000        0.01433094        0.00637229
     6.1000000        0.01102272        0.00268744
     6.2000000        0.00856298        0.00211069
     6.3000000        0.01050159        0.00180037
     6.4000000        0.01087248        0.00212263
     6.5000000        0.00950260        0.00466581
     6.6000000        0.00688874        0.00845513
     6.7000000        0.00538928        0.01118294
     6.8000000        0.00500649        0.01319517
     6.9000000        0.00455033        0.01626747
     7.0000000        0.00412671        0.01924136
     7.1000000        0.00515600        0.02088308
     7.2000000        0.00738708        0.02194815
     7.3000000        0.01494706        0.01769891
     7.4000000        0.02179384        0.01455091
     7.5000000        0.02790759        0.01228138
     7.6000000        0.03336798        0.01197248
     7.7000000        0.03978381        0.01174234
     7.8000000        0.04676872        0.01205545
     7.9000000        0.05564716        0.01080259
     8.0000000        0.06659003        0.00856834
     8.1000000        0.07529295        0.00922113
     8.2000000        0.08727512        0.00820545
     8.3000000        0.09876111        0.00995835
     8.4000000        0.11368302        0.01013861
     8.5000000        0.13175936        0.00944975
     8.6000000        0.15239913        0.00869685
     8.7000000        0.17706979        0.00761633
     8.8000000        0.20321281        0.00793606
     8.9000000        0.23581261        0.00687474
     9.0000000        0.27170151        0.00726995
     9.1000000        0.31438134        0.00747294
     9.2000000        0.36442856        0.00654219
     9.3000000        0.42492155        0.00434844
     9.4000000        0.49501749        0.00434903
     9.5000000        0.57830659        0.00666599
     9.6000000        0.67917909        0.01102704
     9.7000000        0.79791880        0.01372070
     9.8000000        0.94264424        0.01699548
     9.9000000        1.12092503        0.01856863
    10.0000000        1.34899744        0.02099356
