     0.0000000        0.15263469        0.00407478
     0.1000000        0.10323442        0.00330473
     0.2000000        0.07055005        0.00315772
     0.3000000        0.05023816        0.00267453
     0.4000000        0.03865740        0.00318054
     0.5000000        0.02842298        0.00324942
     0.6000000        0.02255848        0.00279317
     0.7000000        0.01850031        0.00301019
     0.8000000        0.01216219        0.00282932
     0.9000000        0.00939880        0.00259321
     1.0000000        0.00649288        0.00283242
     1.1000000        0.00531342        0.00240964
     1.2000000        0.00566613        0.00238398
     1.3000000        0.00429510        0.00278337
     1.4000000        0.00262516        0.00272956
     1.5000000        0.00077113        0.00260735
     1.6000000        0.00251278        0.00305321
     1.7000000        0.00519087        0.00290281
     1.8000000        0.00389717        0.00354141
     1.9000000        0.00052317        0.00292280
     2.0000000       -0.00185012        0.00281135
     2.1000000       -0.00329915        0.00216044
     2.2000000        0.00006186        0.00248594
     2.3000000        0.00099814        0.00244615
     2.4000000       -0.00030761        0.00248939
     2.5000000        0.00127201        0.00224676
     2.6000000        0.00163141        0.00180727
     2.7000000        0.00100255        0.00235162
     2.8000000       -0.00042272        0.00228540
     2.9000000       -0.00029533        0.00325022
     3.0000000        0.00187562        0.00332608
     3.1000000        0.00175823        0.00244602
     3.2000000        0.00268382        0.00181142
     3.3000000        0.00127169        0.00228484
     3.4000000       -0.00121701        0.00219986
     3.5000000        0.00121493        0.00235340
     3.6000000       -0.00206757        0.00238125
     3.7000000       -0.00500974        0.00359945
     3.8000000       -0.00258293        0.00362555
     3.9000000       -0.00620879        0.00242991
     4.0000000       -0.00591427        0.00169221
     4.1000000       -0.00205020        0.00192019
     4.2000000       -0.00177854        0.00149244
     4.3000000       -0.00249270        0.00215902
     4.4000000       -0.00204761        0.00190609
     4.5000000       -0.00087325        0.00215277
     4.6000000       -0.00002933        0.00231209
     4.7000000        0.00077393        0.00190550
     4.8000000        0.00029701        0.00167395
     4.9000000        0.00082633        0.00204233
     5.0000000       -0.00038014        0.00198004
     5.1000000       -0.00034323        0.00198728
     5.2000000        0.00056199        0.00185508
     5.3000000        0.00182308        0.00228026
     5.4000000       -0.00155037        0.00232106
     5.5000000        0.00033826        0.00325488
     5.6000000       -0.00219336        0.00275755
     5.7000000       -0.00357317        0.00232228
     5.8000000       -0.00124291        0.00192704
     5.9000000       -0.00229755        0.00183802
     6.0000000       -0.00171019        0.00205081
     6.1000000       -0.00198892        0.00171297
     6.2000000       -0.00171847        0.00189738
     6.3000000       -0.00324745        0.00202862
     6.4000000       -0.00205784        0.00245232
     6.5000000        0.00012310        0.00227169
     6.6000000       -0.00003222        0.00227019
     6.7000000       -0.00151416        0.00259493
     6.8000000       -0.00078132        0.00261839
     6.9000000       -0.00001403        0.00283099
     7.0000000       -0.00126454        0.00340477
     7.1000000       -0.00312337        0.00306352
     7.2000000        0.00000299        0.00311267
     7.3000000        0.00192824        0.00257827
     7.4000000        0.00673082        0.00205652
     7.5000000        0.00986251        0.00306462
     7.6000000        0.01198239        0.00234419
     7.7000000        0.01313337        0.00283187
     7.8000000        0.01803302        0.00300461
     7.9000000        0.02279883        0.00258706
     8.0000000        0.02629262        0.00288144
     8.1000000        0.02862930        0.00301644
     8.2000000        0.03562467        0.00320304
     8.3000000        0.04696301        0.00274853
     8.4000000        0.05716285        0.00298020
     8.5000000        0.07118672        0.00295037
     8.6000000        0.09112811        0.00331613
     8.7000000        0.11120112        0.00339546
     8.8000000        0.13558597        0.00287932
     8.9000000        0.16784299        0.00312977
     9.0000000        0.20372872        0.00369121
     9.1000000        0.24712367        0.00239238
     9.2000000        0.30355206        0.00320487
     9.3000000        0.37426597        0.00297258
     9.4000000        0.46393453        0.00273406
     9.5000000        0.57919252        0.00341497
     9.6000000        0.71726626        0.00307715
     9.7000000        0.89681323        0.00324556
     9.8000000        1.13408348        0.00286891
     9.9000000        1.44111746        0.00413799
    10.0000000        1.84736531        0.00407478
