     0.0000000        1.01333333        0.07042509
     0.0500000        0.97135417        0.07115369
     0.1000000        0.93072917        0.07119052
     0.1500000        0.89447917        0.06798389
     0.2000000        0.85854167        0.07135800
     0.2500000        0.83302083        0.07126087
     0.3000000        0.81739583        0.06906052
     0.3500000        0.79687500        0.06549606
     0.4000000        0.78395833        0.06214711
     0.4500000        0.76541667        0.05990530
     0.5000000        0.74218750        0.05241289
     0.5500000        0.72656250        0.04884041
     0.6000000        0.71958333        0.05121770
     0.6500000        0.71072917        0.05591197
     0.7000000        0.70843750        0.05745509
     0.7500000        0.69291667        0.05935938
     0.8000000        0.67583333        0.06069657
     0.8500000        0.67145833        0.06167803
     0.9000000        0.66572917        0.06248191
     0.9500000        0.65229167        0.06124838
     1.0000000        0.63833333        0.06416287
     1.0500000        0.62822917        0.06759376
     1.1000000        0.61218750        0.06625402
     1.1500000        0.59489583        0.06614329
     1.2000000        0.58072917        0.06555222
     1.2500000        0.56770833        0.06580769
     1.3000000        0.56552083        0.06649436
     1.3500000        0.56875000        0.06906792
     1.4000000        0.56635417        0.06637696
     1.4500000        0.53781250        0.06284433
     1.5000000        0.51645833        0.05854001
     1.5500000        0.49031250        0.05719740
     1.6000000        0.46791667        0.05501393
     1.6500000        0.45208333        0.05276261
     1.7000000        0.42947917        0.05089703
     1.7500000        0.40895833        0.04898501
     1.8000000        0.39333333        0.04942995
     1.8500000        0.37052083        0.05181605
     1.9000000        0.35187500        0.05163407
     1.9500000        0.34187500        0.04861153
     2.0000000        0.32947917        0.04782281
     2.0500000        0.31322917        0.04653529
     2.1000000        0.28562500        0.04532467
     2.1500000        0.26062500        0.04515798
     2.2000000        0.25020833        0.04822223
     2.2500000        0.24718750        0.05132619
     2.3000000        0.24468750        0.05570318
     2.3500000        0.24041667        0.05867760
     2.4000000        0.23479167        0.06162546
     2.4500000        0.21447917        0.06365898
     2.5000000        0.20062500        0.06299115
     2.5500000        0.18958333        0.06728699
     2.6000000        0.18197917        0.07561532
     2.6500000        0.17302083        0.08034717
     2.7000000        0.17354167        0.08066546
     2.7500000        0.16708333        0.08384998
     2.8000000        0.15270833        0.08206935
     2.8500000        0.13197917        0.07819725
     2.9000000        0.12833333        0.07880112
     2.9500000        0.12583333        0.07736497
     3.0000000        0.12302083        0.07458121
     3.0500000        0.11114583        0.07614560
     3.1000000        0.10968750        0.07812269
     3.1500000        0.09968750        0.07946491
     3.2000000        0.09052083        0.08083795
     3.2500000        0.08510417        0.08477356
     3.3000000        0.07458333        0.08540834
     3.3500000        0.07375000        0.08473570
     3.4000000        0.08145833        0.08291949
     3.4500000        0.08552083        0.08089464
     3.5000000        0.07958333        0.08022411
     3.5500000        0.07750000        0.07950697
     3.6000000        0.07541667        0.07717831
     3.6500000        0.07802083        0.07534244
     3.7000000        0.07510417        0.07378430
     3.7500000        0.07343750        0.07237452
     3.8000000        0.07208333        0.07071859
     3.8500000        0.07854167        0.06747567
     3.9000000        0.08447917        0.06625370
     3.9500000        0.09520833        0.05984178
     4.0000000        0.11000000        0.05786981
     4.0500000        0.11250000        0.05945235
     4.1000000        0.10781250        0.06022666
     4.1500000        0.11020833        0.06236221
     4.2000000        0.11187500        0.06753414
     4.2500000        0.10822917        0.06510807
     4.3000000        0.11135417        0.06574047
     4.3500000        0.11322917        0.06543490
     4.4000000        0.10406250        0.06865746
     4.4500000        0.10010417        0.06873384
     4.5000000        0.09500000        0.06739336
     4.5500000        0.07510417        0.06762681
     4.6000000        0.06062500        0.06920324
     4.6500000        0.04166667        0.06966277
     4.7000000        0.03291667        0.07171172
     4.7500000        0.03406250        0.07626416
     4.8000000        0.02760417        0.07448956
     4.8500000        0.01916667        0.07200769
     4.9000000        0.01791667        0.07228458
     4.9500000        0.01645833        0.07322271
     5.0000000        0.01052083        0.07356012
     5.0500000        0.01281250        0.07265979
     5.1000000        0.02312500        0.07442540
     5.1500000        0.02802083        0.07718301
     5.2000000        0.03145833        0.08166255
     5.2500000        0.03270833        0.08336942
     5.3000000        0.03500000        0.08391290
     5.3500000        0.03822917        0.08412522
     5.4000000        0.04895833        0.08327008
     5.4500000        0.07312500        0.08449343
     5.5000000        0.08208333        0.08408390
     5.5500000        0.08854167        0.08292540
     5.6000000        0.09197917        0.08158212
     5.6500000        0.10510417        0.08335387
     5.7000000        0.10666667        0.08292673
     5.7500000        0.11062500        0.08024296
     5.8000000        0.10239583        0.08211711
     5.8500000        0.10395833        0.08200450
     5.9000000        0.09718750        0.08375966
     5.9500000        0.10031250        0.08614163
     6.0000000        0.09656250        0.08814698
     6.0500000        0.08656250        0.09455749
     6.1000000        0.08000000        0.09997792
     6.1500000        0.06875000        0.10137994
     6.2000000        0.07187500        0.10068214
     6.2500000        0.07968750        0.10114366
     6.3000000        0.08416667        0.10361385
     6.3500000        0.08958333        0.10292047
     6.4000000        0.09291667        0.10137069
     6.4500000        0.09052083        0.09851722
     6.5000000        0.09604167        0.09985072
     6.5500000        0.10260417        0.09796752
     6.6000000        0.09520833        0.09591984
     6.6500000        0.09854167        0.09384463
     6.7000000        0.10104167        0.09451278
     6.7500000        0.10375000        0.09368379
     6.8000000        0.09229167        0.09447507
     6.8500000        0.08302083        0.09411897
     6.9000000        0.08020833        0.09432596
     6.9500000        0.07125000        0.09307644
     7.0000000        0.06645833        0.09511884
     7.0500000        0.06458333        0.09624622
     7.1000000        0.05802083        0.09774504
     7.1500000        0.05083333        0.10115007
     7.2000000        0.04197917        0.10070393
     7.2500000        0.02677083        0.09914061
     7.3000000        0.01052083        0.09971971
     7.3500000        0.00625000        0.10120133
     7.4000000        0.01062500        0.10001853
     7.4500000        0.01072917        0.10020349
     7.5000000       -0.00187500        0.09398277
     7.5500000       -0.01156250        0.08830300
     7.6000000       -0.02000000        0.08285876
     7.6500000       -0.03354167        0.07859100
     7.7000000       -0.04114583        0.07410650
     7.7500000       -0.06083333        0.06791374
     7.8000000       -0.06447917        0.06105530
     7.8500000       -0.07864583        0.05363431
     7.9000000       -0.08531250        0.04904673
     7.9500000       -0.09291667        0.04836568
     8.0000000       -0.10114583        0.04864020
     8.0500000       -0.11427083        0.05305892
     8.1000000       -0.12916667        0.05609456
     8.1500000       -0.14250000        0.05548807
     8.2000000       -0.14697917        0.05798583
     8.2500000       -0.15687500        0.05724239
     8.3000000       -0.17145833        0.05595269
     8.3500000       -0.18427083        0.05488777
     8.4000000       -0.18843750        0.05443292
     8.4500000       -0.18916667        0.05647632
     8.5000000       -0.18562500        0.05572274
     8.5500000       -0.19281250        0.05703190
     8.6000000       -0.19822917        0.06339717
     8.6500000       -0.20958333        0.06519823
     8.7000000       -0.22437500        0.06831001
     8.7500000       -0.23406250        0.07329116
     8.8000000       -0.24562500        0.07640497
     8.8500000       -0.26166667        0.07861014
     8.9000000       -0.27125000        0.08064884
     8.9500000       -0.28020833        0.07907161
     9.0000000       -0.29895833        0.07996575
     9.0500000       -0.30572917        0.08205969
     9.1000000       -0.32270833        0.08031010
     9.1500000       -0.33197917        0.07825404
     9.2000000       -0.33052083        0.08072269
     9.2500000       -0.33708333        0.07884453
     9.3000000       -0.34250000        0.07832885
     9.3500000       -0.35447917        0.07627048
     9.4000000       -0.36145833        0.07717488
     9.4500000       -0.35562500        0.07486170
     9.5000000       -0.36385417        0.07594897
     9.5500000       -0.36000000        0.07307887
     9.6000000       -0.35520833        0.07072160
     9.6500000       -0.33770833        0.06934739
     9.7000000       -0.32156250        0.06672228
     9.7500000       -0.31041667        0.06664370
     9.8000000       -0.30000000        0.06902846
     9.8500000       -0.28531250        0.06841157
     9.9000000       -0.27510417        0.06689051
     9.9500000       -0.27333333        0.06329093
    10.0000000       -0.27145833        0.06235745
    10.0500000       -0.27416667        0.06105273
    10.1000000       -0.26968750        0.06139816
    10.1500000       -0.26895833        0.06173537
    10.2000000       -0.25739583        0.06289040
    10.2500000       -0.25291667        0.06187838
    10.3000000       -0.25989583        0.06216054
    10.3500000       -0.25947917        0.06050034
    10.4000000       -0.25322917        0.05995424
    10.4500000       -0.24302083        0.05956637
    10.5000000       -0.23104167        0.06011457
    10.5500000       -0.21833333        0.06211749
    10.6000000       -0.19781250        0.06103873
    10.6500000       -0.18739583        0.06051015
    10.7000000       -0.18927083        0.05857168
    10.7500000       -0.18687500        0.05727194
    10.8000000       -0.18302083        0.05719589
    10.8500000       -0.17020833        0.06044105
    10.9000000       -0.16093750        0.06219058
    10.9500000       -0.15604167        0.06233425
    11.0000000       -0.14375000        0.06346914
    11.0500000       -0.13666667        0.06465706
    11.1000000       -0.13187500        0.06194725
    11.1500000       -0.12916667        0.05948955
    11.2000000       -0.12229167        0.06039146
    11.2500000       -0.11343750        0.06140826
    11.3000000       -0.11208333        0.06206800
    11.3500000       -0.10927083        0.06590507
    11.4000000       -0.12395833        0.07011057
    11.4500000       -0.11864583        0.07467413
    11.5000000       -0.11687500        0.07617240
    11.5500000       -0.11239583        0.07740488
    11.6000000       -0.12052083        0.07682128
    11.6500000       -0.11479167        0.07539151
    11.7000000       -0.12510417        0.07106998
    11.7500000       -0.13260417        0.06963869
    11.8000000       -0.13395833        0.07071850
    11.8500000       -0.13614583        0.07517360
    11.9000000       -0.14343750        0.07649662
    11.9500000       -0.13968750        0.07738430
    12.0000000       -0.13875000        0.08023194
    12.0500000       -0.14239583        0.08118751
    12.1000000       -0.15947917        0.08270002
    12.1500000       -0.16802083        0.08263973
    12.2000000       -0.17656250        0.08463798
    12.2500000       -0.18416667        0.08396187
    12.3000000       -0.19958333        0.08301731
    12.3500000       -0.20979167        0.08091816
    12.4000000       -0.20687500        0.07607893
    12.4500000       -0.20520833        0.07354000
    12.5000000       -0.20114583        0.07407216
    12.5500000       -0.18833333        0.06948236
    12.6000000       -0.18354167        0.07142275
    12.6500000       -0.18572917        0.07329915
    12.7000000       -0.17854167        0.07671150
    12.7500000       -0.16510417        0.08050035
    12.8000000       -0.17010417        0.08537358
    12.8500000       -0.16187500        0.08651982
    12.9000000       -0.15979167        0.08757889
    12.9500000       -0.14697917        0.08881399
    13.0000000       -0.14229167        0.08888468
    13.0500000       -0.13177083        0.08684086
    13.1000000       -0.13489583        0.07883358
    13.1500000       -0.14468750        0.07501947
    13.2000000       -0.14489583        0.07060860
    13.2500000       -0.15197917        0.06681788
    13.3000000       -0.15750000        0.06532203
    13.3500000       -0.15166667        0.06752722
    13.4000000       -0.15708333        0.06835968
    13.4500000       -0.15416667        0.06883088
    13.5000000       -0.15760417        0.06839294
    13.5500000       -0.15531250        0.06902006
    13.6000000       -0.15552083        0.06895498
    13.6500000       -0.15927083        0.07018818
    13.7000000       -0.16697917        0.06851103
    13.7500000       -0.17302083        0.06603876
    13.8000000       -0.18645833        0.06500473
    13.8500000       -0.18656250        0.06348727
    13.9000000       -0.18875000        0.06347829
    13.9500000       -0.18937500        0.06239299
    14.0000000       -0.19854167        0.06124438
    14.0500000       -0.19843750        0.06054017
    14.1000000       -0.19468750        0.06104994
    14.1500000       -0.19447917        0.06442760
    14.2000000       -0.18322917        0.06767109
    14.2500000       -0.17635417        0.06676723
    14.3000000       -0.16031250        0.06485723
    14.3500000       -0.15260417        0.06312855
    14.4000000       -0.14791667        0.06774240
    14.4500000       -0.14437500        0.07111013
    14.5000000       -0.15218750        0.07381434
    14.5500000       -0.14833333        0.07473547
    14.6000000       -0.13562500        0.07706246
    14.6500000       -0.11791667        0.07752638
    14.7000000       -0.11677083        0.07759666
    14.7500000       -0.11416667        0.07944463
    14.8000000       -0.12041667        0.08092223
    14.8500000       -0.13812500        0.08187127
    14.9000000       -0.14760417        0.08361358
    14.9500000       -0.14479167        0.08285748
    15.0000000       -0.15114583        0.08170217
    15.0500000       -0.15395833        0.08585042
    15.1000000       -0.14802083        0.08677555
    15.1500000       -0.13708333        0.08590613
    15.2000000       -0.12395833        0.08490010
    15.2500000       -0.11291667        0.08373563
    15.3000000       -0.10843750        0.08413959
    15.3500000       -0.10062500        0.08290480
    15.4000000       -0.08208333        0.08494428
    15.4500000       -0.07197917        0.08271251
    15.5000000       -0.06041667        0.07942090
    15.5500000       -0.04937500        0.07938417
    15.6000000       -0.03385417        0.08310314
    15.6500000       -0.01572917        0.08759712
    15.7000000       -0.01041667        0.09030943
    15.7500000       -0.00447917        0.09124702
    15.8000000       -0.00010417        0.09567851
    15.8500000        0.01177083        0.09902070
    15.9000000        0.01968750        0.10214893
    15.9500000        0.04062500        0.10766174
    16.0000000        0.05947917        0.11092952
    16.0500000        0.07583333        0.11019556
    16.1000000        0.09145833        0.10970599
    16.1500000        0.09854167        0.11037921
    16.2000000        0.11218750        0.11145904
    16.2500000        0.12437500        0.10965473
    16.3000000        0.13250000        0.11026019
    16.3500000        0.13760417        0.10733921
    16.4000000        0.14760417        0.10727435
    16.4500000        0.14927083        0.10568945
    16.5000000        0.16750000        0.10676062
    16.5500000        0.18166667        0.10891420
    16.6000000        0.17854167        0.11115342
    16.6500000        0.18062500        0.11082214
    16.7000000        0.18895833        0.10655539
    16.7500000        0.18489583        0.09958844
    16.8000000        0.17739583        0.09643764
    16.8500000        0.17427083        0.09459577
    16.9000000        0.16958333        0.09134601
    16.9500000        0.18635417        0.09101009
    17.0000000        0.18937500        0.08975755
    17.0500000        0.20552083        0.08661528
    17.1000000        0.21229167        0.08379753
    17.1500000        0.22708333        0.07740803
    17.2000000        0.23166667        0.07160450
    17.2500000        0.23072917        0.06908726
    17.3000000        0.22916667        0.06799564
    17.3500000        0.23572917        0.06627786
    17.4000000        0.24270833        0.06722219
    17.4500000        0.25822917        0.06770886
    17.5000000        0.26343750        0.06607896
    17.5500000        0.28020833        0.06686278
    17.6000000        0.30375000        0.06914434
    17.6500000        0.33052083        0.06849445
    17.7000000        0.34854167        0.06536666
    17.7500000        0.36979167        0.06399207
    17.8000000        0.38770833        0.06253735
    17.8500000        0.40625000        0.06145973
    17.9000000        0.41729167        0.05971239
    17.9500000        0.42166667        0.05679325
    18.0000000        0.42729167        0.05509567
    18.0500000        0.43427083        0.05558606
    18.1000000        0.44406250        0.05454288
    18.1500000        0.44854167        0.05473802
    18.2000000        0.44437500        0.05159329
    18.2500000        0.45395833        0.05142289
    18.3000000        0.45687500        0.05256010
    18.3500000        0.45656250        0.05353277
    18.4000000        0.45916667        0.05603398
    18.4500000        0.46645833        0.05669984
    18.5000000        0.47270833        0.06100163
    18.5500000        0.48489583        0.06230910
    18.6000000        0.49791667        0.06062973
    18.6500000        0.50562500        0.05650150
    18.7000000        0.50781250        0.05489592
    18.7500000        0.50906250        0.05572612
    18.8000000        0.52447917        0.05788776
    18.8500000        0.53250000        0.05912128
    18.9000000        0.55187500        0.05956356
    18.9500000        0.56322917        0.06101277
    19.0000000        0.58239583        0.06097763
    19.0500000        0.61062500        0.06027753
    19.1000000        0.63125000        0.05939693
    19.1500000        0.64031250        0.05936956
    19.2000000        0.64822917        0.05907112
    19.2500000        0.67052083        0.06180386
    19.3000000        0.68322917        0.06154318
    19.3500000        0.69708333        0.06111510
    19.4000000        0.72000000        0.06126507
    19.4500000        0.74197917        0.06259176
    19.5000000        0.76635417        0.06796204
    19.5500000        0.78072917        0.07185817
    19.6000000        0.80000000        0.07604574
    19.6500000        0.81343750        0.07333537
    19.7000000        0.83145833        0.06887336
    19.7500000        0.85562500        0.06940633
    19.8000000        0.88052083        0.06778911
    19.8500000        0.90760417        0.06995284
    19.9000000        0.94395833        0.06771637
    19.9500000        0.97312500        0.06907549
    20.0000000        1.01333333        0.07042509
