     0.0000000        0.16059616        0.00474613
     0.1000000        0.10819793        0.00483033
     0.2000000        0.07340123        0.00482490
     0.3000000        0.05028097        0.00463934
     0.4000000        0.03427618        0.00421687
     0.5000000        0.02332308        0.00384582
     0.6000000        0.01587283        0.00358721
     0.7000000        0.01137309        0.00341369
     0.8000000        0.00849771        0.00300675
     0.9000000        0.00701580        0.00273232
     1.0000000        0.00509649        0.00274381
     1.1000000        0.00374153        0.00271965
     1.2000000        0.00355161        0.00265992
     1.3000000        0.00343385        0.00239884
     1.4000000        0.00292953        0.00232294
     1.5000000        0.00260375        0.00224652
     1.6000000        0.00192510        0.00198408
     1.7000000        0.00166423        0.00187897
     1.8000000        0.00184996        0.00182929
     1.9000000        0.00166307        0.00170205
     2.0000000        0.00132667        0.00182153
     2.1000000        0.00097123        0.00206141
     2.2000000        0.00008625        0.00209592
     2.3000000       -0.00067611        0.00209068
     2.4000000       -0.00075767        0.00208339
     2.5000000       -0.00053322        0.00202143
     2.6000000       -0.00046869        0.00194068
     2.7000000       -0.00119046        0.00195900
     2.8000000       -0.00149420        0.00202938
     2.9000000       -0.00198477        0.00201362
     3.0000000       -0.00173861        0.00209866
     3.1000000       -0.00199350        0.00210689
     3.2000000       -0.00154854        0.00211133
     3.3000000       -0.00164197        0.00218695
     3.4000000       -0.00148145        0.00234037
     3.5000000       -0.00086485        0.00218634
     3.6000000       -0.00028344        0.00196149
     3.7000000        0.00005482        0.00185919
     3.8000000        0.00044770        0.00166958
     3.9000000        0.00060277        0.00165852
     4.0000000        0.00080146        0.00165566
     4.1000000        0.00074354        0.00175636
     4.2000000        0.00062244        0.00196480
     4.3000000       -0.00009306        0.00203379
     4.4000000       -0.00034178        0.00191441
     4.5000000       -0.00032030        0.00188754
     4.6000000       -0.00020992        0.00181445
     4.7000000       -0.00045839        0.00168495
     4.8000000       -0.00089889        0.00163198
     4.9000000       -0.00078373        0.00174355
     5.0000000       -0.00078174        0.00169060
     5.1000000       -0.00108777        0.00156426
     5.2000000       -0.00123842        0.00157440
     5.3000000       -0.00055203        0.00163601
     5.4000000        0.00020924        0.00164494
     5.5000000        0.00045800        0.00171568
     5.6000000        0.00055955        0.00180333
     5.7000000        0.00003571        0.00186377
     5.8000000       -0.00064745        0.00188207
     5.9000000       -0.00071726        0.00189509
     6.0000000       -0.00019288        0.00186936
     6.1000000        0.00006031        0.00177864
     6.2000000       -0.00021705        0.00188345
     6.3000000       -0.00038973        0.00206953
     6.4000000       -0.00091464        0.00220831
     6.5000000       -0.00122968        0.00210105
     6.6000000       -0.00137239        0.00191695
     6.7000000       -0.00128313        0.00188142
     6.8000000       -0.00117020        0.00173879
     6.9000000       -0.00059690        0.00164516
     7.0000000        0.00003704        0.00158358
     7.1000000        0.00032153        0.00144651
     7.2000000        0.00077830        0.00154578
     7.3000000        0.00076358        0.00156456
     7.4000000        0.00125659        0.00155402
     7.5000000        0.00155387        0.00168307
     7.6000000        0.00127413        0.00193259
     7.7000000        0.00087932        0.00205170
     7.8000000        0.00023827        0.00195103
     7.9000000        0.00028431        0.00193172
     8.0000000        0.00048499        0.00180256
     8.1000000        0.00099619        0.00168425
     8.2000000        0.00149079        0.00170576
     8.3000000        0.00207624        0.00187403
     8.4000000        0.00292978        0.00204297
     8.5000000        0.00378605        0.00212222
     8.6000000        0.00462251        0.00213903
     8.7000000        0.00614420        0.00217060
     8.8000000        0.00721131        0.00209148
     8.9000000        0.00764912        0.00200387
     9.0000000        0.00886320        0.00188999
     9.1000000        0.01000255        0.00179968
     9.2000000        0.01220556        0.00212655
     9.3000000        0.01586713        0.00238091
     9.4000000        0.02107468        0.00253052
     9.5000000        0.02842397        0.00281500
     9.6000000        0.03911181        0.00322663
     9.7000000        0.05440463        0.00371107
     9.8000000        0.07684339        0.00405683
     9.9000000        0.10993035        0.00443355
    10.0000000        0.16059616        0.00474613
