     0.0000000        0.51901479        0.01213697
     0.1000000        0.32438607        0.01223895
     0.2000000        0.20763505        0.01184287
     0.3000000        0.13817025        0.01097174
     0.4000000        0.09052231        0.01109834
     0.5000000        0.06250841        0.01090382
     0.6000000        0.04455123        0.01022995
     0.7000000        0.03124737        0.00965859
     0.8000000        0.02385558        0.00886908
     0.9000000        0.01922443        0.00781080
     1.0000000        0.01640970        0.00718563
     1.1000000        0.01392398        0.00608073
     1.2000000        0.01304628        0.00539205
     1.3000000        0.01071172        0.00487902
     1.4000000        0.00796093        0.00435108
     1.5000000        0.00553585        0.00520065
     1.6000000        0.00431881        0.00549504
     1.7000000        0.00565485        0.00583956
     1.8000000        0.00315785        0.00653567
     1.9000000        0.00064659        0.00565789
     2.0000000       -0.00049676        0.00604124
     2.1000000       -0.00167990        0.00603322
     2.2000000       -0.00067048        0.00555330
     2.3000000       -0.00133877        0.00524925
     2.4000000       -0.00113444        0.00547913
     2.5000000        0.00003425        0.00479331
     2.6000000        0.00010558        0.00449964
     2.7000000        0.00141551        0.00469349
     2.8000000        0.00328232        0.00542284
     2.9000000        0.00424313        0.00534183
     3.0000000        0.00380898        0.00521145
     3.1000000        0.00262872        0.00471877
     3.2000000        0.00142022        0.00473414
     3.3000000       -0.00034332        0.00571660
     3.4000000       -0.00178802        0.00679666
     3.5000000       -0.00295972        0.00728633
     3.6000000       -0.00298319        0.00739000
     3.7000000       -0.00351942        0.00717674
     3.8000000        0.00057489        0.00633643
     3.9000000        0.00673249        0.00621523
     4.0000000        0.01396008        0.00610080
     4.1000000        0.02026360        0.00584390
     4.2000000        0.02802432        0.00651419
     4.3000000        0.03650881        0.00694119
     4.4000000        0.04981074        0.00762590
     4.5000000        0.07025260        0.00795717
     4.6000000        0.10267967        0.00802544
     4.7000000        0.14844834        0.00879666
     4.8000000        0.21786279        0.00989183
     4.9000000        0.32986419        0.01086515
     5.0000000        0.51901479        0.01213697
