     0.0000000        0.49058526        0.00193461
     0.1000000        0.29895441        0.00157541
     0.2000000        0.18565073        0.00122999
     0.3000000        0.11694383        0.00149858
     0.4000000        0.07456331        0.00147685
     0.5000000        0.04860432        0.00126894
     0.6000000        0.03233424        0.00091372
     0.7000000        0.02189185        0.00068092
     0.8000000        0.01493418        0.00067490
     0.9000000        0.01023867        0.00059095
     1.0000000        0.00704824        0.00038276
     1.1000000        0.00483980        0.00024762
     1.2000000        0.00333370        0.00013584
     1.3000000        0.00222817        0.00006203
     1.4000000        0.00148172        0.00005182
     1.5000000        0.00094165        0.00007384
     1.6000000        0.00055950        0.00019373
     1.7000000        0.00039531        0.00020345
     1.8000000        0.00023763        0.00010865
     1.9000000        0.00009930        0.00011727
     2.0000000        0.00003543        0.00011940
     2.1000000        0.00003922        0.00017842
     2.2000000        0.00005744        0.00029360
     2.3000000       -0.00001152        0.00029805
     2.4000000       -0.00004411        0.00027807
     2.5000000       -0.00006437        0.00023077
     2.6000000       -0.00005155        0.00019242
     2.7000000       -0.00009370        0.00018277
     2.8000000       -0.00018855        0.00022169
     2.9000000       -0.00020648        0.00022847
     3.0000000       -0.00020524        0.00023488
     3.1000000       -0.00018477        0.00022291
     3.2000000       -0.00018655        0.00023628
     3.3000000       -0.00018117        0.00024246
     3.4000000       -0.00014425        0.00022060
     3.5000000       -0.00013040        0.00020459
     3.6000000       -0.00010610        0.00017460
     3.7000000       -0.00008426        0.00016220
     3.8000000       -0.00008194        0.00017249
     3.9000000       -0.00008406        0.00016485
     4.0000000       -0.00005654        0.00013092
     4.1000000       -0.00003914        0.00010689
     4.2000000       -0.00001396        0.00008052
     4.3000000       -0.00000410        0.00007998
     4.4000000        0.00000447        0.00007215
     4.5000000        0.00001189        0.00005689
     4.6000000        0.00000792        0.00004700
     4.7000000       -0.00000102        0.00004049
     4.8000000       -0.00000770        0.00004005
     4.9000000       -0.00000260        0.00004388
     5.0000000       -0.00000013        0.00004540
     5.1000000        0.00001263        0.00004147
     5.2000000        0.00003216        0.00004694
     5.3000000        0.00004150        0.00003572
     5.4000000        0.00003624        0.00003254
     5.5000000        0.00002254        0.00003222
     5.6000000        0.00000980        0.00003201
     5.7000000       -0.00001911        0.00002423
     5.8000000       -0.00004048        0.00000569
     5.9000000       -0.00004693        0.00001852
     6.0000000       -0.00003763        0.00002452
     6.1000000       -0.00002602        0.00003073
     6.2000000       -0.00003719        0.00002944
     6.3000000       -0.00003296        0.00004925
     6.4000000       -0.00001185        0.00005714
     6.5000000       -0.00000033        0.00007266
     6.6000000        0.00000131        0.00005935
     6.7000000        0.00000607        0.00004686
     6.8000000        0.00000696        0.00005322
     6.9000000        0.00000703        0.00005748
     7.0000000        0.00001251        0.00006687
     7.1000000        0.00002520        0.00007623
     7.2000000        0.00004363        0.00008490
     7.3000000        0.00007996        0.00009069
     7.4000000        0.00009106        0.00012399
     7.5000000        0.00006546        0.00016937
     7.6000000        0.00005579        0.00019048
     7.7000000        0.00008325        0.00028693
     7.8000000        0.00013587        0.00031831
     7.9000000        0.00012609        0.00030290
     8.0000000        0.00022859        0.00024132
     8.1000000        0.00028256        0.00022718
     8.2000000        0.00044310        0.00020107
     8.3000000        0.00066337        0.00018679
     8.4000000        0.00103406        0.00022322
     8.5000000        0.00141185        0.00021689
     8.6000000        0.00208136        0.00043044
     8.7000000        0.00285459        0.00038527
     8.8000000        0.00384424        0.00040172
     8.9000000        0.00525260        0.00038208
     9.0000000        0.00747059        0.00039301
     9.1000000        0.01052963        0.00046991
     9.2000000        0.01507101        0.00075954
     9.3000000        0.02204821        0.00099287
     9.4000000        0.03237726        0.00109681
     9.5000000        0.04900962        0.00134305
     9.6000000        0.07519104        0.00170849
     9.7000000        0.11745195        0.00210912
     9.8000000        0.18637947        0.00194461
     9.9000000        0.30030580        0.00243432
    10.0000000        0.49058526        0.00193461
