     0.0000000        0.15458263        0.00476704
     0.1000000        0.10343498        0.00092177
     0.2000000        0.07546555        0.00027775
     0.3000000        0.04909533        0.00455150
     0.4000000        0.03425025        0.00142027
     0.5000000        0.01777746        0.00068192
     0.6000000        0.01243613        0.00208879
     0.7000000        0.01399548        0.00064817
     0.8000000        0.01048703        0.00484740
     0.9000000        0.00331782        0.00257330
     1.0000000        0.00331751        0.00126844
     1.1000000        0.00003874        0.00123236
     1.2000000       -0.00114203        0.00528339
     1.3000000       -0.00394244        0.00801721
     1.4000000       -0.00293808        0.00766423
     1.5000000       -0.00324049        0.00417948
     1.6000000       -0.00189692        0.00246762
     1.7000000       -0.00471350        0.00477942
     1.8000000       -0.00403334        0.00734402
     1.9000000       -0.00443351        0.00629316
     2.0000000       -0.00544545        0.01200994
     2.1000000       -0.00164726        0.00582835
     2.2000000       -0.00091645        0.00232949
     2.3000000       -0.00049577        0.00051605
     2.4000000        0.00539579        0.00308557
     2.5000000        0.00113138        0.00566507
     2.6000000       -0.00204802        0.00514652
     2.7000000       -0.00038940        0.00821129
     2.8000000        0.00100369        0.00423218
     2.9000000       -0.00339156        0.00508815
     3.0000000       -0.00172332        0.00281725
     3.1000000       -0.00094543        0.00256536
     3.2000000       -0.00404306        0.00572982
     3.3000000       -0.00459035        0.00577183
     3.4000000       -0.00277944        0.00287088
     3.5000000       -0.00022833        0.00134272
     3.6000000       -0.00449005        0.00173963
     3.7000000       -0.00480689        0.00049025
     3.8000000       -0.00348909        0.00021925
     3.9000000       -0.00495376        0.00037448
     4.0000000       -0.00327592        0.00303573
     4.1000000       -0.00360292        0.00197423
     4.2000000       -0.00120837        0.00398657
     4.3000000       -0.00261846        0.00017481
     4.4000000       -0.00261389        0.00337227
     4.5000000       -0.00532622        0.00342715
     4.6000000       -0.00132980        0.00097276
     4.7000000        0.00096229        0.00053964
     4.8000000        0.00292797        0.00424495
     4.9000000        0.00300674        0.00840655
     5.0000000        0.00304447        0.00272110
     5.1000000        0.00622951        0.00111121
     5.2000000        0.00666832        0.00032740
     5.3000000        0.00396766        0.00053196
     5.4000000        0.00365643        0.00766579
     5.5000000        0.00274691        0.00658600
     5.6000000        0.00512165        0.00223022
     5.7000000        0.00745466        0.00944323
     5.8000000        0.00689393        0.00589030
     5.9000000        0.00535823        0.00382299
     6.0000000        0.00221940        0.00908224
     6.1000000       -0.00065122        0.01447559
     6.2000000        0.00114397        0.00926390
     6.3000000        0.00234452        0.00994057
     6.4000000        0.00125373        0.00836789
     6.5000000        0.00132912        0.00492094
     6.6000000        0.00275617        0.00166777
     6.7000000       -0.00019270        0.00625265
     6.8000000       -0.00048586        0.00141375
     6.9000000       -0.00124091        0.00833086
     7.0000000       -0.00204430        0.01026693
     7.1000000        0.00115764        0.00173359
     7.2000000       -0.00040159        0.00688805
     7.3000000       -0.00453309        0.00519902
     7.4000000       -0.00043217        0.00303426
     7.5000000       -0.00115766        0.00818319
     7.6000000        0.00261855        0.00749553
     7.7000000        0.00702546        0.00785369
     7.8000000        0.01099683        0.00732514
     7.9000000        0.01177831        0.00111469
     8.0000000        0.00495729        0.00103208
     8.1000000        0.01168847        0.00544787
     8.2000000        0.01390203        0.00867806
     8.3000000        0.01911649        0.00044311
     8.4000000        0.02178882        0.00726677
     8.5000000        0.02581417        0.00428767
     8.6000000        0.03492714        0.00562219
     8.7000000        0.04609080        0.00334379
     8.8000000        0.05664946        0.00774293
     8.9000000        0.07324151        0.00809022
     9.0000000        0.08811307        0.00716382
     9.1000000        0.12346942        0.00368611
     9.2000000        0.16666712        0.00037109
     9.3000000        0.22845979        0.00220156
     9.4000000        0.30314003        0.00379737
     9.5000000        0.39867051        0.00520646
     9.6000000        0.52447460        0.00918220
     9.7000000        0.71300668        0.01399166
     9.8000000        0.97197572        0.01005552
     9.9000000        1.32471464        0.00348872
    10.0000000        1.84541737        0.00476704
