     0.0000000        1.04509376        0.06589244
     0.0500000        0.97444257        0.06559721
     0.1000000        0.90692037        0.06321892
     0.1500000        0.83336669        0.06268301
     0.2000000        0.75730553        0.05963817
     0.2500000        0.69525453        0.06158164
     0.3000000        0.65581252        0.06147658
     0.3500000        0.60510410        0.06233051
     0.4000000        0.55416329        0.06042678
     0.4500000        0.51341473        0.06166832
     0.5000000        0.47183985        0.06605205
     0.5500000        0.43766729        0.07278781
     0.6000000        0.41758137        0.07927146
     0.6500000        0.39213433        0.08193792
     0.7000000        0.37620957        0.08783256
     0.7500000        0.37483909        0.09437326
     0.8000000        0.36151389        0.09876021
     0.8500000        0.34684828        0.10195848
     0.9000000        0.33628283        0.10600649
     0.9500000        0.31510677        0.10990753
     1.0000000        0.29188661        0.11207630
     1.0500000        0.27166337        0.11172884
     1.1000000        0.24915607        0.10839621
     1.1500000        0.23746201        0.10719243
     1.2000000        0.22852694        0.10710281
     1.2500000        0.21479872        0.10583280
     1.3000000        0.21201609        0.10444317
     1.3500000        0.20854681        0.10618242
     1.4000000        0.19842596        0.10471604
     1.4500000        0.18672049        0.10285960
     1.5000000        0.18527044        0.10179179
     1.5500000        0.17330628        0.09956890
     1.6000000        0.14743630        0.09950799
     1.6500000        0.12102736        0.09693848
     1.7000000        0.10688259        0.09665452
     1.7500000        0.09832690        0.09636958
     1.8000000        0.08083755        0.09373655
     1.8500000        0.06813581        0.08979970
     1.9000000        0.06364644        0.08452133
     1.9500000        0.07023060        0.07912544
     2.0000000        0.06962100        0.07710299
     2.0500000        0.05616738        0.07155788
     2.1000000        0.04632485        0.07065092
     2.1500000        0.02574224        0.07057002
     2.2000000        0.01062560        0.07201858
     2.2500000       -0.00329644        0.06845132
     2.3000000       -0.03150151        0.06270982
     2.3500000       -0.05473222        0.05956098
     2.4000000       -0.07094130        0.06217868
     2.4500000       -0.07866045        0.06343799
     2.5000000       -0.08747455        0.06096948
     2.5500000       -0.09860310        0.05743653
     2.6000000       -0.10047253        0.05942196
     2.6500000       -0.09794942        0.06065704
     2.7000000       -0.10755878        0.05810657
     2.7500000       -0.12251365        0.05958628
     2.8000000       -0.13913836        0.05598904
     2.8500000       -0.15046520        0.05854424
     2.9000000       -0.15120910        0.05738866
     2.9500000       -0.15763416        0.05663734
     3.0000000       -0.15377449        0.05626935
     3.0500000       -0.14551498        0.05609911
     3.1000000       -0.15342457        0.05578470
     3.1500000       -0.15142574        0.05715567
     3.2000000       -0.14476144        0.05310379
     3.2500000       -0.14378629        0.05016843
     3.3000000       -0.15637042        0.04599573
     3.3500000       -0.16698259        0.04380780
     3.4000000       -0.16740336        0.04582783
     3.4500000       -0.15864377        0.04638791
     3.5000000       -0.15034944        0.05007656
     3.5500000       -0.13870497        0.05347605
     3.6000000       -0.12603536        0.05472939
     3.6500000       -0.11209431        0.05186775
     3.7000000       -0.09242883        0.04783233
     3.7500000       -0.08373242        0.04398536
     3.8000000       -0.08145359        0.04345851
     3.8500000       -0.07748253        0.04273004
     3.9000000       -0.06858620        0.04038777
     3.9500000       -0.06267695        0.03980133
     4.0000000       -0.06537406        0.03842268
     4.0500000       -0.06806133        0.03813045
     4.1000000       -0.06184129        0.03772688
     4.1500000       -0.05135028        0.04209152
     4.2000000       -0.04068122        0.04559903
     4.2500000       -0.03049592        0.04310387
     4.3000000       -0.02383152        0.04075568
     4.3500000       -0.01931300        0.03949640
     4.4000000       -0.02834068        0.03980023
     4.4500000       -0.02935778        0.03968399
     4.5000000       -0.02953967        0.04237942
     4.5500000       -0.02814783        0.04145925
     4.6000000       -0.03811698        0.04100197
     4.6500000       -0.05045758        0.04195281
     4.7000000       -0.05856069        0.04518513
     4.7500000       -0.06625957        0.04961476
     4.8000000       -0.06730611        0.05289427
     4.8500000       -0.08052659        0.05450808
     4.9000000       -0.09808048        0.05213970
     4.9500000       -0.11390992        0.05157413
     5.0000000       -0.11903576        0.05015858
     5.0500000       -0.12505829        0.05014214
     5.1000000       -0.12588571        0.04673282
     5.1500000       -0.13028347        0.04694105
     5.2000000       -0.12164157        0.04931490
     5.2500000       -0.12135028        0.05116715
     5.3000000       -0.11285352        0.05488080
     5.3500000       -0.11081696        0.05634499
     5.4000000       -0.09741110        0.06207645
     5.4500000       -0.09303140        0.06398620
     5.5000000       -0.07620301        0.06470315
     5.5500000       -0.07189746        0.06552687
     5.6000000       -0.06379072        0.06642356
     5.6500000       -0.05172881        0.06751900
     5.7000000       -0.04105515        0.06821052
     5.7500000       -0.03189021        0.06724836
     5.8000000       -0.02322096        0.06741678
     5.8500000       -0.02086130        0.06710015
     5.9000000       -0.02273800        0.06614235
     5.9500000       -0.01940274        0.06423623
     6.0000000       -0.01345611        0.06350053
     6.0500000       -0.00857984        0.06240466
     6.1000000       -0.00968413        0.06161212
     6.1500000       -0.00592093        0.05871756
     6.2000000       -0.00399391        0.05653209
     6.2500000       -0.00363106        0.05728028
     6.3000000       -0.01089759        0.05787728
     6.3500000       -0.00919214        0.05783907
     6.4000000       -0.00871545        0.05869487
     6.4500000       -0.01290433        0.05946100
     6.5000000       -0.02048753        0.05906367
     6.5500000       -0.03137598        0.05689204
     6.6000000       -0.04234726        0.05452528
     6.6500000       -0.04946125        0.05092626
     6.7000000       -0.05959304        0.04703281
     6.7500000       -0.05910298        0.04521107
     6.8000000       -0.06303137        0.04418428
     6.8500000       -0.05866851        0.04273947
     6.9000000       -0.06049716        0.03879568
     6.9500000       -0.06313078        0.03665366
     7.0000000       -0.06104667        0.03633870
     7.0500000       -0.05724190        0.03471364
     7.1000000       -0.06587864        0.03651603
     7.1500000       -0.06186180        0.04249966
     7.2000000       -0.06618067        0.04838808
     7.2500000       -0.07155986        0.05005737
     7.3000000       -0.07211257        0.04938286
     7.3500000       -0.06439381        0.04704963
     7.4000000       -0.07172623        0.04513686
     7.4500000       -0.06793892        0.04595286
     7.5000000       -0.06390334        0.04636297
     7.5500000       -0.06321701        0.04772875
     7.6000000       -0.05912568        0.04639287
     7.6500000       -0.05942185        0.04823100
     7.7000000       -0.05634165        0.04665735
     7.7500000       -0.05367959        0.04683808
     7.8000000       -0.05303583        0.04616820
     7.8500000       -0.04919473        0.04704022
     7.9000000       -0.04947676        0.04653143
     7.9500000       -0.05042188        0.04462765
     8.0000000       -0.06380650        0.04510167
     8.0500000       -0.07602410        0.04342295
     8.1000000       -0.08493446        0.04119113
     8.1500000       -0.09084676        0.04178617
     8.2000000       -0.09102967        0.04173294
     8.2500000       -0.09003105        0.04258683
     8.3000000       -0.09665438        0.04292480
     8.3500000       -0.10002818        0.04295567
     8.4000000       -0.09799347        0.04445854
     8.4500000       -0.09538501        0.04453206
     8.5000000       -0.09462447        0.04361280
     8.5500000       -0.09096011        0.04154572
     8.6000000       -0.08869307        0.04075355
     8.6500000       -0.08896766        0.04031266
     8.7000000       -0.08383721        0.04118944
     8.7500000       -0.08395369        0.04170678
     8.8000000       -0.08267414        0.04088973
     8.8500000       -0.08228017        0.04004899
     8.9000000       -0.07633251        0.04080719
     8.9500000       -0.07158019        0.03900744
     9.0000000       -0.06318392        0.03857777
     9.0500000       -0.05343792        0.03842454
     9.1000000       -0.05184272        0.04046732
     9.1500000       -0.04553635        0.04115000
     9.2000000       -0.04540114        0.04146893
     9.2500000       -0.05027384        0.03977754
     9.3000000       -0.05384613        0.04105113
     9.3500000       -0.05274797        0.04134589
     9.4000000       -0.06207965        0.03947114
     9.4500000       -0.06261513        0.03977216
     9.5000000       -0.06720025        0.03582275
     9.5500000       -0.07536048        0.03372408
     9.6000000       -0.07981975        0.03392171
     9.6500000       -0.08666453        0.03191755
     9.7000000       -0.08239902        0.03321209
     9.7500000       -0.08300488        0.03324851
     9.8000000       -0.08773443        0.03305588
     9.8500000       -0.09220142        0.03276291
     9.9000000       -0.08464626        0.03694056
     9.9500000       -0.07930926        0.04370136
    10.0000000       -0.07683862        0.04507290
    10.0500000       -0.06428839        0.05227731
    10.1000000       -0.06211478        0.05493571
    10.1500000       -0.05296163        0.05641151
    10.2000000       -0.05209348        0.05392062
    10.2500000       -0.04699310        0.05341388
    10.3000000       -0.04180487        0.05247235
    10.3500000       -0.03336357        0.05249446
    10.4000000       -0.01791340        0.05271973
    10.4500000       -0.01359362        0.05289460
    10.5000000       -0.01669332        0.05436238
    10.5500000       -0.01239515        0.05392490
    10.6000000       -0.00935822        0.05274938
    10.6500000       -0.00642336        0.04851718
    10.7000000        0.00039152        0.04576585
    10.7500000        0.00434072        0.04066111
    10.8000000        0.01232276        0.03768625
    10.8500000        0.01163445        0.03585433
    10.9000000        0.01347260        0.03621418
    10.9500000        0.01533453        0.03792762
    11.0000000        0.02559280        0.04126654
    11.0500000        0.02899498        0.04309594
    11.1000000        0.02910892        0.04400950
    11.1500000        0.02599374        0.04298722
    11.2000000        0.02408132        0.04122379
    11.2500000        0.02485460        0.03887638
    11.3000000        0.02301856        0.03469767
    11.3500000        0.02738347        0.03425370
    11.4000000        0.02441473        0.03350796
    11.4500000        0.02401049        0.03394957
    11.5000000        0.02484073        0.03350722
    11.5500000        0.03583477        0.03298586
    11.6000000        0.03222647        0.03464737
    11.6500000        0.03264844        0.03442209
    11.7000000        0.03430471        0.03790630
    11.7500000        0.03764415        0.03875307
    11.8000000        0.02901066        0.03817442
    11.8500000        0.02200746        0.03659535
    11.9000000        0.02080769        0.03703295
    11.9500000        0.02398998        0.03764655
    12.0000000        0.02347647        0.03648924
    12.0500000        0.01924315        0.03675031
    12.1000000        0.01642528        0.03738997
    12.1500000        0.01690625        0.03541666
    12.2000000        0.01607170        0.03530568
    12.2500000        0.01276024        0.03182132
    12.3000000        0.00656727        0.03094132
    12.3500000       -0.00225673        0.02931462
    12.4000000       -0.00502493        0.02977971
    12.4500000       -0.00295311        0.03025307
    12.5000000       -0.00199504        0.03055489
    12.5500000       -0.00645950        0.03201423
    12.6000000       -0.00718344        0.03343009
    12.6500000       -0.01089515        0.03494293
    12.7000000       -0.01798132        0.03493951
    12.7500000       -0.02192022        0.03400381
    12.8000000       -0.02314401        0.03506156
    12.8500000       -0.02556187        0.03532173
    12.9000000       -0.03663207        0.03626911
    12.9500000       -0.03783004        0.03652618
    13.0000000       -0.04416431        0.03639161
    13.0500000       -0.04638543        0.03717576
    13.1000000       -0.04616292        0.03518724
    13.1500000       -0.04545709        0.03395559
    13.2000000       -0.04518445        0.03155253
    13.2500000       -0.04635094        0.02992485
    13.3000000       -0.04403757        0.02965703
    13.3500000       -0.05015145        0.03033690
    13.4000000       -0.05594256        0.03047621
    13.4500000       -0.05461044        0.02968531
    13.5000000       -0.04600689        0.03172533
    13.5500000       -0.04000010        0.03113007
    13.6000000       -0.03389076        0.03190600
    13.6500000       -0.03688263        0.03035152
    13.7000000       -0.03684488        0.03045952
    13.7500000       -0.04098044        0.03026580
    13.8000000       -0.05185559        0.02792414
    13.8500000       -0.05706444        0.02630435
    13.9000000       -0.05831476        0.02451042
    13.9500000       -0.05606312        0.02686933
    14.0000000       -0.05384572        0.02707710
    14.0500000       -0.05537342        0.02394111
    14.1000000       -0.06285736        0.02129061
    14.1500000       -0.06433615        0.02126728
    14.2000000       -0.06276438        0.02151142
    14.2500000       -0.06721187        0.02052724
    14.3000000       -0.07055328        0.01961166
    14.3500000       -0.07322640        0.01943635
    14.4000000       -0.07298461        0.02058169
    14.4500000       -0.06472250        0.02091992
    14.5000000       -0.06246714        0.02000126
    14.5500000       -0.05567602        0.02180203
    14.6000000       -0.05245674        0.02050311
    14.6500000       -0.04609524        0.02231548
    14.7000000       -0.03469784        0.02336650
    14.7500000       -0.02730231        0.02352624
    14.8000000       -0.03002521        0.02419411
    14.8500000       -0.03377665        0.02422584
    14.9000000       -0.03889884        0.02317707
    14.9500000       -0.04689459        0.02322215
    15.0000000       -0.04568554        0.02328411
    15.0500000       -0.03826690        0.02487440
    15.1000000       -0.03177230        0.02672970
    15.1500000       -0.02633487        0.03045844
    15.2000000       -0.02842627        0.03304392
    15.2500000       -0.03681136        0.03275669
    15.3000000       -0.04494716        0.03228071
    15.3500000       -0.05094033        0.03285870
    15.4000000       -0.05858225        0.03430003
    15.4500000       -0.06111207        0.03475647
    15.5000000       -0.06278581        0.03600805
    15.5500000       -0.07405609        0.03559258
    15.6000000       -0.08064535        0.03466552
    15.6500000       -0.07978711        0.03580657
    15.7000000       -0.08227302        0.03982417
    15.7500000       -0.08516987        0.04332138
    15.8000000       -0.08167148        0.04815340
    15.8500000       -0.08212826        0.04885010
    15.9000000       -0.07941772        0.05130824
    15.9500000       -0.06832862        0.05482053
    16.0000000       -0.06477035        0.05785319
    16.0500000       -0.06778452        0.06256967
    16.1000000       -0.06326754        0.06606974
    16.1500000       -0.06075345        0.07051036
    16.2000000       -0.06071617        0.07702884
    16.2500000       -0.06234378        0.07927059
    16.3000000       -0.06762489        0.08001570
    16.3500000       -0.07074234        0.08112069
    16.4000000       -0.06725518        0.07905901
    16.4500000       -0.06543058        0.07706983
    16.5000000       -0.07189108        0.07550779
    16.5500000       -0.07490360        0.07478134
    16.6000000       -0.07919295        0.07270425
    16.6500000       -0.07836569        0.07573308
    16.7000000       -0.07567466        0.07759835
    16.7500000       -0.06952218        0.07627572
    16.8000000       -0.06743015        0.07885086
    16.8500000       -0.06469003        0.08091096
    16.9000000       -0.05268478        0.08227580
    16.9500000       -0.03335985        0.08128444
    17.0000000       -0.01944204        0.07887629
    17.0500000       -0.01370036        0.08091247
    17.1000000       -0.00117425        0.08125208
    17.1500000        0.01165577        0.07969151
    17.2000000        0.03019257        0.07653002
    17.2500000        0.04153845        0.07609941
    17.3000000        0.05326446        0.07644214
    17.3500000        0.06690127        0.07771085
    17.4000000        0.07551495        0.08117120
    17.4500000        0.08622313        0.08211161
    17.5000000        0.09605888        0.08456327
    17.5500000        0.11636752        0.08594674
    17.6000000        0.12876335        0.08893657
    17.6500000        0.14476980        0.09317517
    17.7000000        0.14546760        0.09188592
    17.7500000        0.15175384        0.09090491
    17.8000000        0.16043210        0.09591576
    17.8500000        0.17343814        0.09944412
    17.9000000        0.17541237        0.10392007
    17.9500000        0.18057192        0.10467264
    18.0000000        0.18582560        0.10649703
    18.0500000        0.19330389        0.10580479
    18.1000000        0.19102117        0.10475274
    18.1500000        0.18641288        0.10642735
    18.2000000        0.18640951        0.10287067
    18.2500000        0.18818684        0.10221797
    18.3000000        0.18982470        0.10026356
    18.3500000        0.18880668        0.09870401
    18.4000000        0.18560361        0.09774722
    18.4500000        0.18268749        0.09783729
    18.5000000        0.18013362        0.09568909
    18.5500000        0.18819135        0.09216753
    18.6000000        0.21281312        0.08872800
    18.6500000        0.23054262        0.08618906
    18.7000000        0.23926791        0.08579960
    18.7500000        0.24724281        0.08108040
    18.8000000        0.25920078        0.07788075
    18.8500000        0.26675891        0.07601639
    18.9000000        0.27874725        0.07859033
    18.9500000        0.28215269        0.07723043
    19.0000000        0.30002779        0.07483836
    19.0500000        0.33248407        0.07656349
    19.1000000        0.36005528        0.07680848
    19.1500000        0.37443865        0.07796844
    19.2000000        0.38662947        0.07856601
    19.2500000        0.40202846        0.07802533
    19.3000000        0.41261505        0.07805210
    19.3500000        0.43765517        0.07805829
    19.4000000        0.46220189        0.07666446
    19.4500000        0.48371545        0.07632565
    19.5000000        0.51266182        0.07714917
    19.5500000        0.54505137        0.07533617
    19.6000000        0.57360250        0.07889952
    19.6500000        0.60531974        0.07811304
    19.7000000        0.64035826        0.07578008
    19.7500000        0.67756237        0.07282247
    19.8000000        0.71660864        0.06876594
    19.8500000        0.77601619        0.06887587
    19.9000000        0.84056560        0.06687841
    19.9500000        0.89084376        0.06746982
    20.0000000        0.95490624        0.06589244
