     0.0000000        3.60817203        0.04187760
     0.0500000        2.76709451        0.04098437
     0.1000000        2.14204880        0.04284357
     0.1500000        1.66228086        0.03728856
     0.2000000        1.29999562        0.04125962
     0.2500000        1.03236848        0.04293944
     0.3000000        0.82712277        0.04288275
     0.3500000        0.68220260        0.04373547
     0.4000000        0.54810017        0.03956892
     0.4500000        0.46686013        0.04218461
     0.5000000        0.38261696        0.04917112
     0.5500000        0.31077580        0.05377037
     0.6000000        0.26006740        0.05310076
     0.6500000        0.22542385        0.05043465
     0.7000000        0.19926790        0.04939616
     0.7500000        0.18536779        0.05063598
     0.8000000        0.16487171        0.05309702
     0.8500000        0.15209945        0.05090971
     0.9000000        0.13459539        0.04894525
     0.9500000        0.13300098        0.04224890
     1.0000000        0.13438775        0.03396260
     1.0500000        0.11529700        0.03774440
     1.1000000        0.09969554        0.04027310
     1.1500000        0.08174247        0.03986828
     1.2000000        0.06092482        0.04556624
     1.2500000        0.04697914        0.04627240
     1.3000000        0.04146806        0.04585829
     1.3500000        0.02346724        0.05094424
     1.4000000        0.01685565        0.05500619
     1.4500000        0.00976983        0.05389202
     1.5000000        0.02604288        0.05003970
     1.5500000        0.01764649        0.04513710
     1.6000000        0.00959016        0.04135810
     1.6500000        0.00243802        0.03531933
     1.7000000       -0.01430074        0.03461785
     1.7500000        0.01007088        0.03275570
     1.8000000        0.00130171        0.03048737
     1.8500000        0.01950845        0.03433371
     1.9000000        0.02780415        0.03482031
     1.9500000        0.01331374        0.03797752
     2.0000000        0.00843443        0.04079185
     2.0500000        0.00864462        0.04327784
     2.1000000       -0.00152063        0.04367532
     2.1500000       -0.00321630        0.03653876
     2.2000000        0.00150194        0.03745454
     2.2500000       -0.00667186        0.03828172
     2.3000000        0.00176242        0.03896882
     2.3500000        0.00161823        0.04078882
     2.4000000        0.00779552        0.03579747
     2.4500000        0.00109339        0.03627233
     2.5000000       -0.00789702        0.03445507
     2.5500000       -0.00733861        0.03316335
     2.6000000       -0.00505866        0.02883601
     2.6500000        0.01128868        0.02298004
     2.7000000        0.01174009        0.02294684
     2.7500000        0.01288688        0.01963518
     2.8000000        0.01503304        0.01650505
     2.8500000        0.00781400        0.01628725
     2.9000000        0.00673940        0.01885539
     2.9500000        0.00088760        0.01639667
     3.0000000       -0.00897623        0.02592936
     3.0500000       -0.01676244        0.03124561
     3.1000000       -0.00965275        0.02925589
     3.1500000       -0.02453622        0.03151412
     3.2000000       -0.01676909        0.02402539
     3.2500000       -0.02026102        0.02189195
     3.3000000       -0.02293078        0.02327822
     3.3500000       -0.02390480        0.02478880
     3.4000000       -0.03165288        0.02455098
     3.4500000       -0.04424601        0.02493766
     3.5000000       -0.03067732        0.02619624
     3.5500000       -0.02146056        0.02197295
     3.6000000       -0.01686154        0.02139640
     3.6500000       -0.01149794        0.01930388
     3.7000000       -0.01695588        0.02020961
     3.7500000       -0.00521883        0.02654703
     3.8000000       -0.00380255        0.02769577
     3.8500000       -0.00724390        0.02948240
     3.9000000       -0.02420449        0.02962669
     3.9500000       -0.04189882        0.03110644
     4.0000000       -0.04186027        0.02500143
     4.0500000       -0.05004120        0.02663414
     4.1000000       -0.05912795        0.02917663
     4.1500000       -0.04751804        0.03235637
     4.2000000       -0.02959424        0.02500921
     4.2500000       -0.02947830        0.02294111
     4.3000000       -0.04073846        0.02017108
     4.3500000       -0.03995929        0.02013067
     4.4000000       -0.03598396        0.01060486
     4.4500000       -0.02069865        0.01148641
     4.5000000       -0.02004772        0.01347927
     4.5500000       -0.01742367        0.01459388
     4.6000000       -0.02200434        0.01968943
     4.6500000       -0.02246139        0.01881949
     4.7000000       -0.02140692        0.02089598
     4.7500000       -0.00537676        0.01956792
     4.8000000       -0.01120601        0.02059445
     4.8500000       -0.01996801        0.02309368
     4.9000000       -0.01141255        0.01777840
     4.9500000        0.00131974        0.01579403
     5.0000000       -0.00290881        0.01785102
     5.0500000       -0.00187952        0.02714032
     5.1000000       -0.00559574        0.02544260
     5.1500000       -0.01179224        0.02352304
     5.2000000       -0.00635003        0.02407842
     5.2500000       -0.01652998        0.02514361
     5.3000000       -0.01572059        0.02228120
     5.3500000       -0.01765102        0.02431324
     5.4000000       -0.02218123        0.01693582
     5.4500000       -0.00919418        0.01271090
     5.5000000       -0.00887820        0.01281766
     5.5500000       -0.00943851        0.02173320
     5.6000000       -0.02054362        0.01970912
     5.6500000       -0.01722926        0.02069890
     5.7000000       -0.01048167        0.02312882
     5.7500000       -0.01198010        0.02067928
     5.8000000       -0.01353058        0.01900666
     5.8500000       -0.01772943        0.02070511
     5.9000000       -0.01959505        0.02333326
     5.9500000       -0.01893890        0.02422281
     6.0000000       -0.02102353        0.02501242
     6.0500000       -0.01926163        0.02413542
     6.1000000       -0.00669172        0.02686897
     6.1500000       -0.00407931        0.03755941
     6.2000000       -0.00034030        0.03523987
     6.2500000       -0.00329870        0.03460752
     6.3000000       -0.01044139        0.03534259
     6.3500000       -0.01068404        0.03613191
     6.4000000       -0.00900715        0.03663408
     6.4500000       -0.00436380        0.03892056
     6.5000000       -0.01173594        0.03593188
     6.5500000       -0.02120337        0.03516164
     6.6000000       -0.02586761        0.03398796
     6.6500000       -0.02589507        0.03690914
     6.7000000       -0.01485508        0.04146305
     6.7500000       -0.00438580        0.04043475
     6.8000000       -0.00355264        0.03926669
     6.8500000       -0.00181172        0.03976558
     6.9000000       -0.01012986        0.03874095
     6.9500000       -0.01476505        0.03491209
     7.0000000       -0.00675443        0.03248153
     7.0500000       -0.01337377        0.02866509
     7.1000000       -0.00728348        0.02090406
     7.1500000       -0.03130112        0.02492146
     7.2000000       -0.03764362        0.02380135
     7.2500000       -0.03262024        0.02259495
     7.3000000       -0.04040857        0.02595071
     7.3500000       -0.03590381        0.02309879
     7.4000000       -0.01794173        0.02177318
     7.4500000       -0.00147894        0.02253854
     7.5000000       -0.00345807        0.02154168
     7.5500000        0.00612642        0.02195072
     7.6000000       -0.00047547        0.02109909
     7.6500000       -0.01165766        0.02085554
     7.7000000       -0.02345490        0.02138191
     7.7500000       -0.03291778        0.02001173
     7.8000000       -0.02841599        0.02236563
     7.8500000       -0.02233625        0.01901734
     7.9000000       -0.01249759        0.01504194
     7.9500000       -0.01826650        0.01669542
     8.0000000       -0.01607702        0.01442104
     8.0500000       -0.01076708        0.01877906
     8.1000000       -0.00198953        0.01516490
     8.1500000       -0.00483618        0.01332155
     8.2000000       -0.00540603        0.01318361
     8.2500000        0.00286141        0.01223788
     8.3000000        0.01151242        0.01265087
     8.3500000        0.01644342        0.01363253
     8.4000000        0.02201180        0.01641118
     8.4500000        0.02976888        0.01739933
     8.5000000        0.03383029        0.01776601
     8.5500000        0.03741720        0.01409472
     8.6000000        0.03913732        0.01274579
     8.6500000        0.02439236        0.01650289
     8.7000000        0.01576770        0.01687944
     8.7500000        0.01046751        0.01902723
     8.8000000       -0.00639891        0.01536229
     8.8500000       -0.01541624        0.01657403
     8.9000000       -0.01671797        0.01819127
     8.9500000       -0.01736785        0.01860408
     9.0000000       -0.01998396        0.01877646
     9.0500000       -0.03426158        0.01942254
     9.1000000       -0.02932589        0.01818313
     9.1500000       -0.02390875        0.02099051
     9.2000000       -0.02396678        0.02127186
     9.2500000       -0.02368383        0.01955114
     9.3000000       -0.02401571        0.01919068
     9.3500000       -0.02712277        0.01966368
     9.4000000       -0.02194148        0.02103470
     9.4500000       -0.02161692        0.01932735
     9.5000000       -0.01413026        0.01872256
     9.5500000       -0.02199223        0.02117324
     9.6000000       -0.02169921        0.02560779
     9.6500000       -0.01484167        0.02581290
     9.7000000       -0.01889646        0.02912688
     9.7500000       -0.02479918        0.02300295
     9.8000000       -0.02044970        0.02184023
     9.8500000       -0.01061178        0.02374576
     9.9000000       -0.02117352        0.02842089
     9.9500000       -0.03711337        0.03180851
    10.0000000       -0.05273354        0.03946864
    10.0500000        0.01864625        0.02227824
    10.1000000        0.03025425        0.02255653
    10.1500000        0.02047081        0.02010265
    10.2000000        0.00942883        0.02207283
    10.2500000        0.01923625        0.02860691
    10.3000000        0.02386347        0.02429841
    10.3500000        0.02599992        0.02105629
    10.4000000        0.01764106        0.01664658
    10.4500000        0.00929941        0.01456164
    10.5000000        0.00404838        0.01265267
    10.5500000       -0.00459325        0.01405829
    10.6000000        0.01927168        0.01805393
    10.6500000        0.01016467        0.01489594
    10.7000000       -0.00111878        0.01346781
    10.7500000       -0.00783384        0.01316389
    10.8000000       -0.00737268        0.01331676
    10.8500000       -0.00802275        0.01061274
    10.9000000       -0.01320455        0.01341304
    10.9500000       -0.01485238        0.02012084
    11.0000000       -0.01981020        0.02117029
    11.0500000       -0.01986901        0.02488698
    11.1000000       -0.00736695        0.01974835
    11.1500000        0.00064786        0.01566290
    11.2000000        0.02521422        0.02923673
    11.2500000        0.02236459        0.02513818
    11.3000000        0.00752876        0.01587352
    11.3500000       -0.00248778        0.01293097
    11.4000000       -0.01101551        0.01224324
    11.4500000       -0.01493940        0.01254173
    11.5000000       -0.01200166        0.01375918
    11.5500000       -0.01148040        0.01033717
    11.6000000       -0.01401368        0.01239448
    11.6500000       -0.01344755        0.01483149
    11.7000000       -0.01449015        0.01432182
    11.7500000       -0.02036717        0.01010800
    11.8000000       -0.01614650        0.01002451
    11.8500000       -0.01160096        0.01226697
    11.9000000       -0.01464740        0.01226549
    11.9500000       -0.00729827        0.01206382
    12.0000000       -0.00696420        0.01470770
    12.0500000       -0.00508738        0.01572279
    12.1000000        0.00875660        0.01767421
    12.1500000        0.01051362        0.01623095
    12.2000000        0.01171710        0.01530721
    12.2500000        0.01369664        0.01699524
    12.3000000        0.01623485        0.01763002
    12.3500000        0.02329230        0.01819596
    12.4000000        0.01833278        0.02026354
    12.4500000        0.02584923        0.02245334
    12.5000000        0.02122769        0.01637635
    12.5500000        0.01120174        0.01451515
    12.6000000        0.01087907        0.01593605
    12.6500000        0.01550023        0.01959704
    12.7000000        0.01445300        0.02149119
    12.7500000        0.02245155        0.01974379
    12.8000000        0.01902249        0.02085499
    12.8500000        0.02251443        0.01808493
    12.9000000        0.03302947        0.01899090
    12.9500000        0.02432697        0.01802946
    13.0000000        0.02474951        0.01582034
    13.0500000        0.02943297        0.01760275
    13.1000000        0.01655254        0.01553061
    13.1500000        0.01350051        0.01667813
    13.2000000        0.02073333        0.01692102
    13.2500000        0.02854197        0.01769194
    13.3000000        0.02342089        0.01568451
    13.3500000        0.02427182        0.01680971
    13.4000000        0.00348733        0.01906354
    13.4500000        0.00240130        0.01767091
    13.5000000       -0.00172511        0.01769016
    13.5500000       -0.00069087        0.02250314
    13.6000000        0.01021570        0.02717871
    13.6500000        0.00690328        0.02246205
    13.7000000       -0.00098147        0.01885677
    13.7500000        0.00290032        0.01814414
    13.8000000       -0.00158361        0.01683901
    13.8500000        0.00217896        0.01619628
    13.9000000        0.00669119        0.01654629
    13.9500000        0.00219028        0.01658387
    14.0000000        0.00461784        0.01889354
    14.0500000       -0.00617090        0.01740563
    14.1000000       -0.01271588        0.01792759
    14.1500000       -0.01947789        0.01635362
    14.2000000       -0.02221080        0.01562205
    14.2500000       -0.02319591        0.01512330
    14.3000000       -0.02546746        0.01409023
    14.3500000       -0.04768735        0.02476649
    14.4000000       -0.04836538        0.01858697
    14.4500000       -0.04739583        0.01888532
    14.5000000       -0.05666277        0.01998639
    14.5500000       -0.05533986        0.01881900
    14.6000000       -0.06079054        0.02234879
    14.6500000       -0.06901697        0.02721849
    14.7000000       -0.08221015        0.03157378
    14.7500000       -0.06220078        0.02332553
    14.8000000       -0.06490399        0.02985024
    14.8500000       -0.04626912        0.02237997
    14.9000000       -0.03917578        0.01804663
    14.9500000       -0.02513127        0.02305089
    15.0000000       -0.02816636        0.02407798
    15.0500000       -0.03441413        0.02261368
    15.1000000       -0.03447473        0.02256321
    15.1500000       -0.02230172        0.02303583
    15.2000000       -0.00928699        0.02116618
    15.2500000       -0.02780992        0.02439100
    15.3000000       -0.04232063        0.02942480
    15.3500000       -0.04641107        0.03133373
    15.4000000       -0.04336441        0.02793164
    15.4500000       -0.03576054        0.02443803
    15.5000000       -0.01038256        0.02490491
    15.5500000       -0.00085418        0.02341830
    15.6000000       -0.00017472        0.02522391
    15.6500000       -0.01183952        0.02644526
    15.7000000       -0.02364162        0.02435723
    15.7500000       -0.02412704        0.02109655
    15.8000000       -0.03169162        0.02645042
    15.8500000       -0.00808968        0.03121460
    15.9000000        0.00131628        0.03225786
    15.9500000        0.00723044        0.02999450
    16.0000000       -0.00306823        0.03257698
    16.0500000       -0.02218649        0.02585008
    16.1000000       -0.02025467        0.02097663
    16.1500000       -0.03780684        0.02080720
    16.2000000       -0.06871105        0.03427465
    16.2500000       -0.06768389        0.03549459
    16.3000000       -0.07040644        0.03222042
    16.3500000       -0.04878051        0.02751517
    16.4000000       -0.03952386        0.03247094
    16.4500000       -0.02502043        0.02780099
    16.5000000       -0.03641460        0.03129211
    16.5500000       -0.02636925        0.02909699
    16.6000000       -0.02316148        0.02951595
    16.6500000       -0.00805089        0.02392553
    16.7000000        0.00097294        0.02010306
    16.7500000       -0.00271541        0.01787548
    16.8000000        0.00072180        0.01596014
    16.8500000        0.00053328        0.01963084
    16.9000000        0.00630274        0.01460163
    16.9500000        0.01604799        0.01557773
    17.0000000        0.01531511        0.01942353
    17.0500000        0.00571749        0.01690193
    17.1000000        0.00451687        0.01498935
    17.1500000       -0.01415834        0.01675353
    17.2000000       -0.00456672        0.01882034
    17.2500000       -0.01178537        0.02789868
    17.3000000       -0.00227712        0.02138641
    17.3500000       -0.00851674        0.02639007
    17.4000000        0.00683532        0.02080204
    17.4500000        0.01857844        0.02448120
    17.5000000        0.00442561        0.02429413
    17.5500000        0.02430129        0.02715145
    17.6000000        0.02512547        0.02590416
    17.6500000        0.02118634        0.02242913
    17.7000000        0.02248268        0.02131772
    17.7500000        0.01126418        0.02512986
    17.8000000        0.03784311        0.02817472
    17.8500000        0.04375213        0.03597526
    17.9000000        0.05555587        0.03142309
    17.9500000        0.05381345        0.02862218
    18.0000000        0.06726734        0.02787209
    18.0500000        0.06711735        0.02787754
    18.1000000        0.05552769        0.02464694
    18.1500000        0.04961941        0.02416206
    18.2000000        0.03205250        0.02643016
    18.2500000        0.05031551        0.02083529
    18.3000000        0.05879484        0.02294317
    18.3500000        0.06097595        0.02446758
    18.4000000        0.06405970        0.02971547
    18.4500000        0.07643021        0.03489730
    18.5000000        0.07914631        0.03322104
    18.5500000        0.08086047        0.03580035
    18.6000000        0.07733120        0.03508287
    18.6500000        0.08089385        0.02965259
    18.7000000        0.07055049        0.03165869
    18.7500000        0.05644661        0.03901925
    18.8000000        0.06333542        0.04520983
    18.8500000        0.05482385        0.05245445
    18.9000000        0.04372146        0.04738391
    18.9500000        0.04644850        0.04787280
    19.0000000        0.07296107        0.04295206
    19.0500000        0.10269461        0.04196581
    19.1000000        0.12816275        0.04943187
    19.1500000        0.13057362        0.05686621
    19.2000000        0.13778880        0.05525243
    19.2500000        0.14616336        0.05789077
    19.3000000        0.16221764        0.05439519
    19.3500000        0.21556539        0.06024782
    19.4000000        0.30386374        0.05146541
    19.4500000        0.36617316        0.05171316
    19.5000000        0.45261776        0.05076479
    19.5500000        0.53106653        0.05694142
    19.6000000        0.62290015        0.06329489
    19.6500000        0.74417292        0.06064349
    19.7000000        0.88327828        0.06118369
    19.7500000        1.07959152        0.06967269
    19.8000000        1.32200781        0.07056705
    19.8500000        1.68284442        0.06252857
    19.9000000        2.16816117        0.05514517
    19.9500000        2.77074135        0.04955460
    20.0000000        3.60817203        0.04187760
