     0.0000000        3.52806513        0.13591865
     0.1000000        3.31827737        0.13986408
     0.2000000        3.17508257        0.14330777
     0.3000000        3.06588487        0.14500307
     0.4000000        2.97340284        0.14105571
     0.5000000        2.90011067        0.13883467
     0.6000000        2.83382767        0.13644587
     0.7000000        2.78473580        0.13929125
     0.8000000        2.72572159        0.13017703
     0.9000000        2.67385078        0.11960355
     1.0000000        2.62588266        0.10884830
     1.1000000        2.59119498        0.10657826
     1.2000000        2.56366027        0.11228324
     1.3000000        2.52537827        0.10781564
     1.4000000        2.49377030        0.10516562
     1.5000000        2.47104548        0.10588671
     1.6000000        2.44782222        0.10622928
     1.7000000        2.41679745        0.10226043
     1.8000000        2.39381821        0.10476868
     1.9000000        2.37481888        0.10409222
     2.0000000        2.35479690        0.10196438
     2.1000000        2.34184566        0.10564297
     2.2000000        2.32401429        0.10788708
     2.3000000        2.30626308        0.10801450
     2.4000000        2.28611456        0.10728082
     2.5000000        2.27045753        0.10997435
     2.6000000        2.25778514        0.11509431
     2.7000000        2.24151945        0.11207493
     2.8000000        2.22050607        0.10638500
     2.9000000        2.21198137        0.10834218
     3.0000000        2.20563849        0.11235622
     3.1000000        2.19254061        0.11385944
     3.2000000        2.16956443        0.10770339
     3.3000000        2.15016141        0.10306801
     3.4000000        2.12794082        0.09660354
     3.5000000        2.11810668        0.09635203
     3.6000000        2.11405007        0.10094501
     3.7000000        2.11792085        0.10496566
     3.8000000        2.11375123        0.10808394
     3.9000000        2.11135056        0.11023647
     4.0000000        2.11010983        0.10988531
     4.1000000        2.12068652        0.11548379
     4.2000000        2.12402992        0.12009504
     4.3000000        2.12222952        0.12471719
     4.4000000        2.12551936        0.13149636
     4.5000000        2.12551518        0.13748301
     4.6000000        2.11894524        0.13864385
     4.7000000        2.10233636        0.13184161
     4.8000000        2.09094894        0.12797191
     4.9000000        2.08254681        0.12757884
     5.0000000        2.07121442        0.12112112
     5.1000000        2.05813337        0.11315705
     5.2000000        2.05942617        0.11115886
     5.3000000        2.06055621        0.10986458
     5.4000000        2.06348208        0.11034418
     5.5000000        2.07196120        0.11409233
     5.6000000        2.08825947        0.12065471
     5.7000000        2.09606450        0.11953518
     5.8000000        2.10272579        0.11836471
     5.9000000        2.09956799        0.11440994
     6.0000000        2.09901745        0.11131457
     6.1000000        2.09850465        0.11041435
     6.2000000        2.09704350        0.10684922
     6.3000000        2.09915315        0.10358339
     6.4000000        2.10771803        0.10662079
     6.5000000        2.11826247        0.10829935
     6.6000000        2.12902467        0.10518393
     6.7000000        2.15056841        0.11210835
     6.8000000        2.16158683        0.11085452
     6.9000000        2.17652398        0.11286639
     7.0000000        2.19234688        0.11501466
     7.1000000        2.20993606        0.11852232
     7.2000000        2.22901996        0.12048899
     7.3000000        2.25035878        0.12292620
     7.4000000        2.26473974        0.12264927
     7.5000000        2.28072010        0.12162136
     7.6000000        2.29728701        0.12042297
     7.7000000        2.30523756        0.11389363
     7.8000000        2.32252191        0.11174193
     7.9000000        2.33289040        0.10431773
     8.0000000        2.35923633        0.10603965
     8.1000000        2.38797088        0.10690757
     8.2000000        2.41377796        0.10768823
     8.3000000        2.43385494        0.10790865
     8.4000000        2.45692116        0.11127621
     8.5000000        2.47897344        0.11309251
     8.6000000        2.50627868        0.11578752
     8.7000000        2.54532094        0.12378108
     8.8000000        2.58457860        0.12979330
     8.9000000        2.62319953        0.13314357
     9.0000000        2.67014425        0.14090421
     9.1000000        2.70840321        0.14107885
     9.2000000        2.75383170        0.14250683
     9.3000000        2.79687012        0.14193518
     9.4000000        2.83794847        0.13528978
     9.5000000        2.89513438        0.13487176
     9.6000000        2.96104607        0.13358708
     9.7000000        3.04881227        0.13701436
     9.8000000        3.15770453        0.13773911
     9.9000000        3.30740147        0.13633489
    10.0000000        3.52806513        0.13591865
