   1.0000000000000000                1          16
 (  1.0000000000000000     , -1.3922779946749595E-003)
  -1.5707963267948966       -1.5707963267948966     
 ( 0.23009700866288985     , -4.4148712463609741E-016)
  -1.5707963267948966        0.0000000000000000     
 ( 0.16471852242073992     ,  1.1340754724198376E-015)
  -1.5707963267948966        1.5707963267948966     
 ( 0.22715412785700928     , -1.9862583799934441E-016)
  -1.5707963267948966        3.1415926535897931     
 ( 0.30366346563034896     , -1.5798994057458771E-015)
   0.0000000000000000       -1.5707963267948966     
 ( 0.15475555635930238     ,  1.8743687157929401E-015)
   0.0000000000000000        0.0000000000000000     
 (  16.002436088319367     , -4.4552895829579296E-002)
   0.0000000000000000        1.5707963267948966     
 ( 0.15475555635930260     ,  5.2128440453103053E-016)
   0.0000000000000000        3.1415926535897931     
 ( 0.22562167960548452     ,  9.7014410394002937E-016)
   1.5707963267948966       -1.5707963267948966     
 ( 0.22715412785700917     ,  3.5648567431323386E-016)
   1.5707963267948966        0.0000000000000000     
 ( 0.16471852242073992     , -7.2641545556528797E-016)
   1.5707963267948966        1.5707963267948966     
 ( 0.23009700866288985     , -6.6786853825107073E-017)
   1.5707963267948966        3.1415926535897931     
 ( 0.30366346563034896     ,  6.4184768611141862E-016)
   3.1415926535897931       -1.5707963267948966     
 ( 0.31556277968319479     ,  4.1026210206851488E-016)
   3.1415926535897931        0.0000000000000000     
 ( 0.22719839095829297     ,  1.1709383462843448E-015)
   3.1415926535897931        1.5707963267948966     
 ( 0.31556277968319479     ,  5.6812193838240432E-017)
   3.1415926535897931        3.1415926535897931     
 ( 0.35885110554281052     ,  3.5509789553245241E-015)
   1.0000000000000000                1          16
 (  1.0000000000000000     ,  5.1566178889420273E-004)
  -1.5707963267948966       -1.5707963267948966     
 ( 0.22309839999971848     , -6.4943710131881716E-016)
  -1.5707963267948966        0.0000000000000000     
 ( 0.15608202202490007     ,  2.7625471354930653E-016)
  -1.5707963267948966        1.5707963267948966     
 ( 0.21893306154029679     ,  2.5977484052752686E-016)
  -1.5707963267948966        3.1415926535897931     
 ( 0.30478116352779494     , -7.0364720994309238E-016)
   0.0000000000000000       -1.5707963267948966     
 ( 0.15253317839051894     ,  4.1698415553792501E-016)
   0.0000000000000000        0.0000000000000000     
 (  16.000867227956402     ,  1.6501177244609679E-002)
   0.0000000000000000        1.5707963267948966     
 ( 0.15253317839051872     , -7.1448923166794742E-016)
   0.0000000000000000        3.1415926535897931     
 ( 0.22932713122423432     ,  2.2573089231148202E-016)
   1.5707963267948966       -1.5707963267948966     
 ( 0.21893306154029668     , -4.0635897424756706E-016)
   1.5707963267948966        0.0000000000000000     
 ( 0.15608202202490096     ,  6.3360774960052879E-016)
   1.5707963267948966        1.5707963267948966     
 ( 0.22309839999971848     , -1.2735038718014735E-015)
   1.5707963267948966        3.1415926535897931     
 ( 0.30478116352779494     ,  1.8604909279851256E-016)
   3.1415926535897931       -1.5707963267948966     
 ( 0.29984177734191009     , -1.1585784415180100E-015)
   3.1415926535897931        0.0000000000000000     
 ( 0.23462241227428815     ,  1.4053428559757108E-015)
   3.1415926535897931        1.5707963267948966     
 ( 0.29984177734191009     , -9.5756735873919752E-016)
   3.1415926535897931        3.1415926535897931     
 ( 0.35771689604622692     , -8.6295987716811240E-015)
   1.0000000000000000                1          16
 (  1.0000000000000000     , -1.9335736614064947E-004)
  -1.5707963267948966       -1.5707963267948966     
 ( 0.21162487775036942     , -4.6615272406014263E-016)
  -1.5707963267948966        0.0000000000000000     
 ( 0.15184518479730558     ,  1.1926223897340549E-016)
  -1.5707963267948966        1.5707963267948966     
 ( 0.21355682195220538     , -8.9034682404509624E-016)
  -1.5707963267948966        3.1415926535897931     
 ( 0.29183947283275169     ,  9.3496174344287475E-016)
   0.0000000000000000       -1.5707963267948966     
 ( 0.14762581811121811     ,  1.2316536679435330E-016)
   0.0000000000000000        0.0000000000000000     
 (  15.998975610421391     , -6.1874357164857039E-003)
   0.0000000000000000        1.5707963267948966     
 ( 0.14762581811121789     , -3.4087316302944259E-016)
   0.0000000000000000        3.1415926535897931     
 ( 0.22673019704533937     ,  9.6396415155686199E-016)
   1.5707963267948966       -1.5707963267948966     
 ( 0.21355682195220538     , -6.6830221912006493E-016)
   1.5707963267948966        0.0000000000000000     
 ( 0.15184518479730647     ,  3.2417644957316583E-017)
   1.5707963267948966        1.5707963267948966     
 ( 0.21162487775036931     , -1.5365855289550812E-015)
   1.5707963267948966        3.1415926535897931     
 ( 0.29183947283275147     ,  1.3844177540467406E-015)
   3.1415926535897931       -1.5707963267948966     
 ( 0.29222790773624829     , -1.6731407925796304E-015)
   3.1415926535897931        0.0000000000000000     
 ( 0.22764582571251102     , -8.7771586873564011E-016)
   3.1415926535897931        1.5707963267948966     
 ( 0.29222790773624852     , -1.6930359024447394E-015)
   3.1415926535897931        3.1415926535897931     
 ( 0.26821533370652062     , -4.2000365858829714E-015)
   1.0000000000000000                1          16
 ( 0.99999999999999944     , -7.9625735426838175E-004)
  -1.5707963267948966       -1.5707963267948966     
 ( 0.22768572594315950     ,  3.1875543871073830E-016)
  -1.5707963267948966        0.0000000000000000     
 ( 0.15868938459287996     ,  9.5192950744227289E-017)
  -1.5707963267948966        1.5707963267948966     
 ( 0.23054032824694837     ,  8.9533415403852956E-016)
  -1.5707963267948966        3.1415926535897931     
 ( 0.30684945754894699     , -1.0878884598719551E-015)
   0.0000000000000000       -1.5707963267948966     
 ( 0.15921896947637182     , -9.9573127521068727E-016)
   0.0000000000000000        0.0000000000000000     
 (  15.999047918481562     , -2.5480235336573214E-002)
   0.0000000000000000        1.5707963267948966     
 ( 0.15921896947637160     , -2.1272046624165597E-015)
   0.0000000000000000        3.1415926535897931     
 ( 0.22926839338462168     ,  1.5495417449162829E-015)
   1.5707963267948966       -1.5707963267948966     
 ( 0.23054032824694826     ,  5.6226724665098260E-016)
   1.5707963267948966        0.0000000000000000     
 ( 0.15868938459288084     ,  1.2078012201488519E-016)
   1.5707963267948966        1.5707963267948966     
 ( 0.22768572594315994     ,  2.8622937353617317E-017)
   1.5707963267948966        3.1415926535897931     
 ( 0.30684945754894699     , -8.6692805711940935E-016)
   3.1415926535897931       -1.5707963267948966     
 ( 0.31445779717219546     ,  9.3241386833753381E-017)
   3.1415926535897931        0.0000000000000000     
 ( 0.22981893574820877     , -1.9294461861552037E-015)
   3.1415926535897931        1.5707963267948966     
 ( 0.31445779717219569     ,  2.9381878874357170E-016)
   3.1415926535897931        3.1415926535897931     
 ( 0.40599085444598282     , -6.7957792171391418E-015)
   1.0000000000000000                1          16
 (  1.0000000000000000     ,  1.7843651466722623E-004)
  -1.5707963267948966       -1.5707963267948966     
 ( 0.22610673564741202     , -1.2078012201488519E-016)
  -1.5707963267948966        0.0000000000000000     
 ( 0.15856015294833847     , -3.8657228459970661E-016)
  -1.5707963267948966        1.5707963267948966     
 ( 0.22741022311196069     , -4.3254245671309199E-016)
  -1.5707963267948966        3.1415926535897931     
 ( 0.30463368480039232     , -1.0706496453294356E-016)
   0.0000000000000000       -1.5707963267948966     
 ( 0.15049043955549002     ,  3.3214533554093428E-016)
   0.0000000000000000        0.0000000000000000     
 (  15.998333013084233     ,  5.7099684693635777E-003)
   0.0000000000000000        1.5707963267948966     
 ( 0.15049043955549002     , -7.9932805166493814E-016)
   0.0000000000000000        3.1415926535897931     
 ( 0.23108813053721722     ,  8.6112757549661190E-016)
   1.5707963267948966       -1.5707963267948966     
 ( 0.22741022311196057     ,  1.1546753136970622E-017)
   1.5707963267948966        0.0000000000000000     
 ( 0.15856015294833936     ,  8.5939285202063509E-016)
   1.5707963267948966        1.5707963267948966     
 ( 0.22610673564741179     ,  3.6591823321385775E-016)
   1.5707963267948966        3.1415926535897931     
 ( 0.30463368480039232     , -1.2170169386149787E-015)
   3.1415926535897931       -1.5707963267948966     
 ( 0.30995848457120756     , -2.2171934427328566E-017)
   3.1415926535897931        0.0000000000000000     
 ( 0.23249683785317099     ,  1.6334047829580367E-015)
   3.1415926535897931        1.5707963267948966     
 ( 0.30995848457120734     ,  2.8959040027087823E-016)
   3.1415926535897931        3.1415926535897931     
 ( 0.37380086484287989     ,  4.8734887653223424E-015)
   1.0000000000000000                1          16
 ( 0.99999999999999989     ,  9.2315246225541981E-004)
  -1.5707963267948966       -1.5707963267948966     
 ( 0.23349762805110685     ,  1.8366384801904445E-015)
  -1.5707963267948966        0.0000000000000000     
 ( 0.15453613985674430     ,  1.3081983413210097E-015)
  -1.5707963267948966        1.5707963267948966     
 ( 0.22900752128954682     ,  4.1329786815147429E-016)
  -1.5707963267948966        3.1415926535897931     
 ( 0.27146476633633421     ,  7.8294575683868217E-015)
   0.0000000000000000       -1.5707963267948966     
 ( 0.15723358670580467     , -1.6245685352522798E-015)
   0.0000000000000000        0.0000000000000000     
 (  15.998740985633230     ,  2.9540878792174041E-002)
   0.0000000000000000        1.5707963267948966     
 ( 0.15723358670580490     , -2.3106516700011070E-015)
   0.0000000000000000        3.1415926535897931     
 ( 0.21064688668625908     ,  1.5638532135930916E-015)
   1.5707963267948966       -1.5707963267948966     
 ( 0.22900752128954682     ,  8.0230960763927328E-017)
   1.5707963267948966        0.0000000000000000     
 ( 0.15453613985674519     , -5.5532835274707537E-016)
   1.5707963267948966        1.5707963267948966     
 ( 0.23349762805110652     , -8.9902044142498028E-016)
   1.5707963267948966        3.1415926535897931     
 ( 0.27146476633633421     ,  6.9464833191146269E-015)
   3.1415926535897931       -1.5707963267948966     
 ( 0.31781832212313954     ,  3.5388358909926865E-016)
   3.1415926535897931        0.0000000000000000     
 ( 0.22962755725069817     , -1.5439038936193583E-016)
   3.1415926535897931        1.5707963267948966     
 ( 0.31781832212313932     , -3.3219954564955856E-016)
   3.1415926535897931        3.1415926535897931     
 ( 0.25045221589090594     , -3.0845768647647098E-014)
   1.0000000000000000                1          16
 (  1.0000000000000002     ,  2.4926728012641453E-004)
  -1.5707963267948966       -1.5707963267948966     
 ( 0.22831221266434720     ,  1.0332446703786857E-015)
  -1.5707963267948966        0.0000000000000000     
 ( 0.15755075024212906     ,  1.5043305143236374E-015)
  -1.5707963267948966        1.5707963267948966     
 ( 0.23324200996040823     ,  1.6096065452719799E-015)
  -1.5707963267948966        3.1415926535897931     
 ( 0.31427886609721079     ,  2.1287225454580394E-015)
   0.0000000000000000       -1.5707963267948966     
 ( 0.15814663735933643     ,  1.8427100123563633E-015)
   0.0000000000000000        0.0000000000000000     
 (  15.998048951597475     ,  7.9765529639737338E-003)
   0.0000000000000000        1.5707963267948966     
 ( 0.15814663735933665     ,  4.8919202022545960E-016)
   0.0000000000000000        3.1415926535897931     
 ( 0.22543070571626544     ,  3.6882389503611890E-015)
   1.5707963267948966       -1.5707963267948966     
 ( 0.23324200996040823     ,  1.4985842428094642E-015)
   1.5707963267948966        0.0000000000000000     
 ( 0.15755075024212994     ,  5.2941592082467182E-016)
   1.5707963267948966        1.5707963267948966     
 ( 0.22831221266434687     ,  1.7418792103152114E-015)
   1.5707963267948966        3.1415926535897931     
 ( 0.31427886609721079     ,  1.9073284618364994E-015)
   3.1415926535897931       -1.5707963267948966     
 ( 0.31118288602700239     ,  1.9324819522381631E-015)
   3.1415926535897931        0.0000000000000000     
 ( 0.23615014389496825     ,  2.2242407568540123E-015)
   3.1415926535897931        1.5707963267948966     
 ( 0.31118288602700217     ,  1.4671423798073846E-015)
   3.1415926535897931        3.1415926535897931     
 ( 0.39128147134471580     , -1.6204485669968349E-015)
   1.0000000000000000                1          16
 (  1.0000000000000000     , -5.2779601371337242E-004)
  -1.5707963267948966       -1.5707963267948966     
 ( 0.23287221447561690     ,  5.1239394671664940E-016)
  -1.5707963267948966        0.0000000000000000     
 ( 0.15893199853225248     , -5.1391182975812910E-017)
  -1.5707963267948966        1.5707963267948966     
 ( 0.22847865163989689     ,  3.1138286393783687E-016)
  -1.5707963267948966        3.1415926535897931     
 ( 0.31335566189650488     ,  1.0404004047170901E-015)
   0.0000000000000000       -1.5707963267948966     
 ( 0.15743788669681169     ,  6.9844303951516196E-016)
   0.0000000000000000        0.0000000000000000     
 (  16.001118865581542     , -1.6889472438854292E-002)
   0.0000000000000000        1.5707963267948966     
 ( 0.15743788669681147     ,  1.1058862159352145E-017)
   0.0000000000000000        3.1415926535897931     
 ( 0.23448515705482675     ,  8.9880360099048318E-016)
   1.5707963267948966       -1.5707963267948966     
 ( 0.22847865163989667     ,  5.3342746886286818E-016)
   1.5707963267948966        0.0000000000000000     
 ( 0.15893199853225337     , -1.3769367590565906E-016)
   1.5707963267948966        1.5707963267948966     
 ( 0.23287221447561690     ,  1.2205948057841809E-015)
   1.5707963267948966        3.1415926535897931     
 ( 0.31335566189650488     ,  1.2630955309456127E-015)
   3.1415926535897931       -1.5707963267948966     
 ( 0.31644133231631832     ,  1.1212818867845087E-015)
   3.1415926535897931        0.0000000000000000     
 ( 0.22932504967870171     ,  9.9594811564518437E-016)
   3.1415926535897931        1.5707963267948966     
 ( 0.31644133231631832     ,  1.4333152720258369E-015)
   3.1415926535897931        3.1415926535897931     
 ( 0.38756391329688689     ,  2.9978190069224198E-015)
   1.0000000000000000                1          16
 (  1.0000000000000000     , -1.1631241840073384E-003)
  -1.5707963267948966       -1.5707963267948966     
 ( 0.23128051357385992     , -6.4835289914633165E-016)
  -1.5707963267948966        0.0000000000000000     
 ( 0.15964263711937021     ,  4.4842601854000463E-016)
  -1.5707963267948966        1.5707963267948966     
 ( 0.23353177298684036     ,  3.9898639947466563E-017)
  -1.5707963267948966        3.1415926535897931     
 ( 0.31709614783734907     , -7.6284464856080092E-016)
   0.0000000000000000       -1.5707963267948966     
 ( 0.16027489658823946     ,  3.0401028916493544E-016)
   0.0000000000000000        0.0000000000000000     
 (  16.002290905723186     , -3.7219973888203493E-002)
   0.0000000000000000        1.5707963267948966     
 ( 0.16027489658823924     , -6.0585217398489988E-016)
   0.0000000000000000        3.1415926535897931     
 ( 0.23369920354250207     , -6.0064800355696946E-016)
   1.5707963267948966       -1.5707963267948966     
 ( 0.23353177298684036     , -1.0703243846776900E-015)
   1.5707963267948966        0.0000000000000000     
 ( 0.15964263711937021     , -1.5248219353836134E-015)
   1.5707963267948966        1.5707963267948966     
 ( 0.23128051357385981     , -3.8207284558389176E-016)
   1.5707963267948966        3.1415926535897931     
 ( 0.31709614783734930     , -3.2179120479369772E-016)
   3.1415926535897931       -1.5707963267948966     
 ( 0.31759082239917547     , -2.7278526659735292E-016)
   3.1415926535897931        0.0000000000000000     
 ( 0.23730931558400725     ,  3.3827107781547738E-017)
   3.1415926535897931        1.5707963267948966     
 ( 0.31759082239917502     , -1.7381929229287607E-015)
   3.1415926535897931        3.1415926535897931     
 ( 0.44685487946374680     ,  2.0174834025610267E-015)
   1.0000000000000000                1          16
 (  1.0000000000000000     ,  4.3127242706266454E-004)
  -1.5707963267948966       -1.5707963267948966     
 ( 0.23557454400188904     ,  5.3722217646656745E-016)
  -1.5707963267948966        0.0000000000000000     
 ( 0.16507837431471850     ,  2.6617163334519134E-016)
  -1.5707963267948966        1.5707963267948966     
 ( 0.23347345642533557     ,  7.8105924505855739E-016)
  -1.5707963267948966        3.1415926535897931     
 ( 0.31785316768088945     ,  3.8792753731531349E-016)
   0.0000000000000000       -1.5707963267948966     
 ( 0.15887303659821106     ,  1.1172703387463123E-015)
   0.0000000000000000        0.0000000000000000     
 (  16.000206429944733     ,  1.3800717665966878E-002)
   0.0000000000000000        1.5707963267948966     
 ( 0.15887303659821106     , -1.4853569763051411E-017)
   0.0000000000000000        3.1415926535897931     
 ( 0.23039346791531956     ,  1.6958006179845775E-015)
   1.5707963267948966       -1.5707963267948966     
 ( 0.23347345642533579     , -1.0711917464156784E-016)
   1.5707963267948966        0.0000000000000000     
 ( 0.16507837431471939     , -9.2970336290632005E-016)
   1.5707963267948966        1.5707963267948966     
 ( 0.23557454400188871     ,  1.1359186161130630E-015)
   1.5707963267948966        3.1415926535897931     
 ( 0.31785316768088945     ,  1.4960905778127476E-015)
   3.1415926535897931       -1.5707963267948966     
 ( 0.31491902063295718     ,  2.4276370844122930E-015)
   3.1415926535897931        0.0000000000000000     
 ( 0.23413558051699301     ,  1.3643600138557588E-015)
   3.1415926535897931        1.5707963267948966     
 ( 0.31491902063295718     ,  1.2956215961201778E-015)
   3.1415926535897931        3.1415926535897931     
 ( 0.44064296193468833     , -1.0258070434754352E-014)
   1.0000000000000000                1          16
 (  1.0000000000000000     ,  7.1216562551969947E-004)
  -1.5707963267948966       -1.5707963267948966     
 ( 0.22729562021193128     ,  2.0816681711721685E-016)
  -1.5707963267948966        0.0000000000000000     
 ( 0.15450531760739883     ,  7.4571425423552995E-016)
  -1.5707963267948966        1.5707963267948966     
 ( 0.22865261678205773     , -3.2547749218014843E-016)
  -1.5707963267948966        3.1415926535897931     
 ( 0.31060358601334637     ,  9.0552565445989330E-016)
   0.0000000000000000       -1.5707963267948966     
 ( 0.16193936078864712     ,  1.5575648409926757E-015)
   0.0000000000000000        0.0000000000000000     
 (  15.999412305662998     ,  2.2789300016614153E-002)
   0.0000000000000000        1.5707963267948966     
 ( 0.16193936078864712     , -6.8456525170734750E-016)
   0.0000000000000000        3.1415926535897931     
 ( 0.23471196909366399     ,  1.9663090600197108E-015)
   1.5707963267948966       -1.5707963267948966     
 ( 0.22865261678205773     ,  5.6270092751997680E-016)
   1.5707963267948966        0.0000000000000000     
 ( 0.15450531760739794     , -7.5894152073985310E-018)
   1.5707963267948966        1.5707963267948966     
 ( 0.22729562021193117     ,  6.9519043299770544E-016)
   1.5707963267948966        3.1415926535897931     
 ( 0.31060358601334637     ,  6.8196316649338229E-016)
   3.1415926535897931       -1.5707963267948966     
 ( 0.31291539937501611     , -1.8431436932253575E-017)
   3.1415926535897931        0.0000000000000000     
 ( 0.23091868396190440     ,  5.8525233270767529E-016)
   3.1415926535897931        1.5707963267948966     
 ( 0.31291539937501611     ,  7.1123662515049091E-017)
   3.1415926535897931        3.1415926535897931     
 ( 0.41442689220425322     ,  2.2380101244445783E-015)
   1.0000000000000000                1          16
 (  1.0000000000000000     , -7.9449702825595196E-004)
  -1.5707963267948966       -1.5707963267948966     
 ( 0.22715591417544612     , -2.8687989483966447E-016)
  -1.5707963267948966        0.0000000000000000     
 ( 0.15722973562314613     ,  2.0881733842070815E-016)
  -1.5707963267948966        1.5707963267948966     
 ( 0.23300748145241124     , -1.0423519686275640E-015)
  -1.5707963267948966        3.1415926535897931     
 ( 0.31209062374262431     , -2.9555351221954851E-016)
   0.0000000000000000       -1.5707963267948966     
 ( 0.16032156950873577     ,  8.3114938542738770E-016)
   0.0000000000000000        0.0000000000000000     
 (  16.001055403820427     , -2.5423904904162464E-002)
   0.0000000000000000        1.5707963267948966     
 ( 0.16032156950873577     , -8.5586919496005720E-016)
   0.0000000000000000        3.1415926535897931     
 ( 0.23181689139011108     ,  9.8684081739630614E-016)
   1.5707963267948966       -1.5707963267948966     
 ( 0.23300748145241112     , -1.5417354892743873E-016)
   1.5707963267948966        0.0000000000000000     
 ( 0.15722973562314790     , -9.9529759434169307E-017)
   1.5707963267948966        1.5707963267948966     
 ( 0.22715591417544601     , -6.8760101779030691E-016)
   1.5707963267948966        3.1415926535897931     
 ( 0.31209062374262431     , -2.9685455482653111E-016)
   3.1415926535897931       -1.5707963267948966     
 ( 0.31217337088755059     , -2.1881368245102450E-015)
   3.1415926535897931        0.0000000000000000     
 ( 0.23510796118595878     ,  7.8257712810003710E-016)
   3.1415926535897931        1.5707963267948966     
 ( 0.31217337088755059     , -3.2244172609718902E-016)
   3.1415926535897931        3.1415926535897931     
 ( 0.41345002005503151     , -1.3340023530261647E-015)
   1.0000000000000000                1          16
 (  1.0000000000000002     ,  1.1120277732242043E-003)
  -1.5707963267948966       -1.5707963267948966     
 ( 0.22719823285898821     ,  1.3053794156725473E-016)
  -1.5707963267948966        0.0000000000000000     
 ( 0.15650499152810660     , -4.5146178462296405E-016)
  -1.5707963267948966        1.5707963267948966     
 ( 0.23313729347577417     , -1.8127860323957634E-016)
  -1.5707963267948966        3.1415926535897931     
 ( 0.31206417950632515     ,  8.1271794849513412E-016)
   0.0000000000000000       -1.5707963267948966     
 ( 0.16066466101824683     ,  8.5825443973952531E-016)
   0.0000000000000000        0.0000000000000000     
 (  15.998689289899396     ,  3.5584888743161167E-002)
   0.0000000000000000        1.5707963267948966     
 ( 0.16066466101824683     ,  3.9248118643975261E-016)
   0.0000000000000000        3.1415926535897931     
 ( 0.23331629546412336     ,  3.3350058825654116E-016)
   1.5707963267948966       -1.5707963267948966     
 ( 0.23313729347577405     ,  2.6281060661048627E-016)
   1.5707963267948966        0.0000000000000000     
 ( 0.15650499152810660     , -1.2051991349348867E-015)
   1.5707963267948966        1.5707963267948966     
 ( 0.22719823285898832     ,  1.0612170864288117E-015)
   1.5707963267948966        3.1415926535897931     
 ( 0.31206417950632515     ,  1.2555061157382141E-015)
   3.1415926535897931       -1.5707963267948966     
 ( 0.31126547601889365     , -2.7365262833534132E-016)
   3.1415926535897931        0.0000000000000000     
 ( 0.23141071501085142     ,  1.0776969594505914E-015)
   3.1415926535897931        1.5707963267948966     
 ( 0.31126547601889365     , -2.9490299091605721E-016)
   3.1415926535897931        3.1415926535897931     
 ( 0.40347998662927909     , -3.7149103238043324E-015)
   1.0000000000000000                1          16
 (  1.0000000000000000     ,  2.2436769690800636E-003)
  -1.5707963267948966       -1.5707963267948966     
 ( 0.22801998392230416     ,  1.8691645453650096E-015)
  -1.5707963267948966        0.0000000000000000     
 ( 0.16026881154084394     ,  9.9746599868666408E-016)
  -1.5707963267948966        1.5707963267948966     
 ( 0.23046734446312911     , -5.5164206536062466E-016)
  -1.5707963267948966        3.1415926535897931     
 ( 0.31370618233073366     ,  2.9577035265404561E-016)
   0.0000000000000000       -1.5707963267948966     
 ( 0.15754610943394609     ,  1.4510961876545991E-015)
   0.0000000000000000        0.0000000000000000     
 (  15.998931428696402     ,  7.1797663010562382E-002)
   0.0000000000000000        1.5707963267948966     
 ( 0.15754610943394609     , -6.8087896432089678E-016)
   0.0000000000000000        3.1415926535897931     
 ( 0.23014800634601862     ,  1.8570214810331720E-015)
   1.5707963267948966       -1.5707963267948966     
 ( 0.23046734446312889     , -1.2177758801357186E-015)
   1.5707963267948966        0.0000000000000000     
 ( 0.16026881154084482     ,  3.5388358909926865E-016)
   1.5707963267948966        1.5707963267948966     
 ( 0.22801998392230427     ,  8.0230960763927328E-016)
   1.5707963267948966        3.1415926535897931     
 ( 0.31370618233073366     , -5.9501015226004483E-016)
   3.1415926535897931       -1.5707963267948966     
 ( 0.31167694739093732     , -6.8087896432089678E-016)
   3.1415926535897931        0.0000000000000000     
 ( 0.23146990506329956     ,  1.1518563880485999E-015)
   3.1415926535897931        1.5707963267948966     
 ( 0.31167694739093732     ,  9.6277152916712794E-016)
   3.1415926535897931        3.1415926535897931     
 ( 0.43915541426846261     , -1.4554329963445412E-015)
   1.0000000000000000                1          16
 (  1.0000000000000000     , -6.8048651407183198E-004)
  -1.5707963267948966       -1.5707963267948966     
 ( 0.22538968023659756     , -9.1658451661924545E-016)
  -1.5707963267948966        0.0000000000000000     
 ( 0.15363366360697617     ,  7.0277984820510397E-016)
  -1.5707963267948966        1.5707963267948966     
 ( 0.22472805045504163     , -4.5146178462296405E-016)
  -1.5707963267948966        3.1415926535897931     
 ( 0.30112673729403938     , -2.1467203015212988E-017)
   0.0000000000000000       -1.5707963267948966     
 ( 0.15556454823777965     ,  1.5720931501039814E-015)
   0.0000000000000000        0.0000000000000000     
 (  15.999296359299136     , -2.1775568450301971E-002)
   0.0000000000000000        1.5707963267948966     
 ( 0.15556454823777965     , -8.9121418578308464E-016)
   0.0000000000000000        3.1415926535897931     
 ( 0.21855648065667288     , -6.4184768611141862E-017)
   1.5707963267948966       -1.5707963267948966     
 ( 0.22472805045504163     , -8.9555099447302666E-016)
   1.5707963267948966        0.0000000000000000     
 ( 0.15363366360697617     , -6.0563533355040278E-016)
   1.5707963267948966        1.5707963267948966     
 ( 0.22538968023659744     , -4.3042826247674526E-016)
   1.5707963267948966        3.1415926535897931     
 ( 0.30112673729403938     ,  2.0209528495129803E-016)
   3.1415926535897931       -1.5707963267948966     
 ( 0.29914442429248700     ,  1.1071872585421971E-015)
   3.1415926535897931        0.0000000000000000     
 ( 0.21998720087752899     ,  1.1804793254022172E-015)
   3.1415926535897931        1.5707963267948966     
 ( 0.29914442429248722     ,  7.5308682900843138E-016)
   3.1415926535897931        3.1415926535897931     
 ( 0.35935227736899944     ,  6.0528838885520742E-015)
   1.0000000000000000                1          16
 (  1.0000000000000000     , -3.7408486016807723E-004)
  -1.5707963267948966       -1.5707963267948966     
 ( 0.22747183855799036     ,  5.3158432516964282E-016)
  -1.5707963267948966        0.0000000000000000     
 ( 0.15917187205534544     ,  1.7689842646273490E-015)
  -1.5707963267948966        1.5707963267948966     
 ( 0.22941991004057560     ,  2.2178439640363479E-015)
  -1.5707963267948966        3.1415926535897931     
 ( 0.30795114207754049     ,  6.1409211049578971E-016)
   0.0000000000000000       -1.5707963267948966     
 ( 0.15590719856705948     ,  1.0122111482324669E-015)
   0.0000000000000000        0.0000000000000000     
 (  16.000393830704230     , -1.1970715525428395E-002)
   0.0000000000000000        1.5707963267948966     
 ( 0.15590719856705970     ,  1.0321604682062002E-016)
   0.0000000000000000        3.1415926535897931     
 ( 0.22611787249641091     ,  2.0904502087693011E-015)
   1.5707963267948966       -1.5707963267948966     
 ( 0.22941991004057560     ,  1.1076209394111913E-015)
   1.5707963267948966        0.0000000000000000     
 ( 0.15917187205534455     ,  5.7289242794134054E-016)
   1.5707963267948966        1.5707963267948966     
 ( 0.22747183855799036     ,  2.4036762164003633E-016)
   1.5707963267948966        3.1415926535897931     
 ( 0.30795114207754049     ,  1.0591571023010893E-015)
   3.1415926535897931       -1.5707963267948966     
 ( 0.31367202078612921     ,  1.4354836763708079E-015)
   3.1415926535897931        0.0000000000000000     
 ( 0.22890380823260215     ,  1.6460357382674928E-015)
   3.1415926535897931        1.5707963267948966     
 ( 0.31367202078612899     ,  5.2638015474171240E-016)
   3.1415926535897931        3.1415926535897931     
 ( 0.37474979047882129     ,  2.3815584920816590E-015)
   1.0000000000000000                1          16
 ( 0.99999999999999989     , -8.0799184398260644E-004)
  -1.5707963267948966       -1.5707963267948966     
 ( 0.22720104348520564     , -3.9508327165371782E-016)
  -1.5707963267948966        0.0000000000000000     
 ( 0.15776008789978035     ,  6.4098032437343022E-016)
  -1.5707963267948966        1.5707963267948966     
 ( 0.23139929418377048     , -3.7361606863850483E-016)
  -1.5707963267948966        3.1415926535897931     
 ( 0.30422112590449635     ,  2.5955800009302976E-016)
   0.0000000000000000       -1.5707963267948966     
 ( 0.15772214230153458     ,  6.0628585485389408E-016)
   0.0000000000000000        0.0000000000000000     
 (  15.999139159432831     , -2.5855739007457322E-002)
   0.0000000000000000        1.5707963267948966     
 ( 0.15772214230153458     , -1.1913213471270723E-015)
   0.0000000000000000        3.1415926535897931     
 ( 0.21355934073987282     ,  6.9432307125971704E-016)
   1.5707963267948966       -1.5707963267948966     
 ( 0.23139929418377070     , -5.9566067356353614E-016)
   1.5707963267948966        0.0000000000000000     
 ( 0.15776008789978035     , -1.1188966420050406E-016)
   1.5707963267948966        1.5707963267948966     
 ( 0.22720104348520542     ,  6.4705185653934905E-016)
   1.5707963267948966        3.1415926535897931     
 ( 0.30422112590449635     ,  2.5847379792054426E-016)
   3.1415926535897931       -1.5707963267948966     
 ( 0.31652619951098904     ,  1.8062808193608504E-015)
   3.1415926535897931        0.0000000000000000     
 ( 0.23552525271848224     ,  1.6518904299989146E-015)
   3.1415926535897931        1.5707963267948966     
 ( 0.31652619951098904     ,  1.3407244064955748E-015)
   3.1415926535897931        3.1415926535897931     
 ( 0.41087872894571298     ,  4.6106781587118562E-015)
   1.0000000000000000                1          16
 ( 0.99999999999999989     ,  9.1408561699753371E-004)
  -1.5707963267948966       -1.5707963267948966     
 ( 0.23360167044090363     , -3.3458479042902667E-016)
  -1.5707963267948966        0.0000000000000000     
 ( 0.16283763439329246     ,  9.3501595355149902E-016)
  -1.5707963267948966        1.5707963267948966     
 ( 0.22773555006010693     ,  6.8543261344533590E-016)
  -1.5707963267948966        3.1415926535897931     
 ( 0.30770769323595815     , -2.4416232924373560E-016)
   0.0000000000000000       -1.5707963267948966     
 ( 0.15904580195258045     ,  7.6826565942322844E-016)
   0.0000000000000000        0.0000000000000000     
 (  16.000423599825297     ,  2.9250739743916832E-002)
   0.0000000000000000        1.5707963267948966     
 ( 0.15904580195258022     , -1.0289078616887437E-015)
   0.0000000000000000        3.1415926535897931     
 ( 0.23128132560709003     ,  1.9604543682882891E-015)
   1.5707963267948966       -1.5707963267948966     
 ( 0.22773555006010682     ,  4.6338800852030460E-016)
   1.5707963267948966        0.0000000000000000     
 ( 0.16283763439329513     , -7.0516509298457208E-016)
   1.5707963267948966        1.5707963267948966     
 ( 0.23360167044090374     ,  7.0624929515705759E-016)
   1.5707963267948966        3.1415926535897931     
 ( 0.30770769323595815     , -2.4329496750574719E-016)
   3.1415926535897931       -1.5707963267948966     
 ( 0.31450730940982008     , -3.6277404691364978E-016)
   3.1415926535897931        0.0000000000000000     
 ( 0.23035046688733174     ,  1.2611439670351388E-015)
   3.1415926535897931        1.5707963267948966     
 ( 0.31450730940982008     ,  6.0498481224691147E-017)
   3.1415926535897931        3.1415926535897931     
 ( 0.37200544592071683     ,  7.9365767430283896E-015)
   1.0000000000000000                1          16
 (  1.0000000000000000     ,  6.5349293743068525E-004)
  -1.5707963267948966       -1.5707963267948966     
 ( 0.22935762702115225     , -3.1138286393783687E-016)
  -1.5707963267948966        0.0000000000000000     
 ( 0.15694629579084851     , -3.6212352561015848E-016)
  -1.5707963267948966        1.5707963267948966     
 ( 0.22583436854953642     ,  2.6411164921746888E-016)
  -1.5707963267948966        3.1415926535897931     
 ( 0.31142968041842622     , -9.0942878228084112E-016)
   0.0000000000000000       -1.5707963267948966     
 ( 0.15933540407823710     ,  6.3425827090402009E-016)
   0.0000000000000000        0.0000000000000000     
 (  15.998746327423085     ,  2.0911773997801631E-002)
   0.0000000000000000        1.5707963267948966     
 ( 0.15933540407823688     , -2.7430314963883262E-016)
   0.0000000000000000        3.1415926535897931     
 ( 0.22963667996868586     ,  1.1097893437561623E-015)
   1.5707963267948966       -1.5707963267948966     
 ( 0.22583436854953653     ,  7.0820085906753150E-016)
   1.5707963267948966        0.0000000000000000     
 ( 0.15694629579084851     , -3.3697003520849478E-016)
   1.5707963267948966        1.5707963267948966     
 ( 0.22935762702115259     ,  1.7347234759768071E-016)
   1.5707963267948966        3.1415926535897931     
 ( 0.31142968041842622     , -2.4025920142278778E-016)
   3.1415926535897931       -1.5707963267948966     
 ( 0.30796946547542103     , -1.1624815693389579E-015)
   3.1415926535897931        0.0000000000000000     
 ( 0.22786653599495643     ,  7.9472019243187475E-016)
   3.1415926535897931        1.5707963267948966     
 ( 0.30796946547542126     , -1.1828645701816853E-015)
   3.1415926535897931        3.1415926535897931     
 ( 0.34267910888439146     ,  5.7510420037321097E-015)
   1.0000000000000000                1          16
 ( 0.99999999999999989     ,  4.1394768687734565E-004)
  -1.5707963267948966       -1.5707963267948966     
 ( 0.23210113258323117     ,  1.0239205316953104E-015)
  -1.5707963267948966        0.0000000000000000     
 ( 0.15937065469741485     ,  9.3588331528948743E-016)
  -1.5707963267948966        1.5707963267948966     
 ( 0.22886168923243733     ,  9.3360649072726787E-016)
  -1.5707963267948966        3.1415926535897931     
 ( 0.31651649134826487     ,  1.7729958126655454E-015)
   0.0000000000000000       -1.5707963267948966     
 ( 0.15788271496779249     , -2.5717275531356165E-016)
   0.0000000000000000        0.0000000000000000     
 (  16.001145367902193     ,  1.3246325980046440E-002)
   0.0000000000000000        1.5707963267948966     
 ( 0.15788271496779271     , -7.2186180644084885E-016)
   0.0000000000000000        3.1415926535897931     
 ( 0.22641812133401074     ,  4.5211230592645535E-016)
   1.5707963267948966       -1.5707963267948966     
 ( 0.22886168923243744     ,  1.1556510956522992E-015)
   1.5707963267948966        0.0000000000000000     
 ( 0.15937065469741485     ,  1.8366384801904445E-016)
   1.5707963267948966        1.5707963267948966     
 ( 0.23210113258323095     ,  1.6204485669968349E-015)
   1.5707963267948966        3.1415926535897931     
 ( 0.31651649134826487     ,  8.8709421752763973E-016)
   3.1415926535897931       -1.5707963267948966     
 ( 0.31429387001100151     ,  1.3875619403469486E-015)
   3.1415926535897931        0.0000000000000000     
 ( 0.23523624602577864     ,  1.5552880164304561E-015)
   3.1415926535897931        1.5707963267948966     
 ( 0.31429387001100151     ,  4.7867525915235021E-016)
   3.1415926535897931        3.1415926535897931     
 ( 0.36878498456059572     , -9.7165114495978422E-015)
