   -1.000000     -1.000000
  1    1       -0.00479562        0.00078129       -0.00000000        0.00000000
   -1.000000      0.000000
  1    1       -0.04334220        0.00082819       -0.00000000        0.00000000
   -1.000000      1.000000
  1    1       -0.00494475        0.00069402       -0.00000000        0.00000000
   -1.000000      2.000000
  1    1       -0.00482123        0.00075710       -0.00000000        0.00000000
    0.000000     -1.000000
  1    1       -0.04231605        0.00107451       -0.00000000        0.00000000
    0.000000      0.000000
  1    1        0.22649542        0.00162319       -0.00000000        0.00000000
    0.000000      1.000000
  1    1       -0.04231605        0.00107451       -0.00000000        0.00000000
    0.000000      2.000000
  1    1       -0.00514630        0.00107009       -0.00000000        0.00000000
    1.000000     -1.000000
  1    1       -0.00494475        0.00069402       -0.00000000        0.00000000
    1.000000      0.000000
  1    1       -0.04334220        0.00082819       -0.00000000        0.00000000
    1.000000      1.000000
  1    1       -0.00479562        0.00078129       -0.00000000        0.00000000
    1.000000      2.000000
  1    1       -0.00482123        0.00075710       -0.00000000        0.00000000
    2.000000     -1.000000
  1    1       -0.00493098        0.00062046       -0.00000000        0.00000000
    2.000000      0.000000
  1    1       -0.00422797        0.00060214       -0.00000000        0.00000000
    2.000000      1.000000
  1    1       -0.00493098        0.00062046       -0.00000000        0.00000000
    2.000000      2.000000
  1    1       -0.00714103        0.00058630       -0.00000000        0.00000000
