   -1.570796     -1.570796
  1    1        0.22843040        0.00124827        0.00000000        0.00000000
   -1.570796      0.000000
  1    1        0.15794798        0.00077050        0.00000000        0.00000000
   -1.570796      1.570796
  1    1        0.22902691        0.00113678        0.00000000        0.00000000
   -1.570796      3.141593
  1    1        0.30748826        0.00267654        0.00000000        0.00000000
    0.000000     -1.570796
  1    1        0.15751282        0.00085160        0.00000000        0.00000000
    0.000000      0.000000
  1    1       -0.00032154        0.00028456       -0.00000000        0.00000000
    0.000000      1.570796
  1    1        0.15751282        0.00085160       -0.00000000        0.00000000
    0.000000      3.141593
  1    1        0.22762806        0.00167204        0.00000000        0.00000000
    1.570796     -1.570796
  1    1        0.22902691        0.00113678        0.00000000        0.00000000
    1.570796      0.000000
  1    1        0.15794798        0.00077050       -0.00000000        0.00000000
    1.570796      1.570796
  1    1        0.22843040        0.00124827        0.00000000        0.00000000
    1.570796      3.141593
  1    1        0.30748826        0.00267654        0.00000000        0.00000000
    3.141593     -1.570796
  1    1        0.31159673        0.00156751        0.00000000        0.00000000
    3.141593      0.000000
  1    1        0.23129367        0.00099444        0.00000000        0.00000000
    3.141593      1.570796
  1    1        0.31159673        0.00156751        0.00000000        0.00000000
    3.141593      3.141593
  1    1        0.38132029        0.01283881       -0.00000000        0.00000000
