           2 ( -13.895341462596708     , -4.4552895829520274E-002)   1.0000000000000000     
           2 ( -14.075357591955813     ,  1.6501177244561356E-002)   1.0000000000000000     
           2 ( -14.413717893758138     , -6.1874357164764292E-003)   1.0000000000000000     
           2 ( -13.785587307426725     , -2.5480235336562580E-002)   1.0000000000000000     
           2 ( -13.943565882893084     ,  5.7099684694006643E-003)   1.0000000000000000     
           2 ( -14.265126457844429     ,  2.9540878792132463E-002)   1.0000000000000000     
           2 ( -13.774130282658232     ,  7.9765529638490887E-003)   1.0000000000000000     
           2 ( -13.786824992193283     , -1.6889472438900752E-002)   1.0000000000000000     
           2 ( -13.612227045896667     , -3.7219973888139808E-002)   1.0000000000000000     
           2 ( -13.624729418381676     ,  1.3800717665876127E-002)   1.0000000000000000     
           2 ( -13.759119336441676     ,  2.2789300016586501E-002)   1.0000000000000000     
           2 ( -13.732460286042704     , -2.5423904904109462E-002)   1.0000000000000000     
           2 ( -13.741940135561343     ,  3.5584888743126208E-002)   1.0000000000000000     
           2 ( -13.687808506342124     ,  7.1797663010559537E-002)   1.0000000000000000     
           2 ( -14.035366003828713     , -2.1775568450294765E-002)   1.0000000000000000     
           2 ( -13.876255611124353     , -1.1970715525514933E-002)   1.0000000000000000     
           2 ( -13.785629336770079     , -2.5855739007475270E-002)   1.0000000000000000     
           2 ( -13.860600316020632     ,  2.9250739743924212E-002)   1.0000000000000000     
           2 ( -13.896857421343352     ,  2.0911773997851824E-002)   1.0000000000000000     
           2 ( -13.799157204224382     ,  1.3246325979977765E-002)   1.0000000000000000     
