   -1.000000     -1.000000
  1    1        0.00005328        0.00007528        0.00031012        0.00020601
   -1.000000      0.000000
  1    1        0.32949872        0.00032435       -0.00029886        0.00033524
   -1.000000      1.000000
  1    1       -0.00003462        0.00006894        0.00003931        0.00023578
   -1.000000      2.000000
  1    1       -0.09573392        0.00024975        0.00024098        0.00035122
    0.000000     -1.000000
  1    1        0.32994925        0.00022885        0.00049199        0.00036431
    0.000000      0.000000
  1    1        1.00000000        0.00000000        0.00013855        0.00021362
    0.000000      1.000000
  1    1        0.32994925        0.00022885       -0.00049199        0.00036431
    0.000000      2.000000
  1    1        0.00000000        0.00000000       -0.00038581        0.00026418
    1.000000     -1.000000
  1    1        0.00003462        0.00006894        0.00003931        0.00023578
    1.000000      0.000000
  1    1        0.32949872        0.00032435        0.00029886        0.00033524
    1.000000      1.000000
  1    1       -0.00005328        0.00007528        0.00031012        0.00020601
    1.000000      2.000000
  1    1       -0.09573392        0.00024975       -0.00024098        0.00035122
    2.000000     -1.000000
  1    1       -0.09551172        0.00029980       -0.00060748        0.00029271
    2.000000      0.000000
  1    1        0.00000000        0.00000000       -0.00037619        0.00024874
    2.000000      1.000000
  1    1       -0.09551172        0.00029980        0.00060748        0.00029271
    2.000000      2.000000
  1    1        0.00000000        0.00000000       -0.00012697        0.00022904
