   -1.570796     -1.570796
  1    1        1.00111924        0.00197189        0.00023199        0.00117705
   -1.570796      0.000000
  1    1        1.85080619        0.00056120        0.00021857        0.00029048
   -1.570796      1.570796
  1    1        0.99672137        0.00175672        0.00131519        0.00099964
   -1.570796      3.141593
  1    1        0.14896230        0.00036607        0.00029324        0.00030353
    0.000000     -1.570796
  1    1        1.85023429        0.00041861        0.00009934        0.00025542
    0.000000      0.000000
  1    1        1.93640467        0.00016429       -0.00005156        0.00014763
    0.000000      1.570796
  1    1        1.85069624        0.00053272        0.00045094        0.00037160
    0.000000      3.141593
  1    1        0.99865453        0.00207704       -0.00144928        0.00088707
    1.570796     -1.570796
  1    1        1.00327863        0.00175672        0.00131519        0.00099964
    1.570796      0.000000
  1    1        1.85103770        0.00036607        0.00029324        0.00030353
    1.570796      1.570796
  1    1        0.99888076        0.00197189        0.00023199        0.00117705
    1.570796      3.141593
  1    1        0.14919381        0.00056120        0.00021857        0.00029048
    3.141593     -1.570796
  1    1        0.14930376        0.00053272        0.00045094        0.00037160
    3.141593      0.000000
  1    1        1.00134547        0.00207704       -0.00144928        0.00088707
    3.141593      1.570796
  1    1        0.14976571        0.00041861        0.00009934        0.00025542
    3.141593      3.141593
  1    1        0.06359533        0.00016429       -0.00005156        0.00014763
