   1.0000000000000000                1          16
 (  0.0000000000000000     ,  0.0000000000000000     )
  -1.5707963267948966       -1.5707963267948966     
 (  1.0054542904521335     , -6.5777027439065452E-003)
  -1.5707963267948966        0.0000000000000000     
 (  1.8521476899021447     ,  8.0044513241735410E-004)
  -1.5707963267948966        1.5707963267948966     
 (  1.0086289682173635     , -3.2967482404129902E-003)
  -1.5707963267948966        3.1415926535897931     
 ( 0.14931671483369779     ,  5.2486988262846366E-005)
   0.0000000000000000       -1.5707963267948966     
 (  1.8509606420789244     , -3.4377275313599693E-004)
   0.0000000000000000        0.0000000000000000     
 (  1.9362614582343129     , -6.1071955583022648E-004)
   0.0000000000000000        1.5707963267948966     
 (  1.8505259248593879     ,  1.2000772757003941E-003)
   0.0000000000000000        3.1415926535897931     
 (  1.0053913990007521     , -2.3622900605049526E-003)
   1.5707963267948966       -1.5707963267948966     
 ( 0.99137103178263652     , -3.2967482404110751E-003)
   1.5707963267948966        0.0000000000000000     
 (  1.8506832851663026     ,  5.2486988262692843E-005)
   1.5707963267948966        1.5707963267948966     
 ( 0.99454570954786448     , -6.5777027439009664E-003)
   1.5707963267948966        3.1415926535897931     
 ( 0.14785231009785554     ,  8.0044513242278161E-004)
   3.1415926535897931       -1.5707963267948966     
 ( 0.14947407514061170     ,  1.2000772757037664E-003)
   3.1415926535897931        0.0000000000000000     
 ( 0.99460860099924409     , -2.3622900605049001E-003)
   3.1415926535897931        1.5707963267948966     
 ( 0.14903935792107387     , -3.4377275313417894E-004)
   3.1415926535897931        3.1415926535897931     
 (  6.3738541765694129E-002, -6.1071955582724991E-004)
   1.0000000000000000                1          16
 (  0.0000000000000000     ,  0.0000000000000000     )
  -1.5707963267948966       -1.5707963267948966     
 ( 0.99325901947092765     ,  2.1604509933850604E-003)
  -1.5707963267948966        0.0000000000000000     
 (  1.8524428497094956     ,  8.7988204001153945E-004)
  -1.5707963267948966        1.5707963267948966     
 ( 0.99069319860121330     ,  7.9336114296952136E-003)
  -1.5707963267948966        3.1415926535897931     
 ( 0.14605722476306301     , -1.3481004070052646E-003)
   0.0000000000000000       -1.5707963267948966     
 (  1.8521032068105214     , -2.0361648350412489E-003)
   0.0000000000000000        0.0000000000000000     
 (  1.9372231539142741     , -1.0254502247127413E-003)
   0.0000000000000000        1.5707963267948966     
 (  1.8524406949792036     ,  1.0027510478402028E-003)
   0.0000000000000000        3.1415926535897931     
 (  1.0035573833102602     , -3.4416857330209320E-003)
   1.5707963267948966       -1.5707963267948966     
 (  1.0093068013987858     ,  7.9336114297007647E-003)
   1.5707963267948966        0.0000000000000000     
 (  1.8539427752369377     , -1.3481004070046048E-003)
   1.5707963267948966        1.5707963267948966     
 (  1.0067409805290710     ,  2.1604509933882245E-003)
   1.5707963267948966        3.1415926535897931     
 ( 0.14755715029050528     ,  8.7988204000971322E-004)
   3.1415926535897931       -1.5707963267948966     
 ( 0.14755930502079609     ,  1.0027510478413547E-003)
   3.1415926535897931        0.0000000000000000     
 ( 0.99644261668973488     , -3.4416857330210361E-003)
   3.1415926535897931        1.5707963267948966     
 ( 0.14789679318947813     , -2.0361648350448154E-003)
   3.1415926535897931        3.1415926535897931     
 (  6.2776846085733765E-002, -1.0254502247141464E-003)
   1.0000000000000000                1          16
 (  0.0000000000000000     ,  0.0000000000000000     )
  -1.5707963267948966       -1.5707963267948966     
 ( 0.99283090665791141     , -3.5364568791790849E-003)
  -1.5707963267948966        0.0000000000000000     
 (  1.8479739639449506     , -3.1141192410673616E-004)
  -1.5707963267948966        1.5707963267948966     
 (  1.0063458078725025     , -1.2606875772955839E-003)
  -1.5707963267948966        3.1415926535897931     
 ( 0.14913639303142123     ,  1.7895139076229585E-003)
   0.0000000000000000       -1.5707963267948966     
 (  1.8489014259875118     ,  1.2249281248828136E-003)
   0.0000000000000000        0.0000000000000000     
 (  1.9370289722683283     ,  1.0016225700631640E-004)
   0.0000000000000000        1.5707963267948966     
 (  1.8511360986248184     ,  6.7782718455659504E-005)
   0.0000000000000000        3.1415926535897931     
 (  1.0008714689835616     ,  3.7931044348163260E-004)
   1.5707963267948966       -1.5707963267948966     
 ( 0.99365419212749662     , -1.2606875772997750E-003)
   1.5707963267948966        0.0000000000000000     
 (  1.8508636069685789     ,  1.7895139076259969E-003)
   1.5707963267948966        1.5707963267948966     
 (  1.0071690933420880     , -3.5364568791786130E-003)
   1.5707963267948966        3.1415926535897931     
 ( 0.15202603605505038     , -3.1141192410061519E-004)
   3.1415926535897931       -1.5707963267948966     
 ( 0.14886390137518291     ,  6.7782718460586118E-005)
   3.1415926535897931        0.0000000000000000     
 ( 0.99912853101643118     ,  3.7931044348708202E-004)
   3.1415926535897931        1.5707963267948966     
 ( 0.15109857401248655     ,  1.2249281248790805E-003)
   3.1415926535897931        3.1415926535897931     
 (  6.2971027731678994E-002,  1.0016225700788307E-004)
   1.0000000000000000                1          16
 (  0.0000000000000000     ,  0.0000000000000000     )
  -1.5707963267948966       -1.5707963267948966     
 ( 0.99680327323591200     , -4.6240974225677758E-004)
  -1.5707963267948966        0.0000000000000000     
 (  1.8504889008688832     , -6.3000046330136800E-004)
  -1.5707963267948966        1.5707963267948966     
 ( 0.99524435842383885     ,  3.6378649491128931E-003)
  -1.5707963267948966        3.1415926535897931     
 ( 0.14954690292657238     , -2.5302125068208605E-003)
   0.0000000000000000       -1.5707963267948966     
 (  1.8508044050754346     , -8.0309284689937858E-004)
   0.0000000000000000        0.0000000000000000     
 (  1.9360858625249799     ,  1.4280460900803311E-004)
   0.0000000000000000        1.5707963267948966     
 (  1.8519834127999399     ,  8.7589892463483762E-004)
   0.0000000000000000        3.1415926535897931     
 ( 0.98130692449094736     , -6.6009117576186979E-003)
   1.5707963267948966       -1.5707963267948966     
 (  1.0047556415761596     ,  3.6378649491065926E-003)
   1.5707963267948966        0.0000000000000000     
 (  1.8504530970734268     , -2.5302125068247410E-003)
   1.5707963267948966        1.5707963267948966     
 (  1.0031967267640811     , -4.6240974225741596E-004)
   1.5707963267948966        3.1415926535897931     
 ( 0.14951109913111718     , -6.3000046329987386E-004)
   3.1415926535897931       -1.5707963267948966     
 ( 0.14801658720005886     ,  8.7589892463913973E-004)
   3.1415926535897931        0.0000000000000000     
 (  1.0186930755090458     , -6.6009117576251216E-003)
   3.1415926535897931        1.5707963267948966     
 ( 0.14919559492456586     , -8.0309284690116881E-004)
   3.1415926535897931        3.1415926535897931     
 (  6.3914137475027652E-002,  1.4280460900985913E-004)
   1.0000000000000000                1          16
 (  0.0000000000000000     ,  0.0000000000000000     )
  -1.5707963267948966       -1.5707963267948966     
 (  1.0030206512222866     ,  1.3644887294679067E-003)
  -1.5707963267948966        0.0000000000000000     
 (  1.8526690991477097     ,  9.9500794452092220E-004)
  -1.5707963267948966        1.5707963267948966     
 ( 0.99513493080760518     , -2.0031371909315018E-003)
  -1.5707963267948966        3.1415926535897931     
 ( 0.14973128492924712     ,  2.5303552371011627E-004)
   0.0000000000000000       -1.5707963267948966     
 (  1.8519286025254078     ,  1.8515791137085832E-003)
   0.0000000000000000        0.0000000000000000     
 (  1.9377280394589111     , -7.6157311696504191E-004)
   0.0000000000000000        1.5707963267948966     
 (  1.8505881188552764     ,  1.4021384753748825E-003)
   0.0000000000000000        3.1415926535897931     
 (  1.0045377562951308     , -1.6740473615543144E-003)
   1.5707963267948966       -1.5707963267948966     
 (  1.0048650691923937     , -2.0031371909305581E-003)
   1.5707963267948966        0.0000000000000000     
 (  1.8502687150707553     ,  2.5303552371124167E-004)
   1.5707963267948966        1.5707963267948966     
 ( 0.99697934877771299     ,  1.3644887294748456E-003)
   1.5707963267948966        3.1415926535897931     
 ( 0.14733090085229053     ,  9.9500794452490405E-004)
   3.1415926535897931       -1.5707963267948966     
 ( 0.14941188114472215     ,  1.4021384753741331E-003)
   3.1415926535897931        0.0000000000000000     
 ( 0.99546224370486425     , -1.6740473615577804E-003)
   3.1415926535897931        1.5707963267948966     
 ( 0.14807139747459030     ,  1.8515791137103874E-003)
   3.1415926535897931        3.1415926535897931     
 (  6.2271960541097675E-002, -7.6157311696327650E-004)
   1.0000000000000000                1          16
 (  0.0000000000000000     ,  0.0000000000000000     )
  -1.5707963267948966       -1.5707963267948966     
 (  1.0134701897963792     , -3.3087305514819615E-004)
  -1.5707963267948966        0.0000000000000000     
 (  1.8509113928224390     ,  1.0488147259495257E-003)
  -1.5707963267948966        1.5707963267948966     
 ( 0.99832910254911378     ,  6.6778123353784568E-003)
  -1.5707963267948966        3.1415926535897931     
 ( 0.14536991539337599     ,  2.0341825135465103E-003)
   0.0000000000000000       -1.5707963267948966     
 (  1.8518987693056659     , -1.4316168815953676E-003)
   0.0000000000000000        0.0000000000000000     
 (  1.9349721818935397     ,  7.9711249718862035E-004)
   0.0000000000000000        1.5707963267948966     
 (  1.8471887910317186     ,  1.0317891093477666E-004)
   0.0000000000000000        3.1415926535897931     
 ( 0.98959470170558061     , -1.5133913482024007E-003)
   1.5707963267948966       -1.5707963267948966     
 (  1.0016708974508832     ,  6.6778123353691309E-003)
   1.5707963267948966        0.0000000000000000     
 (  1.8546300846066297     ,  2.0341825135428001E-003)
   1.5707963267948966        1.5707963267948966     
 ( 0.98652981020361774     , -3.3087305514675286E-004)
   1.5707963267948966        3.1415926535897931     
 ( 0.14908860717756264     ,  1.0488147259495723E-003)
   3.1415926535897931       -1.5707963267948966     
 ( 0.15281120896827710     ,  1.0317891092879533E-004)
   3.1415926535897931        0.0000000000000000     
 (  1.0104052982944189     , -1.5133913482013165E-003)
   3.1415926535897931        1.5707963267948966     
 ( 0.14810123069432751     , -1.4316168815947431E-003)
   3.1415926535897931        3.1415926535897931     
 (  6.5027818106469876E-002,  7.9711249718736636E-004)
   1.0000000000000000                1          16
 (  0.0000000000000000     ,  0.0000000000000000     )
  -1.5707963267948966       -1.5707963267948966     
 (  1.0072468002229735     ,  2.5675529656328903E-003)
  -1.5707963267948966        0.0000000000000000     
 (  1.8475711606472394     , -3.0120768829354429E-004)
  -1.5707963267948966        1.5707963267948966     
 ( 0.99856946874158248     ,  4.2869968654082706E-003)
  -1.5707963267948966        3.1415926535897931     
 ( 0.15085980029561299     ,  1.2839227494988396E-003)
   0.0000000000000000       -1.5707963267948966     
 (  1.8496189242713723     ,  1.0378711031202340E-003)
   0.0000000000000000        0.0000000000000000     
 (  1.9360169307866282     , -3.9940095963355280E-004)
   0.0000000000000000        1.5707963267948966     
 (  1.8533374230955455     ,  1.6773245319928640E-003)
   0.0000000000000000        3.1415926535897931     
 ( 0.98920238025903950     , -8.1589213267029732E-003)
   1.5707963267948966       -1.5707963267948966     
 (  1.0014305312584186     ,  4.2869968654054395E-003)
   1.5707963267948966        0.0000000000000000     
 (  1.8491401997043881     ,  1.2839227495044288E-003)
   1.5707963267948966        1.5707963267948966     
 ( 0.99275319977702559     ,  2.5675529656371092E-003)
   1.5707963267948966        3.1415926535897931     
 ( 0.15242883935276189     , -3.0120768830185318E-004)
   3.1415926535897931       -1.5707963267948966     
 ( 0.14666257690445367     ,  1.6773245319828443E-003)
   3.1415926535897931        0.0000000000000000     
 (  1.0107976197409565     , -8.1589213267026610E-003)
   3.1415926535897931        1.5707963267948966     
 ( 0.15038107572862675     ,  1.0378711031160291E-003)
   3.1415926535897931        3.1415926535897931     
 (  6.3983069213378707E-002, -3.9940095964167478E-004)
   1.0000000000000000                1          16
 (  0.0000000000000000     ,  0.0000000000000000     )
  -1.5707963267948966       -1.5707963267948966     
 ( 0.99089605129306113     , -1.0252528656002222E-002)
  -1.5707963267948966        0.0000000000000000     
 (  1.8507257462028968     , -5.3659809758112764E-004)
  -1.5707963267948966        1.5707963267948966     
 (  1.0043703507065780     ,  7.4002266162428035E-003)
  -1.5707963267948966        3.1415926535897931     
 ( 0.14861623838181817     ,  1.6129458081779852E-003)
   0.0000000000000000       -1.5707963267948966     
 (  1.8495683884708225     , -2.1313989884296023E-004)
   0.0000000000000000        0.0000000000000000     
 (  1.9372244468211262     , -7.7765268910757340E-004)
   0.0000000000000000        1.5707963267948966     
 (  1.8543436964769431     , -1.8890747532848149E-003)
   0.0000000000000000        3.1415926535897931     
 (  1.0014428740360297     ,  4.3345356069753895E-004)
   1.5707963267948966       -1.5707963267948966     
 ( 0.99562964929342079     ,  7.4002266162426092E-003)
   1.5707963267948966        0.0000000000000000     
 (  1.8513837616181814     ,  1.6129458081825814E-003)
   1.5707963267948966        1.5707963267948966     
 (  1.0091039487069369     , -1.0252528656006524E-002)
   1.5707963267948966        3.1415926535897931     
 ( 0.14927425379710371     , -5.3659809758344783E-004)
   3.1415926535897931       -1.5707963267948966     
 ( 0.14565630352305653     , -1.8890747532874655E-003)
   3.1415926535897931        0.0000000000000000     
 ( 0.99855712596396728     ,  4.3345356069697083E-004)
   3.1415926535897931        1.5707963267948966     
 ( 0.15043161152917683     , -2.1313989884683214E-004)
   3.1415926535897931        3.1415926535897931     
 (  6.2775553178882462E-002, -7.7765268911133688E-004)
   1.0000000000000000                1          16
 (  0.0000000000000000     ,  0.0000000000000000     )
  -1.5707963267948966       -1.5707963267948966     
 (  1.0070518197923142     , -2.4667219362211521E-003)
  -1.5707963267948966        0.0000000000000000     
 (  1.8534575669869584     , -1.0552099329811551E-003)
  -1.5707963267948966        1.5707963267948966     
 (  1.0018276530689063     , -2.5205388805305449E-003)
  -1.5707963267948966        3.1415926535897931     
 ( 0.14849933646566887     , -8.6404658919416811E-004)
   0.0000000000000000       -1.5707963267948966     
 (  1.8522957486247542     ,  7.2269275743625438E-004)
   0.0000000000000000        0.0000000000000000     
 (  1.9362481096773472     , -1.9554583505551929E-004)
   0.0000000000000000        1.5707963267948966     
 (  1.8528005056358134     ,  4.9084570068010569E-004)
   0.0000000000000000        3.1415926535897931     
 ( 0.99929411860712114     , -3.4164687561917843E-003)
   1.5707963267948966       -1.5707963267948966     
 ( 0.99817234693109247     , -2.5205388805348470E-003)
   1.5707963267948966        0.0000000000000000     
 (  1.8515006635343316     , -8.6404658919966631E-004)
   1.5707963267948966        1.5707963267948966     
 ( 0.99294818020768405     , -2.4667219362236223E-003)
   1.5707963267948966        3.1415926535897931     
 ( 0.14654243301304060     , -1.0552099329795427E-003)
   3.1415926535897931       -1.5707963267948966     
 ( 0.14719949436418509     ,  4.9084570068211797E-004)
   3.1415926535897931        0.0000000000000000     
 (  1.0007058813928773     , -3.4164687561927757E-003)
   3.1415926535897931        1.5707963267948966     
 ( 0.14770425137524462     ,  7.2269275744133365E-004)
   3.1415926535897931        3.1415926535897931     
 (  6.3751890322660099E-002, -1.9554583505209863E-004)
   1.0000000000000000                1          16
 (  0.0000000000000000     ,  0.0000000000000000     )
  -1.5707963267948966       -1.5707963267948966     
 ( 0.99060186398662609     , -2.6065076736534161E-003)
  -1.5707963267948966        0.0000000000000000     
 (  1.8541665986417892     , -1.3294165099480204E-004)
  -1.5707963267948966        1.5707963267948966     
 (  1.0041748344318624     ,  1.7834980867283716E-003)
  -1.5707963267948966        3.1415926535897931     
 ( 0.14908664894929838     ,  1.8715263471502023E-004)
   0.0000000000000000       -1.5707963267948966     
 (  1.8519003792346120     ,  1.2855977467921527E-003)
   0.0000000000000000        0.0000000000000000     
 (  1.9372606687687253     ,  6.8176404971654410E-004)
   0.0000000000000000        1.5707963267948966     
 (  1.8531415079405542     , -7.9177508238777432E-004)
   0.0000000000000000        3.1415926535897931     
 (  1.0124973409373927     ,  3.0433913056015435E-003)
   1.5707963267948966       -1.5707963267948966     
 ( 0.99582516556813594     ,  1.7834980867226262E-003)
   1.5707963267948966        0.0000000000000000     
 (  1.8509133510507016     ,  1.8715263471522211E-004)
   1.5707963267948966        1.5707963267948966     
 (  1.0093981360133712     , -2.6065076736599942E-003)
   1.5707963267948966        3.1415926535897931     
 ( 0.14583340135821052     , -1.3294165100310898E-004)
   3.1415926535897931       -1.5707963267948966     
 ( 0.14685849205944654     , -7.9177508239304788E-004)
   3.1415926535897931        0.0000000000000000     
 ( 0.98750265906260326     ,  3.0433913056032739E-003)
   3.1415926535897931        1.5707963267948966     
 ( 0.14809962076538880     ,  1.2855977467877257E-003)
   3.1415926535897931        3.1415926535897931     
 (  6.2739331231282142E-002,  6.8176404971219233E-004)
   1.0000000000000000                1          16
 (  0.0000000000000000     ,  0.0000000000000000     )
  -1.5707963267948966       -1.5707963267948966     
 (  1.0025847538418087     ,  5.9348500865957117E-003)
  -1.5707963267948966        0.0000000000000000     
 (  1.8532561623570922     ,  1.6852101587098846E-003)
  -1.5707963267948966        1.5707963267948966     
 ( 0.98123941270126125     ,  1.1891805129021940E-003)
  -1.5707963267948966        3.1415926535897931     
 ( 0.14895064111333708     , -3.1844756973550695E-004)
   0.0000000000000000       -1.5707963267948966     
 (  1.8484803443040940     ,  1.5354205726179597E-004)
   0.0000000000000000        0.0000000000000000     
 (  1.9367135076164583     ,  6.1119272510868966E-004)
   0.0000000000000000        1.5707963267948966     
 (  1.8492137795693235     ,  1.5876247932551627E-003)
   0.0000000000000000        3.1415926535897931     
 (  1.0059304685546901     , -5.1458277599351274E-003)
   1.5707963267948966       -1.5707963267948966     
 (  1.0187605872987380     ,  1.1891805128963376E-003)
   1.5707963267948966        0.0000000000000000     
 (  1.8510493588866632     , -3.1844756973564226E-004)
   1.5707963267948966        1.5707963267948966     
 ( 0.99741524615818900     ,  5.9348500865995142E-003)
   1.5707963267948966        3.1415926535897931     
 ( 0.14674383764290796     ,  1.6852101587059663E-003)
   3.1415926535897931       -1.5707963267948966     
 ( 0.15078622043067558     ,  1.5876247932516932E-003)
   3.1415926535897931        0.0000000000000000     
 ( 0.99406953144530774     , -5.1458277599332487E-003)
   3.1415926535897931        1.5707963267948966     
 ( 0.15151965569590528     ,  1.5354205726167107E-004)
   3.1415926535897931        3.1415926535897931     
 (  6.3286492383549775E-002,  6.1119272510619859E-004)
   1.0000000000000000                1          16
 (  0.0000000000000000     ,  0.0000000000000000     )
  -1.5707963267948966       -1.5707963267948966     
 (  1.0067718981797507     ,  3.3568367910127928E-003)
  -1.5707963267948966        0.0000000000000000     
 (  1.8511951634617057     , -1.3982536110621532E-004)
  -1.5707963267948966        1.5707963267948966     
 (  1.0021685885431513     , -3.6899314341790534E-003)
  -1.5707963267948966        3.1415926535897931     
 ( 0.14740884472059079     , -1.5375507845108633E-003)
   0.0000000000000000       -1.5707963267948966     
 (  1.8510837527606721     ,  4.4557935100033382E-004)
   0.0000000000000000        0.0000000000000000     
 (  1.9359569238698637     , -4.8462327992302291E-004)
   0.0000000000000000        1.5707963267948966     
 (  1.8490249858848737     , -1.5642404038815692E-003)
   0.0000000000000000        3.1415926535897931     
 ( 0.99456498176449182     , -2.7422211044571734E-003)
   1.5707963267948966       -1.5707963267948966     
 ( 0.99783141145684828     , -3.6899314341806632E-003)
   1.5707963267948966        0.0000000000000000     
 (  1.8525911552794097     , -1.5375507845188788E-003)
   1.5707963267948966        1.5707963267948966     
 ( 0.99322810182024723     ,  3.3568367910108499E-003)
   1.5707963267948966        3.1415926535897931     
 ( 0.14880483653829318     , -1.3982536110796978E-004)
   3.1415926535897931       -1.5707963267948966     
 ( 0.15097501411512498     , -1.5642404038794181E-003)
   3.1415926535897931        0.0000000000000000     
 (  1.0054350182355063     , -2.7422211044594168E-003)
   3.1415926535897931        1.5707963267948966     
 ( 0.14891624723932628     ,  4.4557935100459430E-004)
   3.1415926535897931        3.1415926535897931     
 (  6.4043076130144233E-002, -4.8462327991957374E-004)
   1.0000000000000000                1          16
 (  0.0000000000000000     ,  0.0000000000000000     )
  -1.5707963267948966       -1.5707963267948966     
 (  1.0051775178630935     ,  2.7843709574186743E-004)
  -1.5707963267948966        0.0000000000000000     
 (  1.8497639814773357     , -4.2939341144437068E-004)
  -1.5707963267948966        1.5707963267948966     
 (  1.0017658236105809     ,  1.7546515954735991E-003)
  -1.5707963267948966        3.1415926535897931     
 ( 0.15000883463797166     ,  6.7084644768829020E-004)
   0.0000000000000000       -1.5707963267948966     
 (  1.8486971384764699     , -4.9556546734514035E-004)
   0.0000000000000000        0.0000000000000000     
 (  1.9359764259867738     , -2.7299748566149461E-004)
   0.0000000000000000        1.5707963267948966     
 (  1.8493628745097350     ,  1.5369759831666391E-003)
   0.0000000000000000        3.1415926535897931     
 ( 0.99406544557631626     ,  5.8532674281749041E-003)
   1.5707963267948966       -1.5707963267948966     
 ( 0.99823417638941847     ,  1.7546515954713509E-003)
   1.5707963267948966        0.0000000000000000     
 (  1.8499911653620289     ,  6.7084644768991477E-004)
   1.5707963267948966        1.5707963267948966     
 ( 0.99482248213690394     ,  2.7843709574639159E-004)
   1.5707963267948966        3.1415926535897931     
 ( 0.15023601852266405     , -4.2939341144516215E-004)
   3.1415926535897931       -1.5707963267948966     
 ( 0.15063712549026353     ,  1.5369759831652652E-003)
   3.1415926535897931        0.0000000000000000     
 (  1.0059345544236831     ,  5.8532674281757419E-003)
   3.1415926535897931        1.5707963267948966     
 ( 0.15130286152353165     , -4.9556546734751345E-004)
   3.1415926535897931        3.1415926535897931     
 (  6.4023574013233941E-002, -2.7299748566301314E-004)
   1.0000000000000000                1          16
 (  0.0000000000000000     ,  0.0000000000000000     )
  -1.5707963267948966       -1.5707963267948966     
 ( 0.98879361155943646     ,  8.1602681974022127E-003)
  -1.5707963267948966        0.0000000000000000     
 (  1.8477421145109649     , -1.0474437240393048E-003)
  -1.5707963267948966        1.5707963267948966     
 ( 0.98005676805884789     ,  1.0085410996409758E-002)
  -1.5707963267948966        3.1415926535897931     
 ( 0.14935588804033162     ,  6.9868657763583284E-004)
   0.0000000000000000       -1.5707963267948966     
 (  1.8517558217890666     , -7.7255938680206382E-004)
   0.0000000000000000        0.0000000000000000     
 (  1.9372388160296230     , -1.0868070506166948E-003)
   0.0000000000000000        1.5707963267948966     
 (  1.8488702025353876     ,  1.6604679812554693E-003)
   0.0000000000000000        3.1415926535897931     
 (  1.0073819450833950     ,  2.5139216138681583E-004)
   1.5707963267948966       -1.5707963267948966     
 (  1.0199432319411512     ,  1.0085410996412339E-002)
   1.5707963267948966        0.0000000000000000     
 (  1.8506441119596684     ,  6.9868657764193473E-004)
   1.5707963267948966        1.5707963267948966     
 (  1.0112063884405615     ,  8.1602681974041833E-003)
   1.5707963267948966        3.1415926535897931     
 ( 0.15225788548903474     , -1.0474437240326389E-003)
   3.1415926535897931       -1.5707963267948966     
 ( 0.15112979746461119     ,  1.6604679812600213E-003)
   3.1415926535897931        0.0000000000000000     
 ( 0.99261805491660426     ,  2.5139216138752663E-004)
   3.1415926535897931        1.5707963267948966     
 ( 0.14824417821093241     , -7.7255938680750392E-004)
   3.1415926535897931        3.1415926535897931     
 (  6.2761183970384549E-002, -1.0868070506168913E-003)
   1.0000000000000000                1          16
 (  0.0000000000000000     ,  0.0000000000000000     )
  -1.5707963267948966       -1.5707963267948966     
 (  1.0098666745933771     , -2.6064069680809439E-003)
  -1.5707963267948966        0.0000000000000000     
 (  1.8502819000613606     ,  6.9200272919995340E-004)
  -1.5707963267948966        1.5707963267948966     
 ( 0.99281825806744306     ,  4.2046451737058170E-003)
  -1.5707963267948966        3.1415926535897931     
 ( 0.15147108094671982     ,  6.1111162702671387E-004)
   0.0000000000000000       -1.5707963267948966     
 (  1.8483315936857641     , -1.4245370871365760E-003)
   0.0000000000000000        0.0000000000000000     
 (  1.9361234807793257     , -2.4345111202290918E-005)
   0.0000000000000000        1.5707963267948966     
 (  1.8476353898225275     , -3.8864915297441246E-004)
   0.0000000000000000        3.1415926535897931     
 ( 0.98821372679997987     , -6.5077133231159290E-003)
   1.5707963267948966       -1.5707963267948966     
 (  1.0071817419325566     ,  4.2046451737126171E-003)
   1.5707963267948966        0.0000000000000000     
 (  1.8485289190532810     ,  6.1111162702770223E-004)
   1.5707963267948966        1.5707963267948966     
 ( 0.99013332540661891     , -2.6064069680838027E-003)
   1.5707963267948966        3.1415926535897931     
 ( 0.14971809993864008     ,  6.9200272920157515E-004)
   3.1415926535897931       -1.5707963267948966     
 ( 0.15236461017747147     , -3.8864915297083199E-004)
   3.1415926535897931        0.0000000000000000     
 (  1.0117862732000176     , -6.5077133231160366E-003)
   3.1415926535897931        1.5707963267948966     
 ( 0.15166840631423481     , -1.4245370871402258E-003)
   3.1415926535897931        3.1415926535897931     
 (  6.3876519220681258E-002, -2.4345111202288315E-005)
   1.0000000000000000                1          16
 (  0.0000000000000000     ,  0.0000000000000000     )
  -1.5707963267948966       -1.5707963267948966     
 ( 0.98849747974197866     , -5.5146344775866274E-003)
  -1.5707963267948966        0.0000000000000000     
 (  1.8518527131651621     ,  5.1139184234009561E-004)
  -1.5707963267948966        1.5707963267948966     
 ( 0.99906227524366087     , -1.0901955882466853E-004)
  -1.5707963267948966        3.1415926535897931     
 ( 0.14975363073487402     ,  5.6340698583665560E-004)
   0.0000000000000000       -1.5707963267948966     
 (  1.8506845989451157     ,  1.1408715969832279E-003)
   0.0000000000000000        0.0000000000000000     
 (  1.9360618481284282     , -4.1563614311818748E-005)
   0.0000000000000000        1.5707963267948966     
 (  1.8528331581895501     , -6.9193472726086823E-004)
   0.0000000000000000        3.1415926535897931     
 (  1.0098362038220903     ,  1.1488030714884652E-003)
   1.5707963267948966       -1.5707963267948966     
 (  1.0009377247563347     , -1.0901955883024740E-004)
   1.5707963267948966        0.0000000000000000     
 (  1.8502463692651254     ,  5.6340698584211998E-004)
   1.5707963267948966        1.5707963267948966     
 (  1.0115025202580208     , -5.5146344775822698E-003)
   1.5707963267948966        3.1415926535897931     
 ( 0.14814728683483852     ,  5.1139184233507532E-004)
   3.1415926535897931       -1.5707963267948966     
 ( 0.14716684181045001     , -6.9193472726666915E-004)
   3.1415926535897931        0.0000000000000000     
 ( 0.99016379617790728     ,  1.1488030714861452E-003)
   3.1415926535897931        1.5707963267948966     
 ( 0.14931540105488400     ,  1.1408715969795920E-003)
   3.1415926535897931        3.1415926535897931     
 (  6.3938151871579071E-002, -4.1563614317654141E-005)
   1.0000000000000000                1          16
 (  0.0000000000000000     ,  0.0000000000000000     )
  -1.5707963267948966       -1.5707963267948966     
 (  1.0026868750476259     , -2.9450370872796971E-003)
  -1.5707963267948966        0.0000000000000000     
 (  1.8490989927045980     ,  2.3093943526834877E-003)
  -1.5707963267948966        1.5707963267948966     
 ( 0.99371746030888952     , -5.3585367112747879E-003)
  -1.5707963267948966        3.1415926535897931     
 ( 0.14928023433177656     , -7.4725783887846006E-004)
   0.0000000000000000       -1.5707963267948966     
 (  1.8482981888352448     ,  8.2588084791199385E-004)
   0.0000000000000000        0.0000000000000000     
 (  1.9363043826704049     , -7.9333509233613076E-004)
   0.0000000000000000        1.5707963267948966     
 (  1.8500627558479179     ,  7.2974578548289310E-004)
   0.0000000000000000        3.1415926535897931     
 (  1.0021497547472529     , -4.8478900816881481E-004)
   1.5707963267948966       -1.5707963267948966     
 (  1.0062825396911088     , -5.3585367112726785E-003)
   1.5707963267948966        0.0000000000000000     
 (  1.8507197656682244     , -7.4725783887822500E-004)
   1.5707963267948966        1.5707963267948966     
 ( 0.99731312495237057     , -2.9450370872779207E-003)
   1.5707963267948966        3.1415926535897931     
 ( 0.15090100729540323     ,  2.3093943526795889E-003)
   3.1415926535897931       -1.5707963267948966     
 ( 0.14993724415208232     ,  7.2974578548178287E-004)
   3.1415926535897931        0.0000000000000000     
 ( 0.99785024525274424     , -4.8478900816891586E-004)
   3.1415926535897931        1.5707963267948966     
 ( 0.15170181116475262     ,  8.2588084791086975E-004)
   3.1415926535897931        3.1415926535897931     
 (  6.3695617329602758E-002, -7.9333509233688992E-004)
   1.0000000000000000                1          16
 (  0.0000000000000000     ,  0.0000000000000000     )
  -1.5707963267948966       -1.5707963267948966     
 ( 0.99623971230806629     , -4.3656507953353284E-004)
  -1.5707963267948966        0.0000000000000000     
 (  1.8547534111424271     ,  2.9982403725475437E-003)
  -1.5707963267948966        1.5707963267948966     
 ( 0.99023042987862220     , -1.0696030880943817E-003)
  -1.5707963267948966        3.1415926535897931     
 ( 0.14579274428944669     ,  1.3479777505826010E-003)
   0.0000000000000000       -1.5707963267948966     
 (  1.8529638494452341     , -5.1134237678966644E-004)
   0.0000000000000000        0.0000000000000000     
 (  1.9364970446489898     ,  1.7105083723800024E-004)
   0.0000000000000000        1.5707963267948966     
 (  1.8526975520219251     ,  1.8983899217281668E-003)
   0.0000000000000000        3.1415926535897931     
 (  1.0040952903741891     ,  2.9145365982992124E-003)
   1.5707963267948966       -1.5707963267948966     
 (  1.0097695701213774     , -1.0696030880987116E-003)
   1.5707963267948966        0.0000000000000000     
 (  1.8542072557105524     ,  1.3479777505846244E-003)
   1.5707963267948966        1.5707963267948966     
 (  1.0037602876919307     , -4.3656507952598332E-004)
   1.5707963267948966        3.1415926535897931     
 ( 0.14524658885757333     ,  2.9982403725472965E-003)
   3.1415926535897931       -1.5707963267948966     
 ( 0.14730244797807415     ,  1.8983899217278753E-003)
   3.1415926535897931        0.0000000000000000     
 ( 0.99590470962580790     ,  2.9145365983001348E-003)
   3.1415926535897931        1.5707963267948966     
 ( 0.14703615055476441     , -5.1134237678972195E-004)
   3.1415926535897931        3.1415926535897931     
 (  6.3502955351017881E-002,  1.7105083723717234E-004)
   1.0000000000000000                1          16
 (  0.0000000000000000     ,  0.0000000000000000     )
  -1.5707963267948966       -1.5707963267948966     
 (  1.0065996416318972     ,  4.6673120309713911E-003)
  -1.5707963267948966        0.0000000000000000     
 (  1.8471104543504044     , -1.3433989824994177E-003)
  -1.5707963267948966        1.5707963267948966     
 ( 0.99864757609947008     , -2.3348130042038307E-003)
  -1.5707963267948966        3.1415926535897931     
 ( 0.14936718128558665     ,  1.3033118823159392E-003)
   0.0000000000000000       -1.5707963267948966     
 (  1.8468358204928099     ,  3.7393594982255371E-004)
   0.0000000000000000        0.0000000000000000     
 (  1.9361129689695440     ,  3.0265215532735156E-004)
   0.0000000000000000        1.5707963267948966     
 (  1.8477464913090738     ,  3.6826480344919416E-003)
   0.0000000000000000        3.1415926535897931     
 ( 0.98943520847471256     , -1.4237045667740652E-003)
   1.5707963267948966       -1.5707963267948966     
 (  1.0013524239005276     , -2.3348130042028870E-003)
   1.5707963267948966        0.0000000000000000     
 (  1.8506328187144139     ,  1.3033118823076563E-003)
   1.5707963267948966        1.5707963267948966     
 ( 0.99340035836810137     ,  4.6673120309631754E-003)
   1.5707963267948966        3.1415926535897931     
 ( 0.15288954564959625     , -1.3433989825029585E-003)
   3.1415926535897931       -1.5707963267948966     
 ( 0.15225350869092663     ,  3.6826480344940233E-003)
   3.1415926535897931        0.0000000000000000     
 (  1.0105647915252849     , -1.4237045667735962E-003)
   3.1415926535897931        1.5707963267948966     
 ( 0.15316417950718897     ,  3.7393594982402476E-004)
   3.1415926535897931        3.1415926535897931     
 (  6.3887031030463837E-002,  3.0265215532956279E-004)
   1.0000000000000000                1          16
 (  0.0000000000000000     ,  0.0000000000000000     )
  -1.5707963267948966       -1.5707963267948966     
 (  1.0110066804151971     ,  9.0041473551919198E-003)
  -1.5707963267948966        0.0000000000000000     
 (  1.8514921373747022     , -3.7837796281536547E-004)
  -1.5707963267948966        1.5707963267948966     
 ( 0.99728160771713148     ,  9.9937534722263415E-004)
  -1.5707963267948966        3.1415926535897931     
 ( 0.14908581779922567     , -1.0803284028138062E-003)
   0.0000000000000000       -1.5707963267948966     
 (  1.8501694587598532     , -1.6225745845028900E-003)
   0.0000000000000000        0.0000000000000000     
 (  1.9357334744716499     ,  1.1029700596921971E-003)
   0.0000000000000000        1.5707963267948966     
 (  1.8505654865284002     , -2.2703510128126970E-003)
   0.0000000000000000        3.1415926535897931     
 (  1.0013609328303004     , -2.4432793041316131E-003)
   1.5707963267948966       -1.5707963267948966     
 (  1.0027183922828680     ,  9.9937534721841531E-004)
   1.5707963267948966        0.0000000000000000     
 (  1.8509141822007733     , -1.0803284028114482E-003)
   1.5707963267948966        1.5707963267948966     
 ( 0.98899331958480041     ,  9.0041473551866463E-003)
   1.5707963267948966        3.1415926535897931     
 ( 0.14850786262529905     , -3.7837796281944423E-004)
   3.1415926535897931       -1.5707963267948966     
 ( 0.14943451347159958     , -2.2703510128151117E-003)
   3.1415926535897931        0.0000000000000000     
 ( 0.99863906716969519     , -2.4432793041327034E-003)
   3.1415926535897931        1.5707963267948966     
 ( 0.14983054124014636     , -1.6225745845069007E-003)
   3.1415926535897931        3.1415926535897931     
 (  6.4266525528358140E-002,  1.1029700596878523E-003)
