           2 ( -21.107361833901745     ,  3.3829335297489626E-014)   1.0000000000000000     
           2 ( -21.141503338259032     , -1.6451194157515825E-014)   1.0000000000000000     
           2 ( -21.091732160249485     ,  1.4913908094227324E-014)   1.0000000000000000     
           2 ( -21.103606163471063     ,  2.3288478561808732E-014)   1.0000000000000000     
           2 ( -21.123642458068126     ,  1.4962716202600433E-014)   1.0000000000000000     
           2 ( -21.098293606214348     , -5.5185656564620614E-015)   1.0000000000000000     
           2 ( -21.086806277167621     , -9.1133357164547556E-014)   1.0000000000000000     
           2 ( -21.121881945644731     , -4.1412505136133531E-014)   1.0000000000000000     
           2 ( -21.130202816545292     ,  4.2845478595017581E-014)   1.0000000000000000     
           2 ( -21.138572697620209     , -5.2596704385091770E-014)   1.0000000000000000     
           2 ( -21.101706641400479     , -2.2423172410849097E-014)   1.0000000000000000     
           2 ( -21.103235620505753     ,  3.9000416067326450E-014)   1.0000000000000000     
           2 ( -21.079072047196288     , -1.9501025458933337E-014)   1.0000000000000000     
           2 ( -21.093959531416530     , -1.6992500142106586E-016)   1.0000000000000000     
           2 ( -21.068099056726080     , -8.2463771207669580E-016)   1.0000000000000000     
           2 ( -21.110962143287704     , -6.5029999074980720E-014)   1.0000000000000000     
           2 ( -21.083153873587229     , -1.6528809207631096E-014)   1.0000000000000000     
           2 ( -21.150464630472428     , -9.0375400880485535E-015)   1.0000000000000000     
           2 ( -21.058206091222289     ,  2.5133151232169748E-014)   1.0000000000000000     
           2 ( -21.098432855228996     , -3.8279360110416505E-014)   1.0000000000000000     
