           2 (  16.000000000000000     , -2.2276447914803873E-002)   1.0000000000000000     
           2 (  15.999999999999998     ,  8.2505886223074969E-003)   1.0000000000000000     
           2 (  16.000000000000000     , -3.0937178582504123E-003)   1.0000000000000000     
           2 (  15.999999999999991     , -1.2740117668293627E-002)   1.0000000000000000     
           2 (  16.000000000000000     ,  2.8549842346766961E-003)   1.0000000000000000     
           2 (  16.000000000000000     ,  1.4770439396086426E-002)   1.0000000000000000     
           2 (  16.000000000000004     ,  3.9882764820226421E-003)   1.0000000000000000     
           2 (  16.000000000000000     , -8.4447362194136500E-003)   1.0000000000000000     
           2 (  16.000000000000000     , -1.8609986944117349E-002)   1.0000000000000000     
           2 (  16.000000000000000     ,  6.9003588330027003E-003)   1.0000000000000000     
           2 (  16.000000000000000     ,  1.1394650008314879E-002)   1.0000000000000000     
           2 (  16.000000000000000     , -1.2711952452095747E-002)   1.0000000000000000     
           2 (  16.000000000000004     ,  1.7792444371586363E-002)   1.0000000000000000     
           2 (  16.000000000000000     ,  3.5898831505281482E-002)   1.0000000000000000     
           2 (  16.000000000000000     , -1.0887784225149242E-002)   1.0000000000000000     
           2 (  16.000000000000000     , -5.9853577626889209E-003)   1.0000000000000000     
           2 (  15.999999999999998     , -1.2927869503722206E-002)   1.0000000000000000     
           2 (  16.000000000000000     ,  1.4625369871960531E-002)   1.0000000000000000     
           2 (  16.000000000000000     ,  1.0455886998890888E-002)   1.0000000000000000     
           2 (  15.999999999999998     ,  6.6231629900378721E-003)   1.0000000000000000     
