           2 (  7.2120203713053534     , -4.4552895829554608E-002)   1.0000000000000000     
           2 (  7.0661457463028681     ,  1.6501177244577826E-002)   1.0000000000000000     
           2 (  6.6780142664913109     , -6.1874357164913270E-003)   1.0000000000000000     
           2 (  7.3180188560443087     , -2.5480235336585784E-002)   1.0000000000000000     
           2 (  7.1800765751747244     ,  5.7099684693851308E-003)   1.0000000000000000     
           2 (  6.8331671483700758     ,  2.9540878792137570E-002)   1.0000000000000000     
           2 (  7.3126759945095072     ,  7.9765529639400107E-003)   1.0000000000000000     
           2 (  7.3350569534516650     , -1.6889472438859392E-002)   1.0000000000000000     
           2 (  7.5179757706489507     , -3.7219973888182614E-002)   1.0000000000000000     
           2 (  7.5138432792385927     ,  1.3800717665928781E-002)   1.0000000000000000     
           2 (  7.3425873049588093     ,  2.2789300016608872E-002)   1.0000000000000000     
           2 (  7.3707753344633060     , -2.5423904904148639E-002)   1.0000000000000000     
           2 (  7.3371319116349873     ,  3.5584888743145922E-002)   1.0000000000000000     
           2 (  7.4061510250743154     ,  7.1797663010560023E-002)   1.0000000000000000     
           2 (  7.0327330528974095     , -2.1775568450294332E-002)   1.0000000000000000     
           2 (  7.2347065321631430     , -1.1970715525450214E-002)   1.0000000000000000     
           2 (  7.2975245368171127     , -2.5855739007458488E-002)   1.0000000000000000     
           2 (  7.2898643144516333     ,  2.9250739743933232E-002)   1.0000000000000000     
           2 (  7.1613486698791453     ,  2.0911773997826833E-002)   1.0000000000000000     
           2 (  7.2992756510045274     ,  1.3246325980015855E-002)   1.0000000000000000     
