   -1.000000     -1.000000
  1    1        0.14896768        0.00081680        0.00000000        0.00000000
   -1.000000      0.000000
  1    1       -0.26509833        0.00077021       -0.00000000        0.00000000
   -1.000000      1.000000
  1    1        0.14907561        0.00073853        0.00000000        0.00000000
   -1.000000      2.000000
  1    1       -0.16898184        0.00073611       -0.00000000        0.00000000
    0.000000     -1.000000
  1    1       -0.26643987        0.00122824       -0.00000000        0.00000000
    0.000000      0.000000
  1    1        0.77350533        0.00162311        0.00000000        0.00000000
    0.000000      1.000000
  1    1       -0.26643987        0.00122824       -0.00000000        0.00000000
    0.000000      2.000000
  1    1        0.14925113        0.00103746        0.00000000        0.00000000
    1.000000     -1.000000
  1    1        0.14907561        0.00073853        0.00000000        0.00000000
    1.000000      0.000000
  1    1       -0.26509833        0.00077021       -0.00000000        0.00000000
    1.000000      1.000000
  1    1        0.14896768        0.00081680        0.00000000        0.00000000
    1.000000      2.000000
  1    1       -0.16898184        0.00073611       -0.00000000        0.00000000
    2.000000     -1.000000
  1    1       -0.16858485        0.00064732       -0.00000000        0.00000000
    2.000000      0.000000
  1    1        0.14830096        0.00057324        0.00000000        0.00000000
    2.000000      1.000000
  1    1       -0.16858485        0.00064732       -0.00000000        0.00000000
    2.000000      2.000000
  1    1        0.15299101        0.00061523        0.00000000        0.00000000
