   1.0000000000000000                1          16
 (  0.0000000000000000     ,  0.0000000000000000     )
  -1.5707963267948966       -1.5707963267948966     
 ( 0.63340560540252433     , -1.4767569511490141E-015)
  -1.5707963267948966        0.0000000000000000     
 ( 0.42360155048691134     , -7.0387567614050877E-016)
  -1.5707963267948966        1.5707963267948966     
 ( 0.62968228214363342     , -1.2168790597052099E-015)
  -1.5707963267948966        3.1415926535897931     
 ( 0.81657470292704137     , -1.6509250326859932E-015)
   0.0000000000000000       -1.5707963267948966     
 ( 0.42783154212946678     , -7.3485016574505651E-016)
   0.0000000000000000        0.0000000000000000     
 (  7.9969193716709686E-002, -1.6395437611652462E-016)
   0.0000000000000000        1.5707963267948966     
 ( 0.42783154212946678     , -9.3921690595760266E-016)
   0.0000000000000000        3.1415926535897931     
 ( 0.63396573263364808     , -1.2683275822877545E-015)
   1.5707963267948966       -1.5707963267948966     
 ( 0.62968228214363320     , -1.0503456060114364E-015)
   1.5707963267948966        0.0000000000000000     
 ( 0.42360155048691134     , -5.2885755163352546E-016)
   1.5707963267948966        1.5707963267948966     
 ( 0.63340560540252455     , -1.3455792268802107E-015)
   1.5707963267948966        3.1415926535897931     
 ( 0.81657470292704160     , -1.6414378799484086E-015)
   3.1415926535897931       -1.5707963267948966     
 ( 0.81262520038743458     , -1.5220839938858098E-015)
   3.1415926535897931        0.0000000000000000     
 ( 0.62866871737351415     , -1.2950983723836627E-015)
   3.1415926535897931        1.5707963267948966     
 ( 0.81262520038743435     , -1.4766505535576960E-015)
   3.1415926535897931        3.1415926535897931     
 (  3.5639444036699146     , -8.2874701727884416E-015)
   1.0000000000000000                1          16
 (  0.0000000000000000     ,  0.0000000000000000     )
  -1.5707963267948966       -1.5707963267948966     
 ( 0.63693781506491232     ,  5.4559766013015925E-016)
  -1.5707963267948966        0.0000000000000000     
 ( 0.43173120623980493     ,  5.7536144097780895E-016)
  -1.5707963267948966        1.5707963267948966     
 ( 0.64040525651789715     ,  1.4434829640812042E-015)
  -1.5707963267948966        3.1415926535897931     
 ( 0.82079463815609977     ,  8.9613474708890778E-016)
   0.0000000000000000       -1.5707963267948966     
 ( 0.43069544603516169     ,  6.0140528579298084E-016)
   0.0000000000000000        0.0000000000000000     
 (  8.0679087663477894E-002,  8.1606629700368687E-017)
   0.0000000000000000        1.5707963267948966     
 ( 0.43069544603516180     ,  6.4720955277331881E-016)
   0.0000000000000000        3.1415926535897931     
 ( 0.63197404527656353     ,  1.2500922948148269E-015)
   1.5707963267948966       -1.5707963267948966     
 ( 0.64040525651789715     ,  1.4434829640812042E-015)
   1.5707963267948966        0.0000000000000000     
 ( 0.43173120623980493     ,  5.8480364397624560E-016)
   1.5707963267948966        1.5707963267948966     
 ( 0.63693781506491243     ,  5.6501142863199876E-016)
   1.5707963267948966        3.1415926535897931     
 ( 0.82079463815609954     ,  7.3989765135149118E-016)
   3.1415926535897931       -1.5707963267948966     
 ( 0.82170209244094750     ,  1.6186546993203308E-015)
   3.1415926535897931        0.0000000000000000     
 ( 0.62858044762720244     ,  5.0194800113082261E-016)
   3.1415926535897931        1.5707963267948966     
 ( 0.82170209244094772     ,  1.4424143613756376E-015)
   3.1415926535897931        3.1415926535897931     
 (  3.5611606373714908     ,  6.1582247881386031E-015)
   1.0000000000000000                1          16
 (  0.0000000000000000     ,  0.0000000000000000     )
  -1.5707963267948966       -1.5707963267948966     
 ( 0.64769995988592632     , -8.1276762252262534E-016)
  -1.5707963267948966        0.0000000000000000     
 ( 0.43434555078981429     , -9.0830024732712758E-016)
  -1.5707963267948966        1.5707963267948966     
 ( 0.64601040662064080     , -8.0231378250640493E-017)
  -1.5707963267948966        3.1415926535897931     
 ( 0.83272729108131083     , -4.5905861254806240E-016)
   0.0000000000000000       -1.5707963267948966     
 ( 0.43481398324712539     ,  5.1588843942570519E-016)
   0.0000000000000000        0.0000000000000000     
 (  8.5982313296210561E-002, -2.4295502423987978E-016)
   0.0000000000000000        1.5707963267948966     
 ( 0.43481398324712539     ,  3.6621928308192750E-016)
   0.0000000000000000        3.1415926535897931     
 ( 0.62937475086939987     , -4.4023057753106303E-016)
   1.5707963267948966       -1.5707963267948966     
 ( 0.64601040662064091     , -5.5207616371633200E-016)
   1.5707963267948966        0.0000000000000000     
 ( 0.43434555078981418     , -7.3237067039833934E-016)
   1.5707963267948966        1.5707963267948966     
 ( 0.64769995988592632     , -5.4118488545069887E-016)
   1.5707963267948966        3.1415926535897931     
 ( 0.83272729108131083     , -3.4221830115175189E-016)
   3.1415926535897931       -1.5707963267948966     
 ( 0.83221037058738379     , -1.1880929513932917E-015)
   3.1415926535897931        0.0000000000000000     
 ( 0.62925845074027309     , -6.5948269308568537E-016)
   3.1415926535897931        1.5707963267948966     
 ( 0.83221037058738401     , -1.4210288345839561E-015)
   3.1415926535897931        3.1415926535897931     
 (  3.6607622274236817     ,  2.8341996728605878E-015)
   1.0000000000000000                1          16
 (  0.0000000000000000     ,  0.0000000000000000     )
  -1.5707963267948966       -1.5707963267948966     
 ( 0.62899869172730849     , -2.4287184256547073E-017)
  -1.5707963267948966        0.0000000000000000     
 ( 0.41969546621482257     ,  4.3884605550653335E-016)
  -1.5707963267948966        1.5707963267948966     
 ( 0.62341291259752252     ,  2.0766693953210218E-016)
  -1.5707963267948966        3.1415926535897931     
 ( 0.81988457469453568     , -1.6599323242184117E-015)
   0.0000000000000000       -1.5707963267948966     
 ( 0.43016138540301030     , -8.2721263145194376E-016)
   0.0000000000000000        0.0000000000000000     
 (  8.3280085175514301E-002, -1.6909196513527337E-016)
   0.0000000000000000        1.5707963267948966     
 ( 0.43016138540301019     , -7.2609984785304605E-016)
   0.0000000000000000        3.1415926535897931     
 ( 0.63318637052539906     , -7.1622728549551598E-017)
   1.5707963267948966       -1.5707963267948966     
 ( 0.62341291259752252     ,  2.3542251514773109E-016)
   1.5707963267948966        0.0000000000000000     
 ( 0.41969546621482234     ,  3.9162298072004896E-016)
   1.5707963267948966        1.5707963267948966     
 ( 0.62899869172730849     , -3.6529062953248706E-016)
   1.5707963267948966        3.1415926535897931     
 ( 0.81988457469453568     , -2.0937592516511771E-015)
   3.1415926535897931       -1.5707963267948966     
 ( 0.80038854348079858     , -4.4854409169675692E-016)
   3.1415926535897931        0.0000000000000000     
 ( 0.62075628705695296     ,  3.9194821190676823E-016)
   3.1415926535897931        1.5707963267948966     
 ( 0.80038854348079858     , -2.6416458125097237E-016)
   3.1415926535897931        3.1415926535897931     
 (  3.5586846809839958     ,  4.4356901019073813E-015)
   1.0000000000000000                1          16
 (  0.0000000000000000     ,  0.0000000000000000     )
  -1.5707963267948966       -1.5707963267948966     
 ( 0.63194914506633215     , -8.8542053931722097E-016)
  -1.5707963267948966        0.0000000000000000     
 ( 0.42986918196423396     , -3.1155412105501429E-016)
  -1.5707963267948966        1.5707963267948966     
 ( 0.63557990909596074     , -2.6528105654048511E-016)
  -1.5707963267948966        3.1415926535897931     
 ( 0.81831135029867796     , -1.9252317804205307E-015)
   0.0000000000000000       -1.5707963267948966     
 ( 0.43211856551495753     , -1.9642843709011928E-015)
   0.0000000000000000        0.0000000000000000     
 (  8.4772706203074893E-002,  3.8122724408042715E-017)
   0.0000000000000000        1.5707963267948966     
 ( 0.43211856551495753     , -1.7517565852090609E-015)
   0.0000000000000000        3.1415926535897931     
 ( 0.62645120214379357     , -3.6183690778521916E-016)
   1.5707963267948966       -1.5707963267948966     
 ( 0.63557990909596052     , -4.5957008584988746E-016)
   1.5707963267948966        0.0000000000000000     
 ( 0.42986918196423385     , -2.4702046223874025E-016)
   1.5707963267948966        1.5707963267948966     
 ( 0.63194914506633226     , -8.3863132523579263E-016)
   1.5707963267948966        3.1415926535897931     
 ( 0.81831135029867752     , -1.9696367031962585E-015)
   3.1415926535897931       -1.5707963267948966     
 ( 0.81348692878700013     , -6.9704471181516226E-016)
   3.1415926535897931        0.0000000000000000     
 ( 0.62761692678847181     , -2.7616767868420958E-016)
   3.1415926535897931        1.5707963267948966     
 ( 0.81348692878700002     , -9.0085056035746436E-016)
   3.1415926535897931        3.1415926535897931     
 (  3.5484907158223193     , -2.8106827913045819E-015)
   1.0000000000000000                1          16
 (  0.0000000000000000     ,  0.0000000000000000     )
  -1.5707963267948966       -1.5707963267948966     
 ( 0.62204597778221116     ,  1.3682942550719173E-015)
  -1.5707963267948966        0.0000000000000000     
 ( 0.42705441891923079     ,  1.6280961100650742E-015)
  -1.5707963267948966        1.5707963267948966     
 ( 0.63184503568014705     ,  1.0179173300368493E-015)
  -1.5707963267948966        3.1415926535897931     
 ( 0.85717129381834001     , -2.5188339377978536E-016)
   0.0000000000000000       -1.5707963267948966     
 ( 0.43039258273421410     , -1.9390507039174239E-016)
   0.0000000000000000        0.0000000000000000     
 (  8.0393035778123623E-002,  4.7815916870145425E-017)
   0.0000000000000000        1.5707963267948966     
 ( 0.43039258273421410     , -2.3210620397547931E-016)
   0.0000000000000000        3.1415926535897931     
 ( 0.65177018693279687     , -1.5145802299232291E-015)
   1.5707963267948966       -1.5707963267948966     
 ( 0.63184503568014727     ,  6.5709484703367346E-016)
   1.5707963267948966        0.0000000000000000     
 ( 0.42705441891923102     ,  1.5819429834229762E-015)
   1.5707963267948966        1.5707963267948966     
 ( 0.62204597778221093     ,  1.4169409466237620E-015)
   1.5707963267948966        3.1415926535897931     
 ( 0.85717129381834001     , -2.4553659558760727E-016)
   3.1415926535897931       -1.5707963267948966     
 ( 0.80736395486222434     ,  2.3769179038936387E-015)
   3.1415926535897931        0.0000000000000000     
 ( 0.62088766262168260     ,  1.6581018162473910E-015)
   3.1415926535897931        1.5707963267948966     
 ( 0.80736395486222434     ,  1.9501387116910969E-015)
   3.1415926535897931        3.1415926535897931     
 (  3.6786190128882876     ,  6.5480151826979764E-015)
   1.0000000000000000                1          16
 (  0.0000000000000000     ,  0.0000000000000000     )
  -1.5707963267948966       -1.5707963267948966     
 ( 0.62679816752530004     ,  3.1873960172153814E-015)
  -1.5707963267948966        0.0000000000000000     
 ( 0.42235354482126708     ,  1.6287439317453196E-015)
  -1.5707963267948966        1.5707963267948966     
 ( 0.62701360705043929     ,  2.5588537619998727E-015)
  -1.5707963267948966        3.1415926535897931     
 ( 0.81446290994230430     ,  3.9115508917016180E-015)
   0.0000000000000000       -1.5707963267948966     
 ( 0.42864094847984058     ,  2.2894121748993507E-015)
   0.0000000000000000        0.0000000000000000     
 (  8.2359777306327986E-002,  1.8951941718637797E-017)
   0.0000000000000000        1.5707963267948966     
 ( 0.42864094847984058     ,  2.1407983128772498E-015)
   0.0000000000000000        3.1415926535897931     
 ( 0.63004173215173143     ,  3.3177812369676520E-015)
   1.5707963267948966       -1.5707963267948966     
 ( 0.62701360705043929     ,  2.2535424302279547E-015)
   1.5707963267948966        0.0000000000000000     
 ( 0.42235354482126708     ,  2.0813751697381009E-015)
   1.5707963267948966        1.5707963267948966     
 ( 0.62679816752530015     ,  3.1238012582564077E-015)
   1.5707963267948966        3.1415926535897931     
 ( 0.81446290994230475     ,  3.6439017768343576E-015)
   3.1415926535897931       -1.5707963267948966     
 ( 0.80654134061564575     ,  3.3342880643492930E-015)
   3.1415926535897931        0.0000000000000000     
 ( 0.62284540617573458     ,  3.1405233118163576E-015)
   3.1415926535897931        1.5707963267948966     
 ( 0.80654134061564575     ,  3.1024074754803054E-015)
   3.1415926535897931        3.1415926535897931     
 (  3.5567940502428019     ,  1.3187206143160585E-014)
   1.0000000000000000                1          16
 (  0.0000000000000000     ,  0.0000000000000000     )
  -1.5707963267948966       -1.5707963267948966     
 ( 0.62666355432686460     ,  1.1538663853580456E-015)
  -1.5707963267948966        0.0000000000000000     
 ( 0.42544770593252718     ,  6.0123666688076124E-016)
  -1.5707963267948966        1.5707963267948966     
 ( 0.63157035818929630     ,  9.9698594254116690E-016)
  -1.5707963267948966        3.1415926535897931     
 ( 0.81108649648654851     ,  1.4234229805117652E-015)
   0.0000000000000000       -1.5707963267948966     
 ( 0.42514615731897093     ,  3.2623040463965386E-016)
   0.0000000000000000        0.0000000000000000     
 (  8.2972066716501730E-002,  2.5106588557601875E-016)
   0.0000000000000000        1.5707963267948966     
 ( 0.42514615731897082     ,  4.8311084745653260E-016)
   0.0000000000000000        3.1415926535897931     
 ( 0.62666636300370637     ,  8.2665952697581711E-016)
   1.5707963267948966       -1.5707963267948966     
 ( 0.63157035818929619     ,  1.1912749718505693E-015)
   1.5707963267948966        0.0000000000000000     
 ( 0.42544770593252718     ,  6.0961484772252196E-016)
   1.5707963267948966        1.5707963267948966     
 ( 0.62666355432686460     ,  1.0343945290336906E-015)
   1.5707963267948966        3.1415926535897931     
 ( 0.81108649648654851     ,  1.3791978633906719E-015)
   3.1415926535897931       -1.5707963267948966     
 ( 0.81050894120631800     ,  8.4393333045970848E-016)
   3.1415926535897931        0.0000000000000000     
 ( 0.63109726847740322     ,  1.0288294496187931E-015)
   3.1415926535897931        1.5707963267948966     
 ( 0.81050894120631822     ,  8.3428031958281363E-016)
   3.1415926535897931        3.1415926535897931     
 (  3.5308893981552592     ,  3.4411437975686682E-015)
   1.0000000000000000                1          16
 (  0.0000000000000000     ,  0.0000000000000000     )
  -1.5707963267948966       -1.5707963267948966     
 ( 0.62592295965130773     , -1.3293230784536683E-015)
  -1.5707963267948966        0.0000000000000000     
 ( 0.42399560527087277     , -1.0533744631550511E-015)
  -1.5707963267948966        1.5707963267948966     
 ( 0.62431172113579114     , -1.2650143831258941E-015)
  -1.5707963267948966        3.1415926535897931     
 ( 0.80567181075585304     , -2.0328445268856451E-015)
   0.0000000000000000       -1.5707963267948966     
 ( 0.42450202561411876     , -9.9266625749960429E-016)
   0.0000000000000000        0.0000000000000000     
 (  8.2506775564088530E-002, -1.9955724396363649E-017)
   0.0000000000000000        1.5707963267948966     
 ( 0.42450202561411898     , -1.0292193772117495E-015)
   0.0000000000000000        3.1415926535897931     
 ( 0.62203602234637778     , -1.4531257876212128E-015)
   1.5707963267948966       -1.5707963267948966     
 ( 0.62431172113579114     , -1.3482811099727808E-015)
   1.5707963267948966        0.0000000000000000     
 ( 0.42399560527087299     , -9.8922491534956718E-016)
   1.5707963267948966        1.5707963267948966     
 ( 0.62592295965130773     , -1.2007056877981197E-015)
   1.5707963267948966        3.1415926535897931     
 ( 0.80567181075585259     , -2.4077062589170353E-015)
   3.1415926535897931       -1.5707963267948966     
 ( 0.80912583990294085     , -1.3622862845992965E-015)
   3.1415926535897931        0.0000000000000000     
 ( 0.62440871289614841     , -9.2609612311338738E-016)
   3.1415926535897931        1.5707963267948966     
 ( 0.80912583990294074     , -1.6208840092364733E-015)
   3.1415926535897931        3.1415926535897931     
 (  3.4850006792069554     , -6.6686505876526938E-015)
   1.0000000000000000                1          16
 (  0.0000000000000000     ,  0.0000000000000000     )
  -1.5707963267948966       -1.5707963267948966     
 ( 0.62401136535444079     ,  1.9306428285891957E-015)
  -1.5707963267948966        0.0000000000000000     
 ( 0.42608304811871095     ,  1.1249221753469364E-015)
  -1.5707963267948966        1.5707963267948966     
 ( 0.62535385115142228     ,  2.0225495204839099E-015)
  -1.5707963267948966        3.1415926535897931     
 ( 0.80321508253161600     ,  2.6750639139958126E-015)
   0.0000000000000000       -1.5707963267948966     
 ( 0.42439114097857639     ,  1.2985617481076592E-015)
   0.0000000000000000        0.0000000000000000     
 (  7.9354257611377266E-002,  2.6079511296470407E-016)
   0.0000000000000000        1.5707963267948966     
 ( 0.42439114097857628     ,  1.4564552367536047E-015)
   0.0000000000000000        3.1415926535897931     
 ( 0.62281367311096969     ,  2.1252728878880910E-015)
   1.5707963267948966       -1.5707963267948966     
 ( 0.62535385115142250     ,  1.8837716424057654E-015)
   1.5707963267948966        0.0000000000000000     
 ( 0.42608304811871095     ,  1.1333954235006794E-015)
   1.5707963267948966        1.5707963267948966     
 ( 0.62401136535444068     ,  2.0867006367629953E-015)
   1.5707963267948966        3.1415926535897931     
 ( 0.80321508253161600     ,  2.3004675248722429E-015)
   3.1415926535897931       -1.5707963267948966     
 ( 0.81269603250232358     ,  2.6499449882256480E-015)
   3.1415926535897931        0.0000000000000000     
 ( 0.63443319492824068     ,  1.9526338809297290E-015)
   3.1415926535897931        1.5707963267948966     
 ( 0.81269603250232358     ,  2.6135494475621916E-015)
   3.1415926535897931        3.1415926535897931     
 (  3.4749761934555976     ,  1.1114224225363755E-014)
   1.0000000000000000                1          16
 (  0.0000000000000000     ,  0.0000000000000000     )
  -1.5707963267948966       -1.5707963267948966     
 ( 0.62775946622213907     , -3.3609901885569095E-017)
  -1.5707963267948966        0.0000000000000000     
 ( 0.42787310493877251     ,  7.5996741956161064E-016)
  -1.5707963267948966        1.5707963267948966     
 ( 0.62802751824954273     ,  6.4214904207369490E-016)
  -1.5707963267948966        3.1415926535897931     
 ( 0.80940385825524030     ,  5.6626025203117554E-016)
   0.0000000000000000       -1.5707963267948966     
 ( 0.42259918631255600     ,  3.2023088125758763E-016)
   0.0000000000000000        0.0000000000000000     
 (  8.2431525730173372E-002,  1.8124810230250003E-016)
   0.0000000000000000        1.5707963267948966     
 ( 0.42259918631255600     ,  4.7713920576719104E-016)
   0.0000000000000000        3.1415926535897931     
 ( 0.62737395964824572     ,  5.9284116292236744E-016)
   1.5707963267948966       -1.5707963267948966     
 ( 0.62802751824954273     ,  6.9766019330495273E-016)
   1.5707963267948966        0.0000000000000000     
 ( 0.42787310493877251     ,  6.5780647157430829E-016)
   1.5707963267948966        1.5707963267948966     
 ( 0.62775946622213907     ,  1.2441823456091569E-016)
   1.5707963267948966        3.1415926535897931     
 ( 0.80940385825524030     ,  3.5498084592997022E-016)
   3.1415926535897931       -1.5707963267948966     
 ( 0.81182720009702958     ,  1.0322507180797692E-015)
   3.1415926535897931        0.0000000000000000     
 ( 0.62859778321915294     ,  7.3321813168247312E-016)
   3.1415926535897931        1.5707963267948966     
 ( 0.81182720009702936     ,  6.3404753027679440E-016)
   3.1415926535897931        3.1415926535897931     
 (  3.5353224107728884     ,  3.0428760025716169E-015)
   1.0000000000000000                1          16
 (  0.0000000000000000     ,  0.0000000000000000     )
  -1.5707963267948966       -1.5707963267948966     
 ( 0.63090592651903410     , -1.4875110712507806E-015)
  -1.5707963267948966        0.0000000000000000     
 ( 0.42572104607587047     , -5.2443367886498954E-016)
  -1.5707963267948966        1.5707963267948966     
 ( 0.62380958055714109     , -1.2841037186371444E-015)
  -1.5707963267948966        3.1415926535897931     
 ( 0.81370642090979373     , -1.3620580718996763E-015)
   0.0000000000000000       -1.5707963267948966     
 ( 0.42738066430494814     , -6.6810520061257712E-016)
   0.0000000000000000        0.0000000000000000     
 (  8.0739738992783139E-002, -1.4926375648353625E-017)
   0.0000000000000000        1.5707963267948966     
 ( 0.42738066430494825     , -7.0497909953243981E-016)
   0.0000000000000000        3.1415926535897931     
 ( 0.62536353891565333     , -1.7763698259475992E-015)
   1.5707963267948966       -1.5707963267948966     
 ( 0.62380958055714109     , -1.2285925674058866E-015)
   1.5707963267948966        0.0000000000000000     
 ( 0.42572104607587025     , -4.0422139613939646E-016)
   1.5707963267948966        1.5707963267948966     
 ( 0.63090592651903432     , -1.4137632734110552E-015)
   1.5707963267948966        3.1415926535897931     
 ( 0.81370642090979417     , -1.2945330884990215E-015)
   3.1415926535897931       -1.5707963267948966     
 ( 0.80964848275575640     , -1.4543796411544205E-015)
   3.1415926535897931        0.0000000000000000     
 ( 0.62061858583150331     , -6.5308426513487507E-016)
   3.1415926535897931        1.5707963267948966     
 ( 0.80964848275575640     , -1.4912535400742832E-015)
   3.1415926535897931        3.1415926535897931     
 (  3.5255462267836899     , -5.2025485078071658E-015)
   1.0000000000000000                1          16
 (  0.0000000000000000     ,  0.0000000000000000     )
  -1.5707963267948966       -1.5707963267948966     
 ( 0.62871990002231615     ,  5.5991790596274322E-016)
  -1.5707963267948966        0.0000000000000000     
 ( 0.42444549310596125     ,  4.7775138135956378E-016)
  -1.5707963267948966        1.5707963267948966     
 ( 0.62271156570106068     ,  9.5786289876129592E-016)
  -1.5707963267948966        3.1415926535897931     
 ( 0.81930425512834426     ,  1.0492538376249054E-015)
   0.0000000000000000       -1.5707963267948966     
 ( 0.42442225886114093     ,  5.8725501499598274E-016)
   0.0000000000000000        0.0000000000000000     
 (  8.1526245120465191E-002,  5.3282701680224540E-016)
   0.0000000000000000        1.5707963267948966     
 ( 0.42442225886114093     ,  4.1135462712246125E-016)
   0.0000000000000000        3.1415926535897931     
 ( 0.63062530113788373     ,  1.0403592341511339E-016)
   1.5707963267948966       -1.5707963267948966     
 ( 0.62271156570106068     ,  6.2479599137374895E-016)
   1.5707963267948966        0.0000000000000000     
 ( 0.42444549310596125     ,  3.2007462627791764E-016)
   1.5707963267948966        1.5707963267948966     
 ( 0.62871990002231604     ,  4.6762947185972348E-016)
   1.5707963267948966        3.1415926535897931     
 ( 0.81930425512834404     ,  5.6111549995346821E-016)
   3.1415926535897931       -1.5707963267948966     
 ( 0.80842991109035423     ,  1.0774884418975552E-015)
   3.1415926535897931        0.0000000000000000     
 ( 0.62272387617769343     ,  1.2038701085342410E-015)
   3.1415926535897931        1.5707963267948966     
 ( 0.80842991109035423     ,  9.0158805402403379E-016)
   3.1415926535897931        3.1415926535897931     
 (  3.5404918539273642     ,  4.0580258425074600E-015)
   1.0000000000000000                1          16
 (  0.0000000000000000     ,  0.0000000000000000     )
  -1.5707963267948966       -1.5707963267948966     
 ( 0.62599807442218736     ,  3.2593603789525654E-016)
  -1.5707963267948966        0.0000000000000000     
 ( 0.42545826934344771     ,  2.3206982183712947E-016)
  -1.5707963267948966        1.5707963267948966     
 ( 0.62379047055282411     ,  5.5761941783736138E-016)
  -1.5707963267948966        3.1415926535897931     
 ( 0.80658091314620783     ,  5.1133493868770194E-016)
   0.0000000000000000       -1.5707963267948966     
 ( 0.42324752077211364     ,  1.5496714786971268E-016)
   0.0000000000000000        0.0000000000000000     
 (  8.1994657595626408E-002, -2.6801541627063399E-016)
   0.0000000000000000        1.5707963267948966     
 ( 0.42324752077211364     , -2.1205080841134245E-017)
   0.0000000000000000        3.1415926535897931     
 ( 0.62539704800474394     , -8.4291782249091286E-017)
   1.5707963267948966       -1.5707963267948966     
 ( 0.62379047055282411     ,  2.5230808606544328E-016)
   1.5707963267948966        0.0000000000000000     
 ( 0.42545826934344794     ,  1.8538357418425453E-016)
   1.5707963267948966        1.5707963267948966     
 ( 0.62599807442218736     ,  1.2146680541856523E-017)
   1.5707963267948966        3.1415926535897931     
 ( 0.80658091314620761     ,  2.9966169053695066E-016)
   3.1415926535897931       -1.5707963267948966     
 ( 0.80824832796379775     ,  6.2061646005752496E-017)
   3.1415926535897931        0.0000000000000000     
 ( 0.62480026848382852     , -1.2462143473169899E-016)
   3.1415926535897931        1.5707963267948966     
 ( 0.80824832796379775     ,  5.2422870988679038E-017)
   3.1415926535897931        3.1415926535897931     
 (  3.5380853609768126     , -2.3420379168947465E-016)
   1.0000000000000000                1          16
 (  0.0000000000000000     ,  0.0000000000000000     )
  -1.5707963267948966       -1.5707963267948966     
 ( 0.63015128576515078     , -1.1354831507950465E-016)
  -1.5707963267948966        0.0000000000000000     
 ( 0.42410901263078521     , -7.6982598770911565E-018)
  -1.5707963267948966        1.5707963267948966     
 ( 0.63156597853518359     , -5.1913597409185901E-016)
  -1.5707963267948966        3.1415926535897931     
 ( 0.82021687239201002     ,  4.8660329607368215E-016)
   0.0000000000000000       -1.5707963267948966     
 ( 0.43009330054322897     ,  2.0531984212316616E-016)
   0.0000000000000000        0.0000000000000000     
 (  7.9325997551114052E-002,  2.4244417691040801E-016)
   0.0000000000000000        1.5707963267948966     
 ( 0.43009330054322897     ,  2.7784059374797360E-016)
   0.0000000000000000        3.1415926535897931     
 ( 0.63585777012826972     ,  5.1855829257089039E-016)
   1.5707963267948966       -1.5707963267948966     
 ( 0.63156597853518381     , -3.5260252039808553E-016)
   1.5707963267948966        0.0000000000000000     
 ( 0.42410901263078521     , -5.4525128820157379E-017)
   1.5707963267948966        1.5707963267948966     
 ( 0.63015128576515056     ,  1.8965937827169689E-017)
   1.5707963267948966        3.1415926535897931     
 ( 0.82021687239201002     ,  1.5908318617284746E-016)
   3.1415926535897931       -1.5707963267948966     
 ( 0.81771114062189820     , -8.2981889255202300E-017)
   3.1415926535897931        0.0000000000000000     
 ( 0.62706693505128319     , -2.1041652313074691E-016)
   3.1415926535897931        1.5707963267948966     
 ( 0.81771114062189798     , -2.3250574255542624E-016)
   3.1415926535897931        3.1415926535897931     
 (  3.6336875898438428     , -1.8892968985907220E-015)
   1.0000000000000000                1          16
 (  0.0000000000000000     ,  0.0000000000000000     )
  -1.5707963267948966       -1.5707963267948966     
 ( 0.63148027899697234     ,  1.8565291538908406E-015)
  -1.5707963267948966        0.0000000000000000     
 ( 0.42791916932847340     ,  1.4362032750182059E-015)
  -1.5707963267948966        1.5707963267948966     
 ( 0.62657600495063570     ,  2.2548692894137198E-015)
  -1.5707963267948966        3.1415926535897931     
 ( 0.81302807808206956     ,  2.1391096122387835E-015)
   0.0000000000000000       -1.5707963267948966     
 ( 0.42689343476296959     ,  1.0390474594903436E-015)
   0.0000000000000000        0.0000000000000000     
 (  8.1335810547419285E-002,  2.4130931016981695E-016)
   0.0000000000000000        1.5707963267948966     
 ( 0.42689343476296959     ,  1.0847965338175271E-015)
   0.0000000000000000        3.1415926535897931     
 ( 0.62989204052210057     ,  1.7717505799200158E-015)
   1.5707963267948966       -1.5707963267948966     
 ( 0.62657600495063570     ,  2.1993581381824620E-015)
   1.5707963267948966        0.0000000000000000     
 ( 0.42791916932847340     ,  1.5560221882612417E-015)
   1.5707963267948966        1.5707963267948966     
 ( 0.63148027899697234     ,  1.7372754296208448E-015)
   1.5707963267948966        3.1415926535897931     
 ( 0.81302807808207000     ,  1.8711858443382738E-015)
   3.1415926535897931       -1.5707963267948966     
 ( 0.81511123803676866     ,  2.4725753145989728E-015)
   3.1415926535897931        0.0000000000000000     
 ( 0.63084297195595118     ,  2.2565258135508578E-015)
   3.1415926535897931        1.5707963267948966     
 ( 0.81511123803676866     ,  2.2962797840011249E-015)
   3.1415926535897931        3.1415926535897931     
 (  3.5585595025770287     ,  1.0350826948841140E-014)
   1.0000000000000000                1          16
 (  0.0000000000000000     ,  0.0000000000000000     )
  -1.5707963267948966       -1.5707963267948966     
 ( 0.63197957403833727     ,  6.2821603923475651E-016)
  -1.5707963267948966        0.0000000000000000     
 ( 0.42383602632788253     ,  3.4106058572307859E-016)
  -1.5707963267948966        1.5707963267948966     
 ( 0.62636718132428093     ,  3.0483394069758476E-016)
  -1.5707963267948966        3.1415926535897931     
 ( 0.81831462786956755     ,  6.4341336044155111E-017)
   0.0000000000000000       -1.5707963267948966     
 ( 0.42537514393320885     ,  1.0246431015422207E-016)
   0.0000000000000000        0.0000000000000000     
 (  8.1920983468471431E-002, -8.1428521546815615E-018)
   0.0000000000000000        1.5707963267948966     
 ( 0.42537514393320885     ,  1.2053507691947581E-016)
   0.0000000000000000        3.1415926535897931     
 ( 0.63246799021080302     ,  1.0408137195975160E-015)
   1.5707963267948966       -1.5707963267948966     
 ( 0.62636718132428115     ,  3.8810066754447150E-016)
   1.5707963267948966        0.0000000000000000     
 ( 0.42383602632788253     ,  1.8307338761767977E-016)
   1.5707963267948966        1.5707963267948966     
 ( 0.63197957403833727     ,  8.1411911062928033E-016)
   1.5707963267948966        3.1415926535897931     
 ( 0.81831462786956732     , -3.1305527234939375E-016)
   3.1415926535897931       -1.5707963267948966     
 ( 0.80883575457720369     ,  2.8706853061324929E-016)
   3.1415926535897931        0.0000000000000000     
 ( 0.62618012359996444     ,  6.3005199709500827E-017)
   3.1415926535897931        1.5707963267948966     
 ( 0.80883575457720369     ,  8.3094692453471779E-017)
   3.1415926535897931        3.1415926535897931     
 (  3.5412520181711304     ,  3.0276992543119626E-015)
   1.0000000000000000                1          16
 (  0.0000000000000000     ,  0.0000000000000000     )
  -1.5707963267948966       -1.5707963267948966     
 ( 0.62856934558892896     , -2.6238518381262815E-016)
  -1.5707963267948966        0.0000000000000000     
 ( 0.42583457080444775     , -2.4330859679356338E-016)
  -1.5707963267948966        1.5707963267948966     
 ( 0.63136323623019319     , -4.7519829478990832E-016)
  -1.5707963267948966        3.1415926535897931     
 ( 0.81733278785756447     ,  8.1389920865886459E-017)
   0.0000000000000000       -1.5707963267948966     
 ( 0.42613955110619728     ,  1.8838049779968030E-016)
   0.0000000000000000        0.0000000000000000     
 (  8.1055329185754171E-002, -2.6738439886490180E-016)
   0.0000000000000000        1.5707963267948966     
 ( 0.42613955110619750     ,  2.3466015508318698E-016)
   0.0000000000000000        3.1415926535897931     
 ( 0.62570729142750858     , -1.6838604577432011E-019)
   1.5707963267948966       -1.5707963267948966     
 ( 0.63136323623019319     , -3.3642041671176375E-016)
   1.5707963267948966        0.0000000000000000     
 ( 0.42583457080444798     , -6.8082249708140450E-017)
   1.5707963267948966        1.5707963267948966     
 ( 0.62856934558892896     , -2.1616662030149696E-016)
   1.5707963267948966        3.1415926535897931     
 ( 0.81733278785756402     , -1.7489484588179462E-017)
   3.1415926535897931       -1.5707963267948966     
 ( 0.81541536491236088     , -2.3718463038250455E-016)
   3.1415926535897931        0.0000000000000000     
 ( 0.62864808977230424     ,  3.6497340864345227E-016)
   3.1415926535897931        1.5707963267948966     
 ( 0.81541536491236088     , -4.6846072925528700E-016)
   3.1415926535897931        3.1415926535897931     
 (  3.5303474193887174     , -3.9875724054519674E-015)
   1.0000000000000000                1          16
 (  0.0000000000000000     ,  0.0000000000000000     )
  -1.5707963267948966       -1.5707963267948966     
 ( 0.62941898561138565     , -1.2552473689483251E-015)
  -1.5707963267948966        0.0000000000000000     
 ( 0.42323851055953521     , -6.6482490439555498E-016)
  -1.5707963267948966        1.5707963267948966     
 ( 0.63076454615141575     , -1.1891816657607879E-015)
  -1.5707963267948966        3.1415926535897931     
 ( 0.81773295746717833     , -1.4975128318468826E-015)
   0.0000000000000000       -1.5707963267948966     
 ( 0.42849461154712909     , -6.7904241231602407E-016)
   0.0000000000000000        0.0000000000000000     
 (  8.1155698225271994E-002, -1.8625231300492654E-016)
   0.0000000000000000        1.5707963267948966     
 ( 0.42849461154712909     , -6.6184138865667447E-016)
   0.0000000000000000        3.1415926535897931     
 ( 0.62935053000888030     , -1.2336064046981619E-015)
   1.5707963267948966       -1.5707963267948966     
 ( 0.63076454615141575     , -8.8387033398886988E-016)
   1.5707963267948966        0.0000000000000000     
 ( 0.42323851055953532     , -7.1162700387925351E-016)
   1.5707963267948966        1.5707963267948966     
 ( 0.62941898561138576     , -1.1231159625732508E-015)
   1.5707963267948966        3.1415926535897931     
 ( 0.81773295746717833     , -1.4902377241602526E-015)
   3.1415926535897931       -1.5707963267948966     
 ( 0.80971347366306212     , -1.0226638716598503E-015)
   3.1415926535897931        0.0000000000000000     
 ( 0.62309171426504495     , -6.9384531497475771E-016)
   3.1415926535897931        1.5707963267948966     
 ( 0.80971347366306190     , -1.0054628480005007E-015)
   3.1415926535897931        3.1415926535897931     
 (  3.6070015525621417     , -7.9651087583001673E-015)
   1.0000000000000000                1          16
 (  0.0000000000000000     ,  0.0000000000000000     )
  -1.5707963267948966       -1.5707963267948966     
 ( 0.62580945090368822     ,  1.3335669234561365E-015)
  -1.5707963267948966        0.0000000000000000     
 ( 0.42630021999269130     ,  1.2920438794647552E-015)
  -1.5707963267948966        1.5707963267948966     
 ( 0.62703747525116194     ,  1.2042667794155238E-015)
  -1.5707963267948966        3.1415926535897931     
 ( 0.81099005158413895     ,  2.0471271362543720E-015)
   0.0000000000000000       -1.5707963267948966     
 ( 0.42714852063300723     ,  1.0070403490457408E-015)
   0.0000000000000000        0.0000000000000000     
 (  8.1547003402543727E-002,  7.2990372936019753E-017)
   0.0000000000000000        1.5707963267948966     
 ( 0.42714852063300746     ,  1.0808293418550955E-015)
   0.0000000000000000        3.1415926535897931     
 ( 0.63294119435292939     ,  1.8116910637869085E-015)
   1.5707963267948966       -1.5707963267948966     
 ( 0.62703747525116182     ,  1.0932444769530082E-015)
   1.5707963267948966        0.0000000000000000     
 ( 0.42630021999269130     ,  1.1344269570553048E-015)
   1.5707963267948966        1.5707963267948966     
 ( 0.62580945090368822     ,  1.6855892989187474E-015)
   1.5707963267948966        3.1415926535897931     
 ( 0.81099005158413895     ,  1.6130212967386870E-015)
   3.1415926535897931       -1.5707963267948966     
 ( 0.81508565955724499     ,  2.3853413957896545E-015)
   3.1415926535897931        0.0000000000000000     
 ( 0.62543542997830759     ,  1.5047476106465976E-015)
   3.1415926535897931        1.5707963267948966     
 ( 0.81508565955724499     ,  2.1815746324427200E-015)
   3.1415926535897931        3.1415926535897931     
 (  3.5456957909203233     ,  8.7964485412050638E-015)
