   -1.570796     -1.570796
  1    1        0.62916012        0.00130490        0.00000000        0.00000000
   -1.570796      0.000000
  1    1        0.42575444        0.00076244        0.00000000        0.00000000
   -1.570796      1.570796
  1    1        0.62872841        0.00137069        0.00000000        0.00000000
   -1.570796      3.141593
  1    1        0.81717454        0.00292783        0.00000000        0.00000000
    0.000000     -1.570796
  1    1        0.42733117        0.00079230        0.00000000        0.00000000
    0.000000      0.000000
  1    1        0.08192522        0.00040501        0.00000000        0.00000000
    0.000000      1.570796
  1    1        0.42733117        0.00079230        0.00000000        0.00000000
    0.000000      3.141593
  1    1        0.62985094        0.00160098        0.00000000        0.00000000
    1.570796     -1.570796
  1    1        0.62872841        0.00137069        0.00000000        0.00000000
    1.570796      0.000000
  1    1        0.42575444        0.00076244        0.00000000        0.00000000
    1.570796      1.570796
  1    1        0.62916012        0.00130490        0.00000000        0.00000000
    1.570796      3.141593
  1    1        0.81717454        0.00292783        0.00000000        0.00000000
    3.141593     -1.570796
  1    1        0.81179714        0.00157634        0.00000000        0.00000000
    3.141593      0.000000
  1    1        0.62607276        0.00095694        0.00000000        0.00000000
    3.141593      1.570796
  1    1        0.81179714        0.00157634        0.00000000        0.00000000
    3.141593      3.141593
  1    1        3.55834482        0.01312086        0.00000000        0.00000000
