     0.0000000        1.87476679        0.06775170
     0.0500000        1.59411421        0.05723225
     0.1000000        1.37566060        0.05297871
     0.1500000        1.17379339        0.04599979
     0.2000000        1.01823886        0.05070684
     0.2500000        0.89934015        0.05430892
     0.3000000        0.79218031        0.05966735
     0.3500000        0.72024643        0.06367946
     0.4000000        0.65538629        0.05630216
     0.4500000        0.59107522        0.05066669
     0.5000000        0.51808217        0.05577183
     0.5500000        0.44991382        0.05982324
     0.6000000        0.39541015        0.05840025
     0.6500000        0.35740652        0.06307683
     0.7000000        0.32799374        0.06529652
     0.7500000        0.29124709        0.06460441
     0.8000000        0.26315984        0.06383637
     0.8500000        0.23617173        0.06459307
     0.9000000        0.21786578        0.06263084
     0.9500000        0.19291950        0.06302283
     1.0000000        0.15539164        0.06232114
     1.0500000        0.14779213        0.06670599
     1.1000000        0.12396487        0.06213021
     1.1500000        0.11446381        0.06525710
     1.2000000        0.08150780        0.07006593
     1.2500000        0.05421183        0.06775718
     1.3000000        0.04442683        0.05640669
     1.3500000        0.05586925        0.05551930
     1.4000000        0.05752301        0.05962695
     1.4500000        0.03713120        0.06574151
     1.5000000        0.02919379        0.06905993
     1.5500000        0.01924032        0.06807787
     1.6000000        0.00474730        0.06319070
     1.6500000       -0.00777962        0.05777164
     1.7000000       -0.01192694        0.04673000
     1.7500000        0.00291533        0.03841228
     1.8000000        0.01253718        0.04259671
     1.8500000        0.01117315        0.04141661
     1.9000000        0.01083816        0.03810115
     1.9500000        0.00452988        0.03388987
     2.0000000       -0.00941865        0.03302777
     2.0500000       -0.00437026        0.03150603
     2.1000000       -0.00024962        0.03316971
     2.1500000        0.00676906        0.03214624
     2.2000000       -0.01164559        0.03263795
     2.2500000       -0.00714926        0.02944891
     2.3000000        0.00289001        0.02669357
     2.3500000        0.01908015        0.02502430
     2.4000000        0.03887087        0.02652324
     2.4500000        0.03395289        0.02837814
     2.5000000        0.02555249        0.02988237
     2.5500000        0.02551563        0.03040618
     2.6000000        0.02974485        0.03146083
     2.6500000        0.02998547        0.03038675
     2.7000000        0.03687475        0.03042840
     2.7500000        0.03982513        0.02669369
     2.8000000        0.03785815        0.02131505
     2.8500000        0.04752827        0.02172870
     2.9000000        0.05341870        0.02117708
     2.9500000        0.05490528        0.02250752
     3.0000000        0.05980722        0.02030062
     3.0500000        0.06748417        0.02340305
     3.1000000        0.06271610        0.02247657
     3.1500000        0.05353058        0.02149020
     3.2000000        0.04246641        0.02172325
     3.2500000        0.02246620        0.02655808
     3.3000000        0.02793918        0.02833941
     3.3500000        0.01854130        0.03161946
     3.4000000        0.00693607        0.03575075
     3.4500000       -0.00037111        0.03785062
     3.5000000        0.01498763        0.03744857
     3.5500000        0.02609276        0.04129872
     3.6000000        0.03178074        0.04041530
     3.6500000        0.03636731        0.04021258
     3.7000000        0.04728963        0.04061250
     3.7500000        0.06749792        0.04587446
     3.8000000        0.07477273        0.04502350
     3.8500000        0.06645617        0.04462578
     3.9000000        0.04533473        0.05330242
     3.9500000        0.05055307        0.04836950
     4.0000000        0.04913160        0.04870087
     4.0500000        0.04019237        0.04324101
     4.1000000        0.02914444        0.04150062
     4.1500000        0.02949078        0.04145970
     4.2000000        0.04298938        0.04242445
     4.2500000        0.04499028        0.04677806
     4.3000000        0.04511631        0.04563298
     4.3500000        0.04438113        0.04030247
     4.4000000        0.03801113        0.03869702
     4.4500000        0.03908510        0.04044639
     4.5000000        0.04276558        0.03784726
     4.5500000        0.03449063        0.03014570
     4.6000000        0.04791946        0.02824477
     4.6500000        0.05432731        0.03052029
     4.7000000        0.04693536        0.03468208
     4.7500000        0.04367024        0.03733420
     4.8000000        0.03551728        0.03919099
     4.8500000        0.03898888        0.04167890
     4.9000000        0.02949917        0.04186627
     4.9500000        0.02511360        0.04065201
     5.0000000        0.01875963        0.04086141
     5.0500000        0.01668582        0.03800603
     5.1000000        0.01605789        0.04021066
     5.1500000        0.02163745        0.03937782
     5.2000000        0.03388249        0.03695378
     5.2500000        0.01563128        0.03870389
     5.3000000        0.00722217        0.04257560
     5.3500000        0.00821048        0.04472738
     5.4000000        0.01647769        0.04108245
     5.4500000        0.02182751        0.03497491
     5.5000000        0.02114324        0.03538781
     5.5500000        0.01159988        0.03715364
     5.6000000        0.00297041        0.04007349
     5.6500000       -0.00152946        0.03779486
     5.7000000       -0.01003889        0.03829171
     5.7500000       -0.00542793        0.03767470
     5.8000000        0.00814030        0.02980116
     5.8500000        0.01532678        0.02661140
     5.9000000        0.02388021        0.02372453
     5.9500000        0.02053837        0.02258712
     6.0000000        0.02442084        0.02247954
     6.0500000        0.02685681        0.02087521
     6.1000000        0.02974495        0.02367170
     6.1500000        0.02368815        0.02292566
     6.2000000        0.01915927        0.02202183
     6.2500000        0.00871399        0.02321045
     6.3000000       -0.00599117        0.02240180
     6.3500000       -0.00705970        0.02057754
     6.4000000       -0.00363109        0.02096496
     6.4500000       -0.00639638        0.01586149
     6.5000000        0.00154791        0.01488823
     6.5500000        0.00110210        0.01362750
     6.6000000       -0.00798423        0.01585868
     6.6500000       -0.02167936        0.01493454
     6.7000000       -0.02471812        0.01353161
     6.7500000       -0.02647621        0.01747049
     6.8000000       -0.03515729        0.01672797
     6.8500000       -0.04065334        0.01895532
     6.9000000       -0.05123361        0.02059319
     6.9500000       -0.05825522        0.02226512
     7.0000000       -0.05673023        0.02339529
     7.0500000       -0.05087955        0.02556198
     7.1000000       -0.05944959        0.02723582
     7.1500000       -0.04897116        0.02181068
     7.2000000       -0.04913299        0.02536557
     7.2500000       -0.03924189        0.02449140
     7.3000000       -0.03098290        0.02363006
     7.3500000       -0.02209515        0.02256649
     7.4000000       -0.02261550        0.02462383
     7.4500000       -0.02805774        0.02459749
     7.5000000       -0.02800806        0.02607350
     7.5500000       -0.01867389        0.02593564
     7.6000000       -0.01058450        0.02520427
     7.6500000       -0.01269826        0.02480817
     7.7000000       -0.01757460        0.02483109
     7.7500000       -0.01867880        0.02466084
     7.8000000       -0.01943501        0.02331476
     7.8500000       -0.01268245        0.02170610
     7.9000000       -0.01470522        0.02140048
     7.9500000       -0.01556804        0.02100040
     8.0000000       -0.01424816        0.02260393
     8.0500000       -0.01045135        0.02500263
     8.1000000       -0.01459805        0.02862094
     8.1500000       -0.02227708        0.03164081
     8.2000000       -0.02105299        0.03117624
     8.2500000       -0.02400781        0.03032884
     8.3000000       -0.02376120        0.02725379
     8.3500000       -0.02858200        0.02473169
     8.4000000       -0.02403968        0.02343917
     8.4500000       -0.02749217        0.02378849
     8.5000000       -0.02122825        0.02046944
     8.5500000       -0.02758012        0.02284938
     8.6000000       -0.03090195        0.02665798
     8.6500000       -0.03090859        0.02454507
     8.7000000       -0.03152236        0.02244990
     8.7500000       -0.03454588        0.02192263
     8.8000000       -0.03590012        0.02212964
     8.8500000       -0.03056094        0.02030133
     8.9000000       -0.03340335        0.01640511
     8.9500000       -0.03375241        0.01634292
     9.0000000       -0.04352202        0.01542425
     9.0500000       -0.03782493        0.01571292
     9.1000000       -0.03875597        0.01638557
     9.1500000       -0.05155435        0.02234257
     9.2000000       -0.05317593        0.02086146
     9.2500000       -0.04646752        0.02070553
     9.3000000       -0.04855591        0.02235806
     9.3500000       -0.04484438        0.02340208
     9.4000000       -0.04288741        0.02548032
     9.4500000       -0.03176114        0.02314697
     9.5000000       -0.03175286        0.02309357
     9.5500000       -0.03162130        0.02231619
     9.6000000       -0.02360150        0.02171486
     9.6500000       -0.03390691        0.01893713
     9.7000000       -0.03729905        0.02040960
     9.7500000       -0.00458471        0.02077651
     9.8000000       -0.00802942        0.01946978
     9.8500000       -0.01142455        0.01763963
     9.9000000       -0.00839799        0.01680514
     9.9500000       -0.01258588        0.01871219
    10.0000000       -0.01310395        0.01523155
    10.0500000       -0.04893800        0.03557484
    10.1000000       -0.03438284        0.03354764
    10.1500000       -0.02317980        0.02715240
    10.2000000       -0.01988274        0.02681511
    10.2500000        0.00950774        0.01786161
    10.3000000        0.01221888        0.01656142
    10.3500000        0.01676948        0.01712648
    10.4000000        0.01061857        0.01578615
    10.4500000        0.00543216        0.02060076
    10.5000000        0.01049099        0.02712173
    10.5500000        0.02379322        0.02895664
    10.6000000        0.01284629        0.01896766
    10.6500000        0.01271066        0.01503237
    10.7000000        0.00172918        0.01910633
    10.7500000        0.00371303        0.02075982
    10.8000000        0.01055630        0.02569628
    10.8500000        0.01609674        0.02567426
    10.9000000        0.02180464        0.02615745
    10.9500000        0.02830845        0.02602412
    11.0000000        0.02652868        0.02554914
    11.0500000        0.03509543        0.02703199
    11.1000000        0.04659610        0.02987887
    11.1500000        0.04176747        0.02468112
    11.2000000        0.01622095        0.02544809
    11.2500000        0.01662299        0.02367820
    11.3000000        0.01732081        0.02495221
    11.3500000        0.01848261        0.02609238
    11.4000000        0.02220695        0.02503029
    11.4500000        0.02842442        0.02686560
    11.5000000        0.02739176        0.02789030
    11.5500000        0.02752471        0.02919091
    11.6000000        0.03883580        0.03170404
    11.6500000        0.03975623        0.03318117
    11.7000000        0.04502466        0.03328340
    11.7500000        0.03774851        0.03323816
    11.8000000        0.03575249        0.03134484
    11.8500000        0.02282997        0.03064959
    11.9000000        0.01654834        0.02712150
    11.9500000        0.01949693        0.02771944
    12.0000000        0.01383614        0.02253299
    12.0500000        0.01895210        0.02243654
    12.1000000        0.02289341        0.02295220
    12.1500000        0.02314440        0.02474404
    12.2000000        0.02699507        0.02320684
    12.2500000        0.04015880        0.02468303
    12.3000000        0.04699111        0.02572247
    12.3500000        0.05078123        0.02221671
    12.4000000        0.05353594        0.02144829
    12.4500000        0.03916995        0.01782169
    12.5000000        0.02691763        0.01703197
    12.5500000        0.02245001        0.02233933
    12.6000000        0.03359802        0.02996521
    12.6500000        0.03066399        0.02946780
    12.7000000        0.02246270        0.02385872
    12.7500000        0.02167368        0.01830888
    12.8000000        0.02106878        0.01774469
    12.8500000        0.03072979        0.01750151
    12.9000000        0.01528189        0.01948356
    12.9500000        0.02366807        0.02389849
    13.0000000        0.02894152        0.02466695
    13.0500000        0.02991384        0.02481850
    13.1000000        0.03349865        0.02762627
    13.1500000        0.03071936        0.02711023
    13.2000000        0.02355023        0.02722457
    13.2500000        0.02372864        0.02660250
    13.3000000        0.02987070        0.02912677
    13.3500000        0.02517629        0.02895593
    13.4000000        0.02522447        0.03105844
    13.4500000        0.02430170        0.02985463
    13.5000000        0.02237490        0.02919719
    13.5500000        0.02243540        0.03030946
    13.6000000        0.02694891        0.03036995
    13.6500000        0.01986501        0.02697948
    13.7000000       -0.00034523        0.02411118
    13.7500000       -0.00422058        0.02582106
    13.8000000       -0.00633221        0.02661371
    13.8500000        0.00499268        0.02942876
    13.9000000        0.00891208        0.03005884
    13.9500000       -0.00379008        0.02932614
    14.0000000       -0.00501091        0.03317531
    14.0500000       -0.00916660        0.03382218
    14.1000000       -0.01319801        0.03155470
    14.1500000       -0.01420246        0.03111741
    14.2000000       -0.01005538        0.02838564
    14.2500000       -0.00692708        0.02313179
    14.3000000        0.00005426        0.02654787
    14.3500000        0.01110426        0.02685525
    14.4000000        0.00906489        0.02863719
    14.4500000        0.00575858        0.03083972
    14.5000000        0.00260417        0.03127155
    14.5500000       -0.00313670        0.02852480
    14.6000000       -0.00263586        0.02889106
    14.6500000       -0.00280653        0.03158156
    14.7000000       -0.00091124        0.03074456
    14.7500000        0.00132997        0.03084373
    14.8000000        0.00105191        0.03040821
    14.8500000        0.02012957        0.03214698
    14.9000000        0.00126973        0.02696957
    14.9500000        0.00256748        0.02335201
    15.0000000       -0.00118029        0.02136185
    15.0500000       -0.00673429        0.02318702
    15.1000000       -0.00343496        0.02334652
    15.1500000        0.00319946        0.03227082
    15.2000000        0.00486130        0.03612257
    15.2500000        0.00646084        0.03190564
    15.3000000        0.00773903        0.03021709
    15.3500000       -0.00190634        0.02525577
    15.4000000       -0.00785977        0.02090755
    15.4500000       -0.00716193        0.02200633
    15.5000000       -0.02091592        0.02267771
    15.5500000       -0.02015423        0.02777776
    15.6000000       -0.01324688        0.03151079
    15.6500000        0.00523780        0.03294177
    15.7000000        0.00731650        0.03249308
    15.7500000        0.01536230        0.03077594
    15.8000000        0.02742343        0.02619643
    15.8500000        0.04004326        0.02454765
    15.9000000        0.03536128        0.02519615
    15.9500000        0.03963662        0.02524602
    16.0000000        0.03732644        0.02722843
    16.0500000        0.03479431        0.03121117
    16.1000000        0.03497416        0.03465294
    16.1500000        0.04771689        0.03312110
    16.2000000        0.04231324        0.03022908
    16.2500000        0.03688083        0.02527898
    16.3000000        0.03500169        0.02582745
    16.3500000        0.04105779        0.03193823
    16.4000000        0.02533642        0.03184087
    16.4500000        0.02104287        0.03663758
    16.5000000        0.02062185        0.04466007
    16.5500000        0.03239778        0.04611037
    16.6000000        0.04476497        0.04904840
    16.6500000        0.05313900        0.04990799
    16.7000000        0.06031843        0.04768565
    16.7500000        0.04504742        0.04347738
    16.8000000        0.04005705        0.04495694
    16.8500000        0.03766266        0.04184637
    16.9000000        0.04044811        0.03794013
    16.9500000        0.03723373        0.03694544
    17.0000000        0.04627053        0.03475525
    17.0500000        0.05532492        0.03817694
    17.1000000        0.05399608        0.03160417
    17.1500000        0.04539029        0.02916016
    17.2000000        0.06433762        0.02884694
    17.2500000        0.07983013        0.02976102
    17.3000000        0.07808832        0.03274221
    17.3500000        0.07323519        0.03490349
    17.4000000        0.06723130        0.03917075
    17.4500000        0.07337270        0.04454414
    17.5000000        0.07016395        0.04346211
    17.5500000        0.06126048        0.04555949
    17.6000000        0.05727729        0.04546956
    17.6500000        0.06189228        0.04628140
    17.7000000        0.05812298        0.04701872
    17.7500000        0.06038022        0.05420205
    17.8000000        0.07131434        0.05386648
    17.8500000        0.05779883        0.04994571
    17.9000000        0.07167845        0.05131123
    17.9500000        0.07799996        0.05474791
    18.0000000        0.07926662        0.05614544
    18.0500000        0.08510112        0.05149787
    18.1000000        0.07797825        0.05258704
    18.1500000        0.07298317        0.05747200
    18.2000000        0.08626467        0.06239354
    18.2500000        0.10089032        0.06586691
    18.3000000        0.10242721        0.06457341
    18.3500000        0.10690695        0.05644577
    18.4000000        0.11530732        0.05639724
    18.4500000        0.11297819        0.05835462
    18.5000000        0.12175862        0.05335390
    18.5500000        0.11703963        0.05511269
    18.6000000        0.12691483        0.05930306
    18.6500000        0.13872985        0.05812577
    18.7000000        0.14007921        0.06392340
    18.7500000        0.14793444        0.06223006
    18.8000000        0.14847546        0.06757973
    18.8500000        0.15269508        0.06408323
    18.9000000        0.17491111        0.05672915
    18.9500000        0.19618135        0.05455182
    19.0000000        0.21413702        0.04828684
    19.0500000        0.23392131        0.05600842
    19.1000000        0.26451850        0.06044285
    19.1500000        0.26446583        0.06472769
    19.2000000        0.28625427        0.06992002
    19.2500000        0.29825520        0.07438975
    19.3000000        0.31608370        0.07249402
    19.3500000        0.34860446        0.07736790
    19.4000000        0.39704292        0.08092870
    19.4500000        0.45291041        0.07603282
    19.5000000        0.52765543        0.08179560
    19.5500000        0.57751977        0.08538004
    19.6000000        0.64510117        0.08694668
    19.6500000        0.70214106        0.09074607
    19.7000000        0.80191699        0.09306476
    19.7500000        0.92761053        0.08446134
    19.8000000        1.06625651        0.06909581
    19.8500000        1.23581072        0.06874335
    19.9000000        1.43816369        0.06722142
    19.9500000        1.63103856        0.06554242
    20.0000000        1.87476679        0.06775170
