     0.0000000        0.63764516        0.01743207
     0.1000000        0.52568057        0.01653172
     0.2000000        0.44519340        0.01686912
     0.3000000        0.38325783        0.01616281
     0.4000000        0.33429266        0.01467813
     0.5000000        0.29402745        0.01365765
     0.6000000        0.26128737        0.01345143
     0.7000000        0.23492205        0.01267322
     0.8000000        0.21163972        0.01182734
     0.9000000        0.19434968        0.01157226
     1.0000000        0.17826397        0.01210405
     1.1000000        0.16445000        0.01158700
     1.2000000        0.15039534        0.01198232
     1.3000000        0.13861448        0.01237363
     1.4000000        0.12760371        0.01213929
     1.5000000        0.11698199        0.01137326
     1.6000000        0.10959481        0.01086781
     1.7000000        0.10072449        0.01072053
     1.8000000        0.09343372        0.01072006
     1.9000000        0.08778497        0.01041894
     2.0000000        0.08341591        0.01066366
     2.1000000        0.07888799        0.01131637
     2.2000000        0.07497508        0.01148407
     2.3000000        0.06910117        0.01205629
     2.4000000        0.06356611        0.01253159
     2.5000000        0.05808988        0.01218272
     2.6000000        0.05371532        0.01161106
     2.7000000        0.04927994        0.01117930
     2.8000000        0.04508000        0.00995013
     2.9000000        0.04285979        0.00907038
     3.0000000        0.04384172        0.00921870
     3.1000000        0.04412558        0.00915046
     3.2000000        0.04241112        0.00944915
     3.3000000        0.03937824        0.00896873
     3.4000000        0.03742763        0.00860068
     3.5000000        0.03475480        0.00802981
     3.6000000        0.03436813        0.00762635
     3.7000000        0.03363851        0.00648230
     3.8000000        0.03274385        0.00561202
     3.9000000        0.03205341        0.00504387
     4.0000000        0.02985431        0.00427764
     4.1000000        0.02813679        0.00429806
     4.2000000        0.02619290        0.00476156
     4.3000000        0.02535455        0.00544306
     4.4000000        0.02176227        0.00556193
     4.5000000        0.02013667        0.00553533
     4.6000000        0.01925397        0.00526004
     4.7000000        0.01932493        0.00532807
     4.8000000        0.01917027        0.00518085
     4.9000000        0.02066851        0.00562363
     5.0000000        0.02070173        0.00639529
     5.1000000        0.01988191        0.00667580
     5.2000000        0.02075392        0.00646445
     5.3000000        0.02239410        0.00657376
     5.4000000        0.02376801        0.00642700
     5.5000000        0.02560306        0.00671976
     5.6000000        0.02823200        0.00570218
     5.7000000        0.03108191        0.00577071
     5.8000000        0.03191026        0.00593031
     5.9000000        0.03067179        0.00599835
     6.0000000        0.02885247        0.00543090
     6.1000000        0.02964534        0.00525876
     6.2000000        0.03237469        0.00376257
     6.3000000        0.03243979        0.00289631
     6.4000000        0.03203836        0.00328349
     6.5000000        0.03494652        0.00416177
     6.6000000        0.03773730        0.00461111
     6.7000000        0.03951891        0.00460808
     6.8000000        0.04184933        0.00562046
     6.9000000        0.04456748        0.00662567
     7.0000000        0.04754059        0.00647646
     7.1000000        0.04921590        0.00701158
     7.2000000        0.05109990        0.00716510
     7.3000000        0.05320154        0.00713767
     7.4000000        0.05675014        0.00712601
     7.5000000        0.05992914        0.00723711
     7.6000000        0.06330689        0.00808357
     7.7000000        0.06663405        0.00831353
     7.8000000        0.06871219        0.00899004
     7.9000000        0.07322898        0.00940167
     8.0000000        0.07965267        0.00951270
     8.1000000        0.08548441        0.01021554
     8.2000000        0.09137308        0.01152171
     8.3000000        0.10033882        0.01308118
     8.4000000        0.10741614        0.01342147
     8.5000000        0.11656539        0.01289826
     8.6000000        0.12574020        0.01260692
     8.7000000        0.13415032        0.01261685
     8.8000000        0.14729156        0.01260855
     8.9000000        0.16067983        0.01273666
     9.0000000        0.17585139        0.01232149
     9.1000000        0.19208682        0.01280514
     9.2000000        0.21173852        0.01335804
     9.3000000        0.23701862        0.01470835
     9.4000000        0.26505825        0.01531078
     9.5000000        0.29539838        0.01506750
     9.6000000        0.33177108        0.01543459
     9.7000000        0.38003403        0.01649214
     9.8000000        0.44151107        0.01722879
     9.9000000        0.52516835        0.01762115
    10.0000000        0.63764516        0.01743207
