     0.0000000        0.39626582        0.16556939
     0.1000000        0.22240246        0.16074173
     0.2000000        0.11449290        0.16057927
     0.3000000        0.07757463        0.14955205
     0.4000000        0.06328254        0.13760873
     0.5000000        0.05105222        0.12831696
     0.6000000        0.04431353        0.11473888
     0.7000000        0.03801786        0.10696587
     0.8000000        0.03424358        0.10330413
     0.9000000        0.04294974        0.09818735
     1.0000000        0.03419116        0.09742167
     1.1000000        0.02400605        0.09467441
     1.2000000        0.01394166        0.09524307
     1.3000000        0.02852480        0.09631733
     1.4000000        0.04176229        0.09005692
     1.5000000        0.04256495        0.08957867
     1.6000000        0.05680800        0.08044766
     1.7000000        0.05894828        0.07352919
     1.8000000        0.06575506        0.07067352
     1.9000000        0.06921446        0.07199892
     2.0000000        0.05679981        0.08047426
     2.1000000        0.05871639        0.07880010
     2.2000000        0.06653508        0.07322657
     2.3000000        0.07258971        0.06820246
     2.4000000        0.06674698        0.06676718
     2.5000000        0.05173862        0.06916441
     2.6000000        0.04747799        0.06667856
     2.7000000        0.03687790        0.06308015
     2.8000000        0.03302969        0.06464366
     2.9000000        0.05104968        0.06714503
     3.0000000        0.06224715        0.06143316
     3.1000000        0.06813914        0.06322580
     3.2000000        0.07557873        0.07141124
     3.3000000        0.07682293        0.07209331
     3.4000000        0.08063283        0.07587189
     3.5000000        0.08169553        0.06844428
     3.6000000        0.08182071        0.07112011
     3.7000000        0.07922789        0.06884315
     3.8000000        0.07163112        0.07388781
     3.9000000        0.07431745        0.07523257
     4.0000000        0.06839411        0.08163676
     4.1000000        0.07556520        0.07980055
     4.2000000        0.08584682        0.07394627
     4.3000000        0.08518802        0.07159354
     4.4000000        0.08336369        0.06592463
     4.5000000        0.07560101        0.07001660
     4.6000000        0.08316285        0.07195407
     4.7000000        0.09965810        0.07149194
     4.8000000        0.11160807        0.06432568
     4.9000000        0.12960078        0.05678296
     5.0000000        0.13438356        0.04998341
     5.1000000        0.12758729        0.05198547
     5.2000000        0.11466274        0.05694743
     5.3000000        0.11342006        0.05386562
     5.4000000        0.10903633        0.05578816
     5.5000000        0.10205256        0.05514547
     5.6000000        0.09516893        0.05502529
     5.7000000        0.09037366        0.04939999
     5.8000000        0.08745305        0.04532267
     5.9000000        0.08249563        0.04155494
     6.0000000        0.07026541        0.04160404
     6.1000000        0.05991293        0.04082586
     6.2000000        0.06025544        0.03879130
     6.3000000        0.05756272        0.03489450
     6.4000000        0.06440949        0.03586960
     6.5000000        0.05230987        0.04085950
     6.6000000        0.04809546        0.04754747
     6.7000000        0.05464336        0.05124250
     6.8000000        0.06726682        0.05115048
     6.9000000        0.06688585        0.05354306
     7.0000000        0.07624926        0.05075672
     7.1000000        0.07809039        0.04840099
     7.2000000        0.06821904        0.05328745
     7.3000000        0.05804466        0.06728627
     7.4000000        0.04574815        0.08256958
     7.5000000        0.03785739        0.08828238
     7.6000000        0.02918731        0.09824315
     7.7000000        0.01719700        0.10741198
     7.8000000        0.02350854        0.09698122
     7.9000000        0.02327653        0.09024595
     8.0000000        0.01709825        0.09208302
     8.1000000        0.02198494        0.10102286
     8.2000000        0.02467490        0.10133485
     8.3000000        0.01380098        0.10184779
     8.4000000        0.00606270        0.10189438
     8.5000000       -0.00617543        0.10552644
     8.6000000       -0.01529034        0.10744014
     8.7000000       -0.00900686        0.11005973
     8.8000000       -0.01686001        0.12315753
     8.9000000       -0.03423065        0.12917610
     9.0000000       -0.05461110        0.13685621
     9.1000000       -0.07257085        0.15014793
     9.2000000       -0.08165740        0.16388282
     9.3000000       -0.07702355        0.17165122
     9.4000000       -0.06074081        0.17596970
     9.5000000       -0.04523766        0.18164346
     9.6000000       -0.02104722        0.18313183
     9.7000000       -0.00252456        0.18324234
     9.8000000        0.06943217        0.17884957
     9.9000000        0.19222118        0.17091642
    10.0000000        0.39626582        0.16556939
