     0.0000000        0.23831666        0.00834453
     0.1000000        0.14057446        0.00894446
     0.2000000        0.08499744        0.00857702
     0.3000000        0.05163799        0.00834462
     0.4000000        0.02947083        0.00784496
     0.5000000        0.01840167        0.00689902
     0.6000000        0.01192498        0.00693597
     0.7000000        0.01055412        0.00708958
     0.8000000        0.01027353        0.00677170
     0.9000000        0.01149823        0.00648212
     1.0000000        0.01249316        0.00670996
     1.1000000        0.01358562        0.00691278
     1.2000000        0.01446136        0.00700944
     1.3000000        0.01536690        0.00652661
     1.4000000        0.01475413        0.00591102
     1.5000000        0.01294167        0.00571249
     1.6000000        0.01302026        0.00595181
     1.7000000        0.01450503        0.00645486
     1.8000000        0.01515532        0.00684474
     1.9000000        0.01625015        0.00671145
     2.0000000        0.01607149        0.00584779
     2.1000000        0.01521479        0.00517095
     2.2000000        0.01532245        0.00430822
     2.3000000        0.01574642        0.00435228
     2.4000000        0.01483341        0.00391177
     2.5000000        0.01421963        0.00405914
     2.6000000        0.01429372        0.00503593
     2.7000000        0.01351826        0.00492969
     2.8000000        0.01168390        0.00447734
     2.9000000        0.00869265        0.00415838
     3.0000000        0.00777761        0.00380514
     3.1000000        0.00623678        0.00366565
     3.2000000        0.00513575        0.00377230
     3.3000000        0.00369077        0.00350934
     3.4000000        0.00462438        0.00328637
     3.5000000        0.00588586        0.00330182
     3.6000000        0.00637663        0.00330937
     3.7000000        0.00620210        0.00329889
     3.8000000        0.00784947        0.00347291
     3.9000000        0.00849405        0.00388167
     4.0000000        0.00975153        0.00441994
     4.1000000        0.00909322        0.00437600
     4.2000000        0.01078756        0.00483302
     4.3000000        0.01258033        0.00474536
     4.4000000        0.01378754        0.00486117
     4.5000000        0.01425136        0.00511950
     4.6000000        0.01303602        0.00456091
     4.7000000        0.01094183        0.00433056
     4.8000000        0.01055438        0.00461192
     4.9000000        0.01164619        0.00510102
     5.0000000        0.01183039        0.00512978
     5.1000000        0.01208720        0.00538373
     5.2000000        0.01315252        0.00533517
     5.3000000        0.01287520        0.00501558
     5.4000000        0.01338109        0.00486591
     5.5000000        0.01389503        0.00472344
     5.6000000        0.01272887        0.00523936
     5.7000000        0.01157243        0.00545202
     5.8000000        0.01004194        0.00525393
     5.9000000        0.00984178        0.00484377
     6.0000000        0.00754040        0.00449909
     6.1000000        0.00661318        0.00457723
     6.2000000        0.00510075        0.00424607
     6.3000000        0.00511316        0.00421359
     6.4000000        0.00556238        0.00446845
     6.5000000        0.00514703        0.00458711
     6.6000000        0.00653832        0.00430946
     6.7000000        0.00671201        0.00421325
     6.8000000        0.00706794        0.00418367
     6.9000000        0.00614999        0.00409873
     7.0000000        0.00559195        0.00405204
     7.1000000        0.00692990        0.00408457
     7.2000000        0.00823318        0.00409176
     7.3000000        0.00837545        0.00378238
     7.4000000        0.00951431        0.00394570
     7.5000000        0.00926957        0.00380931
     7.6000000        0.01015242        0.00372924
     7.7000000        0.01096774        0.00360819
     7.8000000        0.01149915        0.00390902
     7.9000000        0.01111150        0.00443724
     8.0000000        0.01086081        0.00471054
     8.1000000        0.01152409        0.00475645
     8.2000000        0.01353060        0.00502925
     8.3000000        0.01337247        0.00543868
     8.4000000        0.01334054        0.00560670
     8.5000000        0.01414110        0.00532082
     8.6000000        0.01529582        0.00502926
     8.7000000        0.01603838        0.00514074
     8.8000000        0.01486179        0.00549913
     8.9000000        0.01420681        0.00581114
     9.0000000        0.01537713        0.00555365
     9.1000000        0.01658092        0.00533067
     9.2000000        0.01596479        0.00533013
     9.3000000        0.01726207        0.00511629
     9.4000000        0.02106167        0.00507705
     9.5000000        0.02810398        0.00544740
     9.6000000        0.03968194        0.00573145
     9.7000000        0.05998542        0.00606320
     9.8000000        0.08954044        0.00691745
     9.9000000        0.14305005        0.00730314
    10.0000000        0.23831666        0.00834453
