     0.0000000        0.81204941        0.01078522
     0.1000000        0.64680298        0.00962877
     0.2000000        0.53058817        0.00937718
     0.3000000        0.44076334        0.00868527
     0.4000000        0.37192504        0.00824178
     0.5000000        0.32019124        0.00899349
     0.6000000        0.27568108        0.00932061
     0.7000000        0.23919063        0.01024156
     0.8000000        0.20539722        0.00898348
     0.9000000        0.17726584        0.00747382
     1.0000000        0.15266834        0.00596715
     1.1000000        0.13151676        0.00462709
     1.2000000        0.11526280        0.00507545
     1.3000000        0.10016434        0.00479682
     1.4000000        0.08636092        0.00434396
     1.5000000        0.07327612        0.00380076
     1.6000000        0.06232045        0.00354945
     1.7000000        0.05247433        0.00282040
     1.8000000        0.04412418        0.00251965
     1.9000000        0.03824582        0.00237806
     2.0000000        0.03286032        0.00226297
     2.1000000        0.02856746        0.00231784
     2.2000000        0.02514951        0.00277050
     2.3000000        0.02081512        0.00283850
     2.4000000        0.01816212        0.00296324
     2.5000000        0.01682006        0.00392807
     2.6000000        0.01756507        0.00591977
     2.7000000        0.01545588        0.00550054
     2.8000000        0.01360139        0.00474292
     2.9000000        0.01322614        0.00475612
     3.0000000        0.01212896        0.00485367
     3.1000000        0.01185197        0.00489158
     3.2000000        0.01060793        0.00433961
     3.3000000        0.00900888        0.00405952
     3.4000000        0.00735481        0.00352178
     3.5000000        0.00657870        0.00290684
     3.6000000        0.00550959        0.00327725
     3.7000000        0.00485770        0.00367619
     3.8000000        0.00316864        0.00416240
     3.9000000        0.00212833        0.00486287
     4.0000000        0.00039664        0.00566604
     4.1000000        0.00090108        0.00710987
     4.2000000        0.00110985        0.00755686
     4.3000000        0.00196061        0.00872350
     4.4000000        0.00180193        0.00954739
     4.5000000        0.00214237        0.01038275
     4.6000000        0.00207591        0.01062331
     4.7000000        0.00055496        0.00888993
     4.8000000        0.00041651        0.00782636
     4.9000000       -0.00027864        0.00604102
     5.0000000       -0.00047405        0.00509379
     5.1000000       -0.00198038        0.00406827
     5.2000000       -0.00218377        0.00328565
     5.3000000       -0.00236877        0.00281488
     5.4000000       -0.00195709        0.00291627
     5.5000000       -0.00295452        0.00249699
     5.6000000       -0.00375714        0.00230427
     5.7000000       -0.00395737        0.00248003
     5.8000000       -0.00442362        0.00253405
     5.9000000       -0.00584564        0.00323902
     6.0000000       -0.00500380        0.00264568
     6.1000000       -0.00432742        0.00304086
     6.2000000       -0.00242176        0.00290826
     6.3000000       -0.00013574        0.00252935
     6.4000000        0.00021442        0.00339256
     6.5000000        0.00069602        0.00381206
     6.6000000        0.00195441        0.00320467
     6.7000000        0.00266887        0.00323350
     6.8000000        0.00516106        0.00221045
     6.9000000        0.00537694        0.00218716
     7.0000000        0.00665497        0.00205766
     7.1000000        0.00848264        0.00205821
     7.2000000        0.01028023        0.00172781
     7.3000000        0.01229150        0.00202039
     7.4000000        0.01558354        0.00163816
     7.5000000        0.01730466        0.00159726
     7.6000000        0.01952174        0.00176005
     7.7000000        0.02337376        0.00225449
     7.8000000        0.02627532        0.00218730
     7.9000000        0.03166810        0.00230756
     8.0000000        0.03686078        0.00241640
     8.1000000        0.04345946        0.00328117
     8.2000000        0.05050278        0.00361870
     8.3000000        0.05688552        0.00331520
     8.4000000        0.06417691        0.00317685
     8.5000000        0.07368097        0.00379981
     8.6000000        0.08583008        0.00479119
     8.7000000        0.09992603        0.00621595
     8.8000000        0.11522481        0.00701644
     8.9000000        0.13239012        0.00731420
     9.0000000        0.15152639        0.00781077
     9.1000000        0.17482386        0.00789587
     9.2000000        0.20256596        0.00804962
     9.3000000        0.23567785        0.00905745
     9.4000000        0.27332037        0.00919185
     9.5000000        0.31931928        0.00977085
     9.6000000        0.37327082        0.00969633
     9.7000000        0.44245033        0.01043913
     9.8000000        0.52906025        0.01014733
     9.9000000        0.64659481        0.01043225
    10.0000000        0.81204941        0.01078522
