     0.0000000        2.18288651        0.03964104
     0.0500000        1.78365489        0.03035617
     0.1000000        1.47598792        0.03062979
     0.1500000        1.22847345        0.03209778
     0.2000000        1.03150117        0.03244972
     0.2500000        0.86964018        0.03689119
     0.3000000        0.74474821        0.03803760
     0.3500000        0.64191509        0.03682266
     0.4000000        0.55974954        0.03390830
     0.4500000        0.47060937        0.03608781
     0.5000000        0.39306758        0.03389003
     0.5500000        0.32820206        0.03264761
     0.6000000        0.27591045        0.03134108
     0.6500000        0.23713618        0.02911666
     0.7000000        0.21125935        0.03025704
     0.7500000        0.17253443        0.02451240
     0.8000000        0.14717393        0.02568546
     0.8500000        0.13066623        0.02500296
     0.9000000        0.11257200        0.02399099
     0.9500000        0.10909336        0.02083701
     1.0000000        0.09425013        0.02145083
     1.0500000        0.08123974        0.01973490
     1.1000000        0.08336979        0.01665855
     1.1500000        0.06939436        0.01473642
     1.2000000        0.06525758        0.01752376
     1.2500000        0.07165787        0.02026824
     1.3000000        0.07037116        0.02035480
     1.3500000        0.06984546        0.01827997
     1.4000000        0.06485743        0.02001490
     1.4500000        0.06392331        0.01948401
     1.5000000        0.06109369        0.02088561
     1.5500000        0.05612502        0.02157889
     1.6000000        0.06363616        0.02205522
     1.6500000        0.05730900        0.02151093
     1.7000000        0.05891238        0.01954822
     1.7500000        0.04137333        0.01806883
     1.8000000        0.03231049        0.02444971
     1.8500000        0.02226119        0.02397872
     1.9000000        0.02370274        0.02112068
     1.9500000        0.02712876        0.01882558
     2.0000000        0.02447767        0.01677731
     2.0500000        0.01930580        0.01486859
     2.1000000        0.02545694        0.01440042
     2.1500000        0.01626029        0.01142150
     2.2000000        0.01054544        0.01170837
     2.2500000        0.01801417        0.01159965
     2.3000000        0.02036888        0.01386989
     2.3500000        0.02020688        0.01685585
     2.4000000        0.02032604        0.01806698
     2.4500000        0.02412602        0.01836314
     2.5000000        0.02249644        0.02004481
     2.5500000        0.02469912        0.01950689
     2.6000000        0.02298173        0.01581596
     2.6500000        0.01547846        0.01365555
     2.7000000        0.01004518        0.01194339
     2.7500000        0.01160129        0.00821067
     2.8000000        0.00812666        0.00883380
     2.8500000        0.00474149        0.01019730
     2.9000000        0.00311230        0.00916483
     2.9500000       -0.00329742        0.00924542
     3.0000000       -0.00260425        0.01117169
     3.0500000       -0.00317195        0.01103899
     3.1000000       -0.00497869        0.01061289
     3.1500000        0.00101535        0.01077278
     3.2000000        0.00054308        0.00993531
     3.2500000       -0.00047032        0.00996274
     3.3000000       -0.00253464        0.01180819
     3.3500000        0.00675278        0.01060151
     3.4000000        0.00547408        0.01225811
     3.4500000        0.00544057        0.01321925
     3.5000000        0.01054208        0.01374530
     3.5500000        0.00268030        0.01583934
     3.6000000       -0.00115163        0.01358877
     3.6500000       -0.01297177        0.01193824
     3.7000000       -0.02114081        0.01042303
     3.7500000       -0.02484385        0.01357473
     3.8000000       -0.02202145        0.01333782
     3.8500000       -0.02019128        0.01100285
     3.9000000       -0.01595424        0.01143812
     3.9500000       -0.02623623        0.01204132
     4.0000000       -0.02224257        0.01303975
     4.0500000       -0.02771787        0.01438416
     4.1000000       -0.02769964        0.01139276
     4.1500000       -0.02736092        0.01204562
     4.2000000       -0.02748495        0.01132710
     4.2500000       -0.02688310        0.01022631
     4.3000000       -0.01861893        0.00942450
     4.3500000       -0.01828628        0.01068134
     4.4000000       -0.01226830        0.00796747
     4.4500000       -0.01620709        0.00871016
     4.5000000       -0.01612874        0.00800749
     4.5500000       -0.01491373        0.00767720
     4.6000000       -0.02128148        0.00615349
     4.6500000       -0.02063259        0.00373213
     4.7000000        0.00633142        0.01556064
     4.7500000        0.01427488        0.01222723
     4.8000000        0.00992531        0.01237985
     4.8500000        0.00549203        0.01432627
     4.9000000        0.00171945        0.01002729
     4.9500000        0.01092107        0.00677228
     5.0000000        0.01339083        0.00910998
     5.0500000        0.01135478        0.01273691
     5.1000000        0.00849968        0.00775027
     5.1500000        0.00124369        0.00736137
     5.2000000       -0.00313891        0.00726939
     5.2500000        0.00554654        0.00963743
     5.3000000        0.00942219        0.01018268
     5.3500000        0.01761691        0.01338518
     5.4000000        0.01820560        0.01482399
     5.4500000        0.02154978        0.01771518
     5.5000000        0.01670850        0.01512391
     5.5500000        0.01124140        0.01501208
     5.6000000        0.00978329        0.01665049
     5.6500000        0.01314560        0.01552303
     5.7000000        0.01371057        0.01288673
     5.7500000        0.01386863        0.01154145
     5.8000000        0.01138699        0.01073505
     5.8500000        0.00720401        0.01174001
     5.9000000        0.00636504        0.01099133
     5.9500000        0.00866664        0.00865946
     6.0000000        0.01041718        0.00951311
     6.0500000        0.01146013        0.01130793
     6.1000000        0.01235635        0.01204352
     6.1500000        0.01403658        0.01740367
     6.2000000        0.01562051        0.01426031
     6.2500000        0.01491889        0.01226752
     6.3000000        0.00953418        0.01123145
     6.3500000        0.01093648        0.01170001
     6.4000000        0.01014920        0.01233642
     6.4500000        0.01101982        0.01161871
     6.5000000        0.01034178        0.01200385
     6.5500000        0.01518351        0.01335490
     6.6000000        0.02020785        0.01443925
     6.6500000        0.02095996        0.01481252
     6.7000000        0.01797141        0.01587609
     6.7500000        0.01590232        0.01347891
     6.8000000        0.01226794        0.00955269
     6.8500000        0.01018888        0.00846732
     6.9000000        0.01283717        0.00889338
     6.9500000        0.01767519        0.00909754
     7.0000000        0.02019260        0.00787375
     7.0500000        0.01999543        0.00744877
     7.1000000        0.02376816        0.01065524
     7.1500000        0.01256546        0.01090393
     7.2000000        0.00422327        0.00955568
     7.2500000        0.00626677        0.01074470
     7.3000000        0.00509447        0.01329273
     7.3500000       -0.00059360        0.01289671
     7.4000000       -0.00270730        0.01209132
     7.4500000       -0.00364009        0.01226054
     7.5000000       -0.00469749        0.01069239
     7.5500000       -0.00547272        0.00835645
     7.6000000       -0.01321433        0.00681370
     7.6500000       -0.01310116        0.00817442
     7.7000000       -0.00919771        0.00903800
     7.7500000       -0.00739356        0.00747819
     7.8000000       -0.00648683        0.00712610
     7.8500000       -0.00009550        0.00823172
     7.9000000        0.00084646        0.00931975
     7.9500000        0.01074895        0.00756168
     8.0000000        0.00984500        0.00876272
     8.0500000        0.01036778        0.00909873
     8.1000000        0.00457324        0.00776397
     8.1500000        0.00948466        0.00798955
     8.2000000        0.01452080        0.00920770
     8.2500000        0.00962542        0.00787610
     8.3000000        0.00903154        0.00570921
     8.3500000        0.00959131        0.00784611
     8.4000000        0.00862704        0.00742673
     8.4500000        0.00601478        0.00623698
     8.5000000        0.00278415        0.00775784
     8.5500000       -0.00216671        0.00939471
     8.6000000       -0.00918483        0.00941196
     8.6500000       -0.01185513        0.01171399
     8.7000000       -0.01127237        0.00884856
     8.7500000       -0.01105924        0.00803124
     8.8000000       -0.01232234        0.00720845
     8.8500000       -0.00749565        0.00684340
     8.9000000       -0.00802929        0.00753333
     8.9500000       -0.00622300        0.00874275
     9.0000000        0.00067347        0.00931280
     9.0500000       -0.00258679        0.00956350
     9.1000000       -0.00446240        0.00935821
     9.1500000        0.00582794        0.00682834
     9.2000000        0.00474550        0.00804966
     9.2500000        0.00535810        0.00920525
     9.3000000       -0.00041766        0.00893147
     9.3500000        0.00012937        0.00864715
     9.4000000        0.00980809        0.00997657
     9.4500000        0.01236258        0.01022968
     9.5000000        0.00618568        0.00720778
     9.5500000        0.00166458        0.00625816
     9.6000000       -0.00295462        0.00701597
     9.6500000        0.00073446        0.00817106
     9.7000000        0.00296891        0.00856548
     9.7500000       -0.01435231        0.01775280
     9.8000000       -0.01318061        0.01647730
     9.8500000       -0.01598261        0.01944829
     9.9000000       -0.01875680        0.01479970
     9.9500000       -0.01983207        0.01428491
    10.0000000       -0.01174207        0.01461054
    10.0500000        0.01832676        0.00874650
    10.1000000        0.02369243        0.00989712
    10.1500000        0.02045709        0.01040015
    10.2000000        0.01994111        0.00999457
    10.2500000        0.01152740        0.00783343
    10.3000000        0.00711664        0.01152183
    10.3500000        0.01690650        0.01206279
    10.4000000        0.02041900        0.01146336
    10.4500000        0.01844409        0.01277743
    10.5000000        0.01547325        0.01103333
    10.5500000        0.01013490        0.01095966
    10.6000000        0.00790722        0.00617318
    10.6500000        0.00249449        0.00993106
    10.7000000       -0.00181774        0.00935711
    10.7500000       -0.00486186        0.00831255
    10.8000000       -0.01733026        0.01074993
    10.8500000       -0.01253018        0.00659666
    10.9000000       -0.00758446        0.00547195
    10.9500000       -0.00995039        0.00513706
    11.0000000       -0.01017323        0.00548738
    11.0500000       -0.01019401        0.00777872
    11.1000000       -0.00520437        0.01061532
    11.1500000       -0.01335070        0.00840320
    11.2000000       -0.01165622        0.00648387
    11.2500000        0.00035489        0.00511352
    11.3000000        0.00057184        0.00462510
    11.3500000        0.00146218        0.00441605
    11.4000000        0.00414668        0.00384003
    11.4500000        0.00399940        0.00449233
    11.5000000        0.00115608        0.00390704
    11.5500000       -0.00404059        0.00428476
    11.6000000       -0.01150660        0.00686007
    11.6500000       -0.00934739        0.00779971
    11.7000000       -0.00650060        0.00838772
    11.7500000       -0.00944161        0.00786961
    11.8000000       -0.00992297        0.00806242
    11.8500000       -0.00587460        0.00511593
    11.9000000       -0.00214274        0.00662037
    11.9500000       -0.00116878        0.00679802
    12.0000000       -0.00327091        0.00725956
    12.0500000       -0.00198047        0.00676334
    12.1000000       -0.00012912        0.00601134
    12.1500000        0.00073876        0.00523343
    12.2000000        0.00227279        0.00704697
    12.2500000       -0.00010734        0.00842811
    12.3000000       -0.00089120        0.01166737
    12.3500000        0.00009676        0.01175941
    12.4000000        0.00217343        0.01171782
    12.4500000        0.00579404        0.01037037
    12.5000000        0.00426461        0.00911766
    12.5500000        0.00590068        0.00753720
    12.6000000        0.00037939        0.00928536
    12.6500000       -0.00196585        0.00982122
    12.7000000        0.00259635        0.01037783
    12.7500000        0.00512565        0.01124448
    12.8000000        0.00342103        0.01159670
    12.8500000        0.00129225        0.01193700
    12.9000000        0.00276997        0.01182656
    12.9500000        0.00739622        0.01037877
    13.0000000        0.00890560        0.01056137
    13.0500000        0.01294053        0.00967565
    13.1000000        0.00537166        0.00834078
    13.1500000        0.00592406        0.00943528
    13.2000000        0.00262967        0.00882807
    13.2500000        0.00206598        0.00810959
    13.3000000        0.00474484        0.01008024
    13.3500000        0.00515933        0.00980567
    13.4000000        0.00483845        0.01169686
    13.4500000        0.00880279        0.01098405
    13.5000000        0.00743904        0.01181253
    13.5500000        0.00767316        0.01174164
    13.6000000        0.00930744        0.00787147
    13.6500000        0.00834201        0.00915824
    13.7000000        0.00212965        0.00858391
    13.7500000       -0.00105029        0.00862637
    13.8000000       -0.00263976        0.00987053
    13.8500000       -0.00059609        0.01061264
    13.9000000        0.00238754        0.01276466
    13.9500000        0.00330758        0.00990966
    14.0000000       -0.00026155        0.01014679
    14.0500000       -0.00679005        0.00889051
    14.1000000       -0.00871428        0.00797602
    14.1500000       -0.00594361        0.00827346
    14.2000000       -0.00064897        0.00854591
    14.2500000       -0.00174824        0.00792420
    14.3000000       -0.00523139        0.00692305
    14.3500000       -0.00703993        0.00652587
    14.4000000       -0.01188355        0.00780997
    14.4500000       -0.01345324        0.00780066
    14.5000000       -0.01931293        0.00751801
    14.5500000       -0.02022346        0.00723233
    14.6000000       -0.02700966        0.00818495
    14.6500000       -0.02767247        0.01097934
    14.7000000       -0.02163428        0.01092885
    14.7500000       -0.00820070        0.01161582
    14.8000000       -0.00549709        0.01239190
    14.8500000        0.00217018        0.01271880
    14.9000000       -0.00274008        0.01442865
    14.9500000        0.00044428        0.01487903
    15.0000000       -0.00351908        0.01281296
    15.0500000       -0.00705871        0.01349303
    15.1000000       -0.01022490        0.01158257
    15.1500000       -0.01359281        0.01189412
    15.2000000       -0.00989318        0.00945963
    15.2500000       -0.01763960        0.01058642
    15.3000000       -0.02176478        0.01182905
    15.3500000       -0.01441685        0.01191514
    15.4000000       -0.01661777        0.01349847
    15.4500000       -0.02096900        0.01370415
    15.5000000       -0.02172874        0.00872131
    15.5500000       -0.02278068        0.00829545
    15.6000000       -0.01581900        0.00757649
    15.6500000       -0.01423840        0.00707627
    15.7000000       -0.02284141        0.00789692
    15.7500000       -0.02412580        0.01064736
    15.8000000       -0.01041946        0.00798675
    15.8500000       -0.01086315        0.00990740
    15.9000000       -0.00897089        0.00940208
    15.9500000       -0.00743399        0.01210174
    16.0000000       -0.00361394        0.01163116
    16.0500000       -0.00065444        0.01109290
    16.1000000       -0.00082213        0.01288557
    16.1500000       -0.00039199        0.01335406
    16.2000000        0.01713253        0.01332405
    16.2500000        0.02455892        0.01303525
    16.3000000        0.02224549        0.01286235
    16.3500000        0.02639168        0.00961974
    16.4000000        0.02790295        0.00935349
    16.4500000        0.02237633        0.01206318
    16.5000000        0.01023004        0.01236673
    16.5500000        0.00379249        0.01248653
    16.6000000       -0.00073144        0.01419587
    16.6500000       -0.00363484        0.01449674
    16.7000000       -0.00056789        0.01448680
    16.7500000       -0.00327367        0.01521914
    16.8000000       -0.00948608        0.01638283
    16.8500000       -0.01319011        0.01514310
    16.9000000       -0.00911745        0.01627853
    16.9500000       -0.00702693        0.01704443
    17.0000000       -0.00665579        0.02073533
    17.0500000       -0.00460047        0.02212096
    17.1000000       -0.00636911        0.02082352
    17.1500000       -0.00613555        0.02045893
    17.2000000       -0.00354250        0.01790906
    17.2500000       -0.00509996        0.01583387
    17.3000000       -0.00200519        0.00976577
    17.3500000       -0.00515229        0.00745180
    17.4000000       -0.01409054        0.00844061
    17.4500000       -0.00799085        0.00863843
    17.5000000       -0.00723524        0.00971735
    17.5500000        0.00207490        0.00983986
    17.6000000        0.00783424        0.01025977
    17.6500000       -0.00702192        0.00864304
    17.7000000       -0.01539706        0.01183601
    17.7500000       -0.03085283        0.01700257
    17.8000000       -0.02583951        0.01801975
    17.8500000       -0.01286439        0.01381322
    17.9000000       -0.02090968        0.01876360
    17.9500000       -0.02011459        0.02129732
    18.0000000       -0.01508364        0.02022095
    18.0500000       -0.00670124        0.01708772
    18.1000000        0.01153995        0.01314763
    18.1500000        0.01301679        0.01322998
    18.2000000        0.00770632        0.01274815
    18.2500000        0.00752910        0.01215517
    18.3000000        0.00778486        0.01354241
    18.3500000        0.01171416        0.01184628
    18.4000000        0.02400557        0.01307010
    18.4500000        0.03744562        0.01200181
    18.5000000        0.04074343        0.01476788
    18.5500000        0.04980276        0.01311409
    18.6000000        0.05726975        0.01658067
    18.6500000        0.05754820        0.01397838
    18.7000000        0.07529099        0.01558883
    18.7500000        0.07626659        0.01603107
    18.8000000        0.07021554        0.01542024
    18.8500000        0.07715662        0.01471679
    18.9000000        0.07941835        0.01983560
    18.9500000        0.09053588        0.01618702
    19.0000000        0.09697842        0.01589913
    19.0500000        0.11722337        0.02119419
    19.1000000        0.12766600        0.02736259
    19.1500000        0.14660932        0.02584110
    19.2000000        0.17090763        0.02387556
    19.2500000        0.19420910        0.02015364
    19.3000000        0.21357809        0.02240530
    19.3500000        0.24910604        0.02489878
    19.4000000        0.30158742        0.02462830
    19.4500000        0.35449304        0.02944214
    19.5000000        0.41723149        0.03587425
    19.5500000        0.47021974        0.03500125
    19.6000000        0.55095188        0.02827034
    19.6500000        0.63591771        0.02702076
    19.7000000        0.73505425        0.03110599
    19.7500000        0.86675261        0.02987970
    19.8000000        1.03718872        0.02783047
    19.8500000        1.24738926        0.02306221
    19.9000000        1.50978837        0.03236923
    19.9500000        1.80672847        0.03568321
    20.0000000        2.18288651        0.03964104
