     0.0000000        0.24143797        0.00735872
     0.1000000        0.14436277        0.00770816
     0.2000000        0.08681932        0.00775225
     0.3000000        0.05535351        0.00687228
     0.4000000        0.03564655        0.00639302
     0.5000000        0.02461203        0.00621037
     0.6000000        0.01817609        0.00556552
     0.7000000        0.01331175        0.00573769
     0.8000000        0.01046289        0.00595368
     0.9000000        0.00935131        0.00589899
     1.0000000        0.00763642        0.00599836
     1.1000000        0.00520234        0.00616449
     1.2000000        0.00465241        0.00627094
     1.3000000        0.00440825        0.00609714
     1.4000000        0.00205535        0.00598949
     1.5000000        0.00245027        0.00555458
     1.6000000        0.00155781        0.00557913
     1.7000000        0.00153589        0.00600039
     1.8000000        0.00126611        0.00582376
     1.9000000        0.00049863        0.00591358
     2.0000000        0.00083946        0.00546528
     2.1000000        0.00170270        0.00537401
     2.2000000        0.00236761        0.00507113
     2.3000000        0.00329350        0.00488424
     2.4000000        0.00369095        0.00537199
     2.5000000        0.00127256        0.00531381
     2.6000000        0.00149796        0.00493718
     2.7000000        0.00104650        0.00483399
     2.8000000        0.00196576        0.00584110
     2.9000000        0.00262542        0.00673750
     3.0000000        0.00307018        0.00744969
     3.1000000        0.00126342        0.00770298
     3.2000000       -0.00106825        0.00690475
     3.3000000       -0.00171783        0.00625227
     3.4000000       -0.00006981        0.00522900
     3.5000000        0.00260967        0.00430350
     3.6000000        0.00350062        0.00354623
     3.7000000        0.00434785        0.00363757
     3.8000000        0.00501868        0.00376418
     3.9000000        0.00746879        0.00337001
     4.0000000        0.00778104        0.00271286
     4.1000000        0.00798487        0.00328318
     4.2000000        0.00814130        0.00381824
     4.3000000        0.00871631        0.00527105
     4.4000000        0.00579837        0.00562401
     4.5000000        0.00674716        0.00596095
     4.6000000        0.00423703        0.00514437
     4.7000000        0.00243360        0.00404651
     4.8000000       -0.00000855        0.00403492
     4.9000000       -0.00151836        0.00401779
     5.0000000       -0.00010167        0.00421819
     5.1000000        0.00099447        0.00442354
     5.2000000        0.00214442        0.00418369
     5.3000000        0.00157638        0.00410547
     5.4000000        0.00188841        0.00434628
     5.5000000        0.00223162        0.00415257
     5.6000000        0.00341127        0.00426431
     5.7000000        0.00428368        0.00494600
     5.8000000        0.00571966        0.00582282
     5.9000000        0.00607524        0.00596900
     6.0000000        0.00860217        0.00669343
     6.1000000        0.00796607        0.00696879
     6.2000000        0.00788052        0.00628214
     6.3000000        0.00768551        0.00621046
     6.4000000        0.00725266        0.00588233
     6.5000000        0.00774762        0.00659122
     6.6000000        0.00848678        0.00643418
     6.7000000        0.00944014        0.00738564
     6.8000000        0.01141359        0.00883465
     6.9000000        0.01236652        0.00898457
     7.0000000        0.01377847        0.00940455
     7.1000000        0.01554361        0.01051459
     7.2000000        0.01547804        0.01078984
     7.3000000        0.01553022        0.01104133
     7.4000000        0.01421976        0.01019288
     7.5000000        0.01335737        0.00940986
     7.6000000        0.01033680        0.00770873
     7.7000000        0.00532835        0.00578008
     7.8000000        0.00250430        0.00541061
     7.9000000        0.00151970        0.00455639
     8.0000000        0.00161672        0.00481461
     8.1000000        0.00095694        0.00499902
     8.2000000       -0.00110428        0.00500424
     8.3000000       -0.00097614        0.00502144
     8.4000000       -0.00129744        0.00500604
     8.5000000       -0.00138626        0.00555716
     8.6000000       -0.00059010        0.00616613
     8.7000000        0.00018038        0.00684834
     8.8000000        0.00123893        0.00662505
     8.9000000        0.00144250        0.00604218
     9.0000000        0.00281359        0.00613756
     9.1000000        0.00445115        0.00610624
     9.2000000        0.00956977        0.00613182
     9.3000000        0.01537927        0.00566704
     9.4000000        0.01946146        0.00505366
     9.5000000        0.02606082        0.00453828
     9.6000000        0.03613505        0.00494817
     9.7000000        0.05408392        0.00494559
     9.8000000        0.08806313        0.00529519
     9.9000000        0.14302731        0.00655278
    10.0000000        0.24143797        0.00735872
