     0.0000000        3.26165553        0.17352339
     0.1000000        3.02458806        0.16590704
     0.2000000        2.84742356        0.16018922
     0.3000000        2.69027821        0.14769647
     0.4000000        2.56459848        0.13073116
     0.5000000        2.46457152        0.12470722
     0.6000000        2.37363563        0.11824832
     0.7000000        2.29156717        0.11308132
     0.8000000        2.22264432        0.11224387
     0.9000000        2.16014486        0.10891892
     1.0000000        2.11161821        0.10800813
     1.1000000        2.07293659        0.11109280
     1.2000000        2.03315788        0.11403216
     1.3000000        1.98368583        0.10392782
     1.4000000        1.93926401        0.09741029
     1.5000000        1.90127799        0.09071297
     1.6000000        1.86390359        0.08485228
     1.7000000        1.83515372        0.08221086
     1.8000000        1.80433969        0.07979090
     1.9000000        1.77206293        0.07541092
     2.0000000        1.74757449        0.07220984
     2.1000000        1.72251756        0.06770044
     2.2000000        1.69735727        0.06430639
     2.3000000        1.67301397        0.06341751
     2.4000000        1.64826889        0.06430649
     2.5000000        1.62538818        0.06397664
     2.6000000        1.60585683        0.06165053
     2.7000000        1.59380742        0.06121346
     2.8000000        1.57825527        0.05951305
     2.9000000        1.55880211        0.05791241
     3.0000000        1.54406783        0.05786743
     3.1000000        1.52827942        0.05712053
     3.2000000        1.51362280        0.05450241
     3.3000000        1.49923380        0.05349900
     3.4000000        1.48743885        0.05290178
     3.5000000        1.47632938        0.05057511
     3.6000000        1.46369405        0.05023782
     3.7000000        1.45548102        0.05145623
     3.8000000        1.45033723        0.05272105
     3.9000000        1.44172678        0.05198178
     4.0000000        1.43950010        0.05312812
     4.1000000        1.42933874        0.05155322
     4.2000000        1.41689624        0.04784099
     4.3000000        1.41088006        0.04569133
     4.4000000        1.40332007        0.04362279
     4.5000000        1.40063403        0.04393990
     4.6000000        1.39534161        0.04189373
     4.7000000        1.39088641        0.04123481
     4.8000000        1.38480356        0.03882727
     4.9000000        1.37611844        0.03713168
     5.0000000        1.37297444        0.03579367
     5.1000000        1.37388896        0.03611087
     5.2000000        1.37460190        0.03802227
     5.3000000        1.37370331        0.03846742
     5.4000000        1.37716391        0.03943932
     5.5000000        1.37957236        0.04307159
     5.6000000        1.38389691        0.04711037
     5.7000000        1.38797074        0.05030964
     5.8000000        1.39114190        0.05288991
     5.9000000        1.39747667        0.05502056
     6.0000000        1.40489940        0.05645952
     6.1000000        1.41475752        0.05838128
     6.2000000        1.42300081        0.05964857
     6.3000000        1.43069327        0.05789471
     6.4000000        1.43788505        0.05680925
     6.5000000        1.45049004        0.05805247
     6.6000000        1.46546282        0.06016704
     6.7000000        1.48027919        0.06375594
     6.8000000        1.49356677        0.06491879
     6.9000000        1.51136594        0.06950037
     7.0000000        1.52585353        0.07334865
     7.1000000        1.54090408        0.07808255
     7.2000000        1.56097395        0.08528817
     7.3000000        1.58489779        0.09295817
     7.4000000        1.60800082        0.10081833
     7.5000000        1.63229111        0.10178786
     7.6000000        1.65706719        0.10491387
     7.7000000        1.68908780        0.11090112
     7.8000000        1.70588645        0.10536290
     7.9000000        1.72538805        0.10417653
     8.0000000        1.75536005        0.10585583
     8.1000000        1.78663644        0.11042723
     8.2000000        1.81217613        0.11054076
     8.3000000        1.84606212        0.11456042
     8.4000000        1.87862234        0.11905844
     8.5000000        1.91456755        0.12573548
     8.6000000        1.95122543        0.12602017
     8.7000000        1.99197070        0.12899261
     8.8000000        2.04778869        0.13927459
     8.9000000        2.11680630        0.15082023
     9.0000000        2.18756126        0.16118440
     9.1000000        2.26018758        0.17577393
     9.2000000        2.33065974        0.18785701
     9.3000000        2.39677299        0.19043819
     9.4000000        2.46400725        0.18923330
     9.5000000        2.54150854        0.19343119
     9.6000000        2.63632427        0.19434074
     9.7000000        2.75967428        0.19942285
     9.8000000        2.89570632        0.19535716
     9.9000000        3.05722536        0.18761999
    10.0000000        3.26165553        0.17352339
