     0.0000000        3.51895091        0.63445219
     0.1000000        3.23125832        0.78618729
     0.2000000        3.02708548        0.81706865
     0.3000000        2.87886392        0.84877429
     0.4000000        2.71201612        0.77635500
     0.5000000        2.56170621        0.71272207
     0.6000000        2.39790793        0.62133000
     0.7000000        2.31499429        0.62476876
     0.8000000        2.21120701        0.60015013
     0.9000000        2.13955731        0.60113931
     1.0000000        2.05283691        0.52674873
     1.1000000        1.97504063        0.46832250
     1.2000000        1.88943057        0.43022020
     1.3000000        1.81457428        0.40788836
     1.4000000        1.76757146        0.43061397
     1.5000000        1.68110683        0.37922354
     1.6000000        1.58035762        0.30808664
     1.7000000        1.50652651        0.30012655
     1.8000000        1.45240498        0.29072690
     1.9000000        1.42815493        0.31201157
     2.0000000        1.40686920        0.34704742
     2.1000000        1.37327181        0.35630128
     2.2000000        1.33732584        0.34072691
     2.3000000        1.28521632        0.29821203
     2.4000000        1.23251041        0.26483465
     2.5000000        1.19217440        0.25322104
     2.6000000        1.15692951        0.24745903
     2.7000000        1.11876546        0.24529270
     2.8000000        1.08761892        0.24072040
     2.9000000        1.05276027        0.21813458
     3.0000000        1.01241670        0.19248762
     3.1000000        0.97407551        0.15752484
     3.2000000        0.94335974        0.14419292
     3.3000000        0.90590340        0.12430343
     3.4000000        0.87084343        0.10163217
     3.5000000        0.84524311        0.08566058
     3.6000000        0.82796131        0.08312063
     3.7000000        0.81076896        0.06792086
     3.8000000        0.79719425        0.05694464
     3.9000000        0.79369683        0.05019048
     4.0000000        0.79269542        0.05751095
     4.1000000        0.78313593        0.06453103
     4.2000000        0.77948594        0.06630986
     4.3000000        0.75613773        0.04682535
     4.4000000        0.72793309        0.01641148
     4.5000000        0.72150490        0.00806429
     4.6000000        0.71878038        0.00999998
     4.7000000        0.71690774        0.00537850
     4.8000000        0.71193607        0.00851726
     4.9000000        0.70686734        0.00186673
     5.0000000        0.70595296        0.00118576
     5.1000000        0.70424288        0.00754745
     5.2000000        0.71214080        0.00880374
     5.3000000        0.70753934        0.01266616
     5.4000000        0.70932306        0.03879378
     5.5000000        0.72069783        0.05194450
     5.6000000        0.71477524        0.04545068
     5.7000000        0.71328480        0.02587928
     5.8000000        0.71979835        0.01477004
     5.9000000        0.72816142        0.00506121
     6.0000000        0.73247894        0.00252640
     6.1000000        0.73973274        0.00456500
     6.2000000        0.76072491        0.00656540
     6.3000000        0.77764641        0.00214567
     6.4000000        0.79708176        0.01264256
     6.5000000        0.81089157        0.02012788
     6.6000000        0.82165632        0.02144004
     6.7000000        0.84438764        0.02369497
     6.8000000        0.86670696        0.03529354
     6.9000000        0.88093562        0.04245962
     7.0000000        0.89908703        0.04236296
     7.1000000        0.92496196        0.05345554
     7.2000000        0.95635236        0.06906104
     7.3000000        0.98593397        0.08040322
     7.4000000        1.00818595        0.06662363
     7.5000000        1.02992757        0.06381338
     7.6000000        1.05243670        0.06145724
     7.7000000        1.08669778        0.06355673
     7.8000000        1.11945214        0.07990853
     7.9000000        1.15522687        0.08092657
     8.0000000        1.19410854        0.10085855
     8.1000000        1.24384366        0.12191908
     8.2000000        1.28323024        0.09382117
     8.3000000        1.32692786        0.09294554
     8.4000000        1.37695405        0.10665250
     8.5000000        1.44246561        0.11189880
     8.6000000        1.50252488        0.12989724
     8.7000000        1.56616303        0.12763680
     8.8000000        1.64672975        0.15204712
     8.9000000        1.75338998        0.22166668
     9.0000000        1.86450635        0.30878836
     9.1000000        1.99314628        0.37857055
     9.2000000        2.10410766        0.44919976
     9.3000000        2.19348337        0.46956812
     9.4000000        2.29345675        0.48750903
     9.5000000        2.42303915        0.50284434
     9.6000000        2.60446944        0.57636134
     9.7000000        2.65711644        0.49344614
     9.8000000        2.88438112        0.58024758
     9.9000000        3.16009523        0.61086350
    10.0000000        3.51895091        0.63445219
