     0.0000000        0.06208925        0.00173662
     0.1000000        0.03959999        0.00167796
     0.2000000        0.02380322        0.00127642
     0.3000000        0.01403108        0.00140800
     0.4000000        0.00980710        0.00199381
     0.5000000        0.00847292        0.00157898
     0.6000000        0.00704139        0.00162327
     0.7000000        0.00586509        0.00144195
     0.8000000        0.00525110        0.00129631
     0.9000000        0.00590152        0.00149252
     1.0000000        0.00700681        0.00173075
     1.1000000        0.00476196        0.00167797
     1.2000000        0.00311219        0.00123628
     1.3000000        0.00461279        0.00150172
     1.4000000        0.00507956        0.00154000
     1.5000000        0.00429182        0.00150103
     1.6000000        0.00403129        0.00124415
     1.7000000        0.00400300        0.00131339
     1.8000000        0.00525707        0.00112958
     1.9000000        0.00413732        0.00101178
     2.0000000        0.00319435        0.00130048
     2.1000000        0.00275301        0.00171370
     2.2000000        0.00466257        0.00162678
     2.3000000        0.00342841        0.00142088
     2.4000000        0.00201916        0.00095596
     2.5000000        0.00110325        0.00155825
     2.6000000        0.00248153        0.00154561
     2.7000000        0.00235000        0.00157195
     2.8000000        0.00266921        0.00160247
     2.9000000        0.00426897        0.00106829
     3.0000000        0.00469239        0.00149571
     3.1000000        0.00725350        0.00140222
     3.2000000        0.00846184        0.00183519
     3.3000000        0.00745575        0.00190193
     3.4000000        0.00949655        0.00231169
     3.5000000        0.01197350        0.00153795
     3.6000000        0.01153649        0.00224786
     3.7000000        0.01726217        0.00151445
     3.8000000        0.01962264        0.00161051
     3.9000000        0.02955384        0.00097281
     4.0000000        0.04003892        0.00110442
     4.1000000        0.05607737        0.00210047
     4.2000000        0.08180323        0.00171217
     4.3000000        0.11863876        0.00167034
     4.4000000        0.16971990        0.00164643
     4.5000000        0.24785345        0.00191116
     4.6000000        0.36866928        0.00233845
     4.7000000        0.54664237        0.00224149
     4.8000000        0.82844822        0.00217080
     4.9000000        1.26091861        0.00197438
     5.0000000        1.93791075        0.00173662
