     0.0000000        0.31027488        0.00359087
     0.1000000        0.16941192        0.00294745
     0.2000000        0.09520590        0.00222924
     0.3000000        0.05532904        0.00174023
     0.4000000        0.03314242        0.00093764
     0.5000000        0.02039126        0.00042927
     0.6000000        0.01262581        0.00045862
     0.7000000        0.00806359        0.00052064
     0.8000000        0.00536776        0.00046943
     0.9000000        0.00358354        0.00044442
     1.0000000        0.00237256        0.00045337
     1.1000000        0.00141352        0.00027181
     1.2000000        0.00087651        0.00018668
     1.3000000        0.00057704        0.00009573
     1.4000000        0.00040762        0.00009451
     1.5000000        0.00030536        0.00013276
     1.6000000        0.00014757        0.00016979
     1.7000000        0.00012397        0.00019347
     1.8000000        0.00010540        0.00028024
     1.9000000       -0.00003269        0.00025896
     2.0000000       -0.00004492        0.00024340
     2.1000000        0.00004851        0.00018584
     2.2000000        0.00011360        0.00014385
     2.3000000        0.00010693        0.00014693
     2.4000000        0.00011430        0.00014549
     2.5000000        0.00007433        0.00012264
     2.6000000       -0.00000285        0.00007144
     2.7000000       -0.00008122        0.00007619
     2.8000000       -0.00012492        0.00009152
     2.9000000       -0.00011499        0.00007965
     3.0000000       -0.00008324        0.00005956
     3.1000000       -0.00009628        0.00006534
     3.2000000       -0.00009643        0.00007075
     3.3000000       -0.00009830        0.00008045
     3.4000000       -0.00006834        0.00008805
     3.5000000       -0.00006035        0.00007447
     3.6000000       -0.00005239        0.00006086
     3.7000000       -0.00006881        0.00004914
     3.8000000       -0.00005234        0.00003844
     3.9000000       -0.00002809        0.00002904
     4.0000000       -0.00000676        0.00002546
     4.1000000        0.00000313        0.00003054
     4.2000000        0.00000505        0.00001975
     4.3000000        0.00001780        0.00001213
     4.4000000        0.00002074        0.00002297
     4.5000000        0.00000261        0.00002848
     4.6000000        0.00000677        0.00002661
     4.7000000       -0.00000296        0.00002218
     4.8000000        0.00000266        0.00002403
     4.9000000        0.00003048        0.00003226
     5.0000000        0.00005719        0.00004321
     5.1000000        0.00005968        0.00002705
     5.2000000        0.00004547        0.00003917
     5.3000000        0.00006056        0.00004797
     5.4000000        0.00003944        0.00004646
     5.5000000        0.00004445        0.00004195
     5.6000000        0.00002810        0.00005399
     5.7000000        0.00004834        0.00005740
     5.8000000        0.00005609        0.00006373
     5.9000000        0.00003042        0.00005998
     6.0000000       -0.00004002        0.00009324
     6.1000000       -0.00004957        0.00009598
     6.2000000       -0.00015665        0.00021625
     6.3000000       -0.00016158        0.00022748
     6.4000000       -0.00016411        0.00024211
     6.5000000       -0.00014099        0.00023566
     6.6000000       -0.00013648        0.00026679
     6.7000000       -0.00016233        0.00024931
     6.8000000       -0.00022045        0.00027341
     6.9000000       -0.00024173        0.00026659
     7.0000000       -0.00034742        0.00036224
     7.1000000       -0.00041866        0.00041368
     7.2000000       -0.00046989        0.00040800
     7.3000000       -0.00051309        0.00035846
     7.4000000       -0.00050970        0.00036466
     7.5000000       -0.00034433        0.00015219
     7.6000000        0.00003325        0.00013105
     7.7000000        0.00029253        0.00029299
     7.8000000        0.00010439        0.00014784
     7.9000000        0.00003985        0.00021171
     8.0000000       -0.00021149        0.00044759
     8.1000000       -0.00053195        0.00075812
     8.2000000       -0.00063034        0.00085825
     8.3000000       -0.00077492        0.00110291
     8.4000000       -0.00081819        0.00113546
     8.5000000       -0.00067666        0.00115319
     8.6000000       -0.00009487        0.00083810
     8.7000000        0.00026025        0.00081031
     8.8000000        0.00046222        0.00103083
     8.9000000        0.00033772        0.00174467
     9.0000000        0.00144447        0.00212428
     9.1000000        0.00321566        0.00222087
     9.2000000        0.00496027        0.00206922
     9.3000000        0.00665090        0.00193535
     9.4000000        0.00991155        0.00280339
     9.5000000        0.01730673        0.00293522
     9.6000000        0.03075524        0.00292457
     9.7000000        0.05282604        0.00337678
     9.8000000        0.09341617        0.00356648
     9.9000000        0.16889400        0.00347718
    10.0000000        0.31027488        0.00359087
