     0.0000000        0.48471417        0.04055259
     0.1000000        0.29774556        0.03752906
     0.2000000        0.18355627        0.03444141
     0.3000000        0.11981618        0.03046137
     0.4000000        0.07984281        0.02643467
     0.5000000        0.05381112        0.02427912
     0.6000000        0.03648424        0.02102200
     0.7000000        0.02563690        0.01786737
     0.8000000        0.01926004        0.01662488
     0.9000000        0.01765672        0.01566442
     1.0000000        0.01577812        0.01532075
     1.1000000        0.01401146        0.01616043
     1.2000000        0.01274950        0.01543462
     1.3000000        0.01249118        0.01514636
     1.4000000        0.01228606        0.01474819
     1.5000000        0.01167856        0.01400388
     1.6000000        0.01296985        0.01278135
     1.7000000        0.01283051        0.01204436
     1.8000000        0.01208473        0.01248925
     1.9000000        0.01272031        0.01218392
     2.0000000        0.01122049        0.01174662
     2.1000000        0.01283434        0.01205793
     2.2000000        0.01321771        0.01171017
     2.3000000        0.01363021        0.00994472
     2.4000000        0.01173124        0.00874471
     2.5000000        0.01030147        0.00786499
     2.6000000        0.00962123        0.00742422
     2.7000000        0.00712014        0.00615863
     2.8000000        0.00686656        0.00559765
     2.9000000        0.00829617        0.00614862
     3.0000000        0.00880007        0.00528073
     3.1000000        0.00863850        0.00619129
     3.2000000        0.01005124        0.00749853
     3.3000000        0.00898007        0.00805818
     3.4000000        0.00893774        0.00921749
     3.5000000        0.00981738        0.00870423
     3.6000000        0.00940135        0.00987068
     3.7000000        0.01028579        0.00922326
     3.8000000        0.01015385        0.00973348
     3.9000000        0.01035243        0.00968849
     4.0000000        0.00843533        0.01042632
     4.1000000        0.00781008        0.01046501
     4.2000000        0.00813627        0.01018846
     4.3000000        0.00700378        0.00969240
     4.4000000        0.00676746        0.00930244
     4.5000000        0.00466064        0.00990602
     4.6000000        0.00587757        0.00989721
     4.7000000        0.00773498        0.00977747
     4.8000000        0.00889014        0.00937846
     4.9000000        0.01081091        0.00801862
     5.0000000        0.01118132        0.00630336
     5.1000000        0.01068494        0.00601950
     5.2000000        0.00949372        0.00710061
     5.3000000        0.00973126        0.00700936
     5.4000000        0.01190020        0.00738916
     5.5000000        0.01213054        0.00754270
     5.6000000        0.01236067        0.00729945
     5.7000000        0.01314130        0.00675841
     5.8000000        0.01503025        0.00607829
     5.9000000        0.01540258        0.00530831
     6.0000000        0.01403160        0.00449015
     6.1000000        0.01252541        0.00491917
     6.2000000        0.00986353        0.00603903
     6.3000000        0.00778637        0.00543268
     6.4000000        0.00742922        0.00477729
     6.5000000        0.00545199        0.00463774
     6.6000000        0.00452104        0.00558482
     6.7000000        0.00675353        0.00636485
     6.8000000        0.00799434        0.00696707
     6.9000000        0.00734416        0.00731187
     7.0000000        0.00964935        0.00729186
     7.1000000        0.01104827        0.00690530
     7.2000000        0.00943167        0.00703689
     7.3000000        0.00653335        0.00775440
     7.4000000        0.00302626        0.00917363
     7.5000000        0.00192935        0.00957117
     7.6000000        0.00111011        0.01128258
     7.7000000        0.00015621        0.01232037
     7.8000000        0.00226979        0.01086186
     7.9000000        0.00420449        0.01028675
     8.0000000        0.00498988        0.01049415
     8.1000000        0.00786358        0.01253052
     8.2000000        0.00967253        0.01370967
     8.3000000        0.00895561        0.01421273
     8.4000000        0.00734448        0.01486298
     8.5000000        0.00633789        0.01532821
     8.6000000        0.00531106        0.01608251
     8.7000000        0.00647895        0.01729433
     8.8000000        0.00489772        0.02000804
     8.9000000        0.00243678        0.02240285
     9.0000000       -0.00025614        0.02597008
     9.1000000       -0.00305709        0.03182473
     9.2000000       -0.00164556        0.03629468
     9.3000000        0.00511021        0.03921969
     9.4000000        0.01612569        0.04206390
     9.5000000        0.03301126        0.04513069
     9.6000000        0.05957755        0.04673828
     9.7000000        0.09979389        0.04802408
     9.8000000        0.17039805        0.04705093
     9.9000000        0.28671083        0.04479047
    10.0000000        0.48471417        0.04055259
