     0.0000000        0.42411382        0.02181728
     0.0500000        0.36511467        0.02093056
     0.1000000        0.31804031        0.02021662
     0.1500000        0.27985187        0.01976127
     0.2000000        0.24867163        0.01930289
     0.2500000        0.22283247        0.01861393
     0.3000000        0.20114881        0.01761186
     0.3500000        0.18334745        0.01631001
     0.4000000        0.16830031        0.01520752
     0.4500000        0.15520906        0.01431923
     0.5000000        0.14333407        0.01361596
     0.5500000        0.13242593        0.01323734
     0.6000000        0.12318219        0.01305889
     0.6500000        0.11489063        0.01288372
     0.7000000        0.10720544        0.01276477
     0.7500000        0.10095494        0.01228153
     0.8000000        0.09550131        0.01175779
     0.8500000        0.09100909        0.01124213
     0.9000000        0.08774344        0.01050274
     0.9500000        0.08513348        0.00989613
     1.0000000        0.08252927        0.00952743
     1.0500000        0.08011213        0.00949475
     1.1000000        0.07764306        0.00965790
     1.1500000        0.07535156        0.01009053
     1.2000000        0.07291544        0.01054937
     1.2500000        0.07022244        0.01085219
     1.3000000        0.06766363        0.01075897
     1.3500000        0.06481372        0.01053322
     1.4000000        0.06213886        0.01028227
     1.4500000        0.05923764        0.01009545
     1.5000000        0.05626340        0.00991661
     1.5500000        0.05354583        0.00983792
     1.6000000        0.05118076        0.00997763
     1.6500000        0.04899228        0.01022999
     1.7000000        0.04669551        0.01039876
     1.7500000        0.04437445        0.01024145
     1.8000000        0.04223634        0.00991809
     1.8500000        0.04066870        0.00946536
     1.9000000        0.03860704        0.00892205
     1.9500000        0.03684961        0.00819083
     2.0000000        0.03566480        0.00740215
     2.0500000        0.03468504        0.00665440
     2.1000000        0.03286451        0.00612422
     2.1500000        0.03171009        0.00572752
     2.2000000        0.03069715        0.00529761
     2.2500000        0.02961230        0.00484893
     2.3000000        0.02952991        0.00427846
     2.3500000        0.02910066        0.00402035
     2.4000000        0.02927568        0.00411759
     2.4500000        0.02920721        0.00462307
     2.5000000        0.02921126        0.00526638
     2.5500000        0.02920231        0.00590045
     2.6000000        0.02938586        0.00657378
     2.6500000        0.02978782        0.00720536
     2.7000000        0.03021715        0.00769436
     2.7500000        0.03052219        0.00812769
     2.8000000        0.03059077        0.00852601
     2.8500000        0.03036515        0.00887806
     2.9000000        0.03017633        0.00919090
     2.9500000        0.02981624        0.00933485
     3.0000000        0.02911527        0.00928253
     3.0500000        0.02839967        0.00931254
     3.1000000        0.02767925        0.00936828
     3.1500000        0.02725842        0.00962047
     3.2000000        0.02628660        0.00963451
     3.2500000        0.02519805        0.00976979
     3.3000000        0.02462983        0.01004862
     3.3500000        0.02427606        0.01035541
     3.4000000        0.02369884        0.01080079
     3.4500000        0.02289457        0.01131491
     3.5000000        0.02203869        0.01185717
     3.5500000        0.02176980        0.01238076
     3.6000000        0.02200282        0.01278518
     3.6500000        0.02161979        0.01297508
     3.7000000        0.02068544        0.01288595
     3.7500000        0.01924939        0.01266826
     3.8000000        0.01765696        0.01255666
     3.8500000        0.01684448        0.01262881
     3.9000000        0.01632065        0.01283881
     3.9500000        0.01574730        0.01302863
     4.0000000        0.01586256        0.01324604
     4.0500000        0.01632333        0.01353964
     4.1000000        0.01701526        0.01375237
     4.1500000        0.01778366        0.01385788
     4.2000000        0.01797589        0.01379776
     4.2500000        0.01777197        0.01351161
     4.3000000        0.01753031        0.01314988
     4.3500000        0.01676812        0.01285258
     4.4000000        0.01622322        0.01270706
     4.4500000        0.01571530        0.01258310
     4.5000000        0.01521569        0.01264593
     4.5500000        0.01443888        0.01277786
     4.6000000        0.01333337        0.01284836
     4.6500000        0.01277264        0.01310076
     4.7000000        0.01193219        0.01354376
     4.7500000        0.01123057        0.01377324
     4.8000000        0.01034614        0.01392443
     4.8500000        0.00983156        0.01390375
     4.9000000        0.00973813        0.01387675
     4.9500000        0.00999126        0.01396093
     5.0000000        0.00980991        0.01376353
     5.0500000        0.00962789        0.01346720
     5.1000000        0.00962815        0.01305115
     5.1500000        0.00955171        0.01257058
     5.2000000        0.00924210        0.01213997
     5.2500000        0.00884994        0.01174581
     5.3000000        0.00815155        0.01158490
     5.3500000        0.00685867        0.01152676
     5.4000000        0.00587562        0.01158308
     5.4500000        0.00509392        0.01165484
     5.5000000        0.00531972        0.01158757
     5.5500000        0.00587852        0.01132248
     5.6000000        0.00579574        0.01121710
     5.6500000        0.00580131        0.01108282
     5.7000000        0.00579028        0.01105288
     5.7500000        0.00579155        0.01113308
     5.8000000        0.00557525        0.01112212
     5.8500000        0.00522798        0.01109648
     5.9000000        0.00482843        0.01096911
     5.9500000        0.00427738        0.01080504
     6.0000000        0.00361568        0.01068306
     6.0500000        0.00290184        0.01050749
     6.1000000        0.00258712        0.01035543
     6.1500000        0.00262377        0.01010883
     6.2000000        0.00266361        0.00994131
     6.2500000        0.00317172        0.00971454
     6.3000000        0.00428200        0.00940738
     6.3500000        0.00574037        0.00915541
     6.4000000        0.00715886        0.00888646
     6.4500000        0.00820093        0.00875451
     6.5000000        0.00869535        0.00858204
     6.5500000        0.00905792        0.00843054
     6.6000000        0.00946843        0.00839871
     6.6500000        0.00979330        0.00838186
     6.7000000        0.01020758        0.00840696
     6.7500000        0.01031738        0.00843176
     6.8000000        0.01026155        0.00850419
     6.8500000        0.00963641        0.00831011
     6.9000000        0.00872418        0.00813939
     6.9500000        0.00769521        0.00804482
     7.0000000        0.00688082        0.00800579
     7.0500000        0.00614770        0.00797310
     7.1000000        0.00516219        0.00802194
     7.1500000        0.00432317        0.00799178
     7.2000000        0.00373647        0.00756284
     7.2500000        0.00303295        0.00709889
     7.3000000        0.00256835        0.00660605
     7.3500000        0.00235840        0.00608303
     7.4000000        0.00275402        0.00562887
     7.4500000        0.00318803        0.00518986
     7.5000000        0.00357539        0.00475536
     7.5500000        0.00375337        0.00418065
     7.6000000        0.00414879        0.00375858
     7.6500000        0.00456045        0.00349513
     7.7000000        0.00489219        0.00341680
     7.7500000        0.00532523        0.00342345
     7.8000000        0.00550396        0.00353455
     7.8500000        0.00559403        0.00367273
     7.9000000        0.00508716        0.00394576
     7.9500000        0.00407052        0.00422615
     8.0000000        0.00287175        0.00450208
     8.0500000        0.00210056        0.00473735
     8.1000000        0.00121519        0.00489958
     8.1500000        0.00034158        0.00507398
     8.2000000        0.00001164        0.00512696
     8.2500000       -0.00016641        0.00508146
     8.3000000       -0.00010010        0.00502154
     8.3500000       -0.00002687        0.00495193
     8.4000000       -0.00004112        0.00491593
     8.4500000        0.00016932        0.00493063
     8.5000000        0.00030359        0.00489760
     8.5500000        0.00042524        0.00478523
     8.6000000        0.00074323        0.00455309
     8.6500000        0.00088668        0.00431005
     8.7000000        0.00094519        0.00414560
     8.7500000        0.00112212        0.00391764
     8.8000000        0.00119405        0.00366856
     8.8500000        0.00105147        0.00340334
     8.9000000        0.00051590        0.00315694
     8.9500000       -0.00018042        0.00306287
     9.0000000       -0.00043925        0.00306638
     9.0500000       -0.00049987        0.00319217
     9.1000000       -0.00044911        0.00325464
     9.1500000       -0.00036180        0.00330005
     9.2000000       -0.00023053        0.00339579
     9.2500000        0.00008627        0.00349744
     9.3000000        0.00075516        0.00351925
     9.3500000        0.00146340        0.00354213
     9.4000000        0.00200503        0.00360897
     9.4500000        0.00259166        0.00357452
     9.5000000        0.00288656        0.00352745
     9.5500000        0.00291898        0.00352473
     9.6000000        0.00258697        0.00361499
     9.6500000        0.00246096        0.00366149
     9.7000000        0.00218640        0.00372822
     9.7500000        0.00166454        0.00378706
     9.8000000        0.00114748        0.00395948
     9.8500000        0.00059243        0.00411247
     9.9000000        0.00030609        0.00430676
     9.9500000        0.00019174        0.00456600
    10.0000000        0.00039681        0.00492320
    10.0500000       -0.00064159        0.00458945
    10.1000000       -0.00107037        0.00443127
    10.1500000       -0.00126507        0.00439950
    10.2000000       -0.00147312        0.00456411
    10.2500000       -0.00076062        0.00455523
    10.3000000        0.00000327        0.00447912
    10.3500000        0.00029676        0.00443228
    10.4000000        0.00086995        0.00437748
    10.4500000        0.00123936        0.00433790
    10.5000000        0.00143585        0.00428791
    10.5500000        0.00176529        0.00427208
    10.6000000        0.00289808        0.00415410
    10.6500000        0.00394330        0.00401371
    10.7000000        0.00501149        0.00397858
    10.7500000        0.00592158        0.00398346
    10.8000000        0.00639636        0.00412922
    10.8500000        0.00622675        0.00410123
    10.9000000        0.00597943        0.00405706
    10.9500000        0.00608494        0.00398094
    11.0000000        0.00652074        0.00382706
    11.0500000        0.00686327        0.00380618
    11.1000000        0.00682537        0.00383029
    11.1500000        0.00670387        0.00387842
    11.2000000        0.00609792        0.00370894
    11.2500000        0.00550376        0.00353172
    11.3000000        0.00502160        0.00340591
    11.3500000        0.00465706        0.00333620
    11.4000000        0.00439502        0.00332798
    11.4500000        0.00424741        0.00328548
    11.5000000        0.00409657        0.00320041
    11.5500000        0.00376564        0.00317784
    11.6000000        0.00376962        0.00313164
    11.6500000        0.00387414        0.00302916
    11.7000000        0.00385825        0.00292216
    11.7500000        0.00379471        0.00289410
    11.8000000        0.00369637        0.00298250
    11.8500000        0.00371088        0.00316868
    11.9000000        0.00407378        0.00321534
    11.9500000        0.00448288        0.00317039
    12.0000000        0.00498958        0.00318527
    12.0500000        0.00519976        0.00324968
    12.1000000        0.00530810        0.00321721
    12.1500000        0.00545908        0.00313069
    12.2000000        0.00564753        0.00309364
    12.2500000        0.00571638        0.00307335
    12.3000000        0.00583319        0.00300934
    12.3500000        0.00602837        0.00293454
    12.4000000        0.00646216        0.00297836
    12.4500000        0.00677386        0.00307451
    12.5000000        0.00692615        0.00308657
    12.5500000        0.00679288        0.00313709
    12.6000000        0.00703843        0.00313088
    12.6500000        0.00726953        0.00306645
    12.7000000        0.00740292        0.00304311
    12.7500000        0.00716483        0.00299846
    12.8000000        0.00713067        0.00296039
    12.8500000        0.00703087        0.00301589
    12.9000000        0.00695108        0.00307729
    12.9500000        0.00676890        0.00319142
    13.0000000        0.00665923        0.00338265
    13.0500000        0.00645794        0.00368326
    13.1000000        0.00622945        0.00391506
    13.1500000        0.00620970        0.00403775
    13.2000000        0.00599622        0.00420106
    13.2500000        0.00563930        0.00433629
    13.3000000        0.00487907        0.00441091
    13.3500000        0.00415482        0.00448227
    13.4000000        0.00332953        0.00450096
    13.4500000        0.00261158        0.00459243
    13.5000000        0.00192731        0.00476781
    13.5500000        0.00145223        0.00499559
    13.6000000        0.00138693        0.00527666
    13.6500000        0.00159668        0.00541083
    13.7000000        0.00204844        0.00544429
    13.7500000        0.00227304        0.00545511
    13.8000000        0.00240755        0.00556540
    13.8500000        0.00242341        0.00580720
    13.9000000        0.00274774        0.00604434
    13.9500000        0.00308550        0.00627567
    14.0000000        0.00317714        0.00625351
    14.0500000        0.00317338        0.00609572
    14.1000000        0.00289601        0.00600615
    14.1500000        0.00265115        0.00591275
    14.2000000        0.00279348        0.00586318
    14.2500000        0.00356936        0.00565970
    14.3000000        0.00436421        0.00552742
    14.3500000        0.00554711        0.00522131
    14.4000000        0.00663492        0.00513646
    14.4500000        0.00752200        0.00517319
    14.5000000        0.00840591        0.00545862
    14.5500000        0.00926266        0.00601804
    14.6000000        0.01000348        0.00651275
    14.6500000        0.01084903        0.00699805
    14.7000000        0.01174307        0.00756824
    14.7500000        0.01205934        0.00757047
    14.8000000        0.01239532        0.00752060
    14.8500000        0.01255969        0.00754380
    14.9000000        0.01203295        0.00734737
    14.9500000        0.01120204        0.00704319
    15.0000000        0.01014837        0.00691337
    15.0500000        0.00909161        0.00675987
    15.1000000        0.00820659        0.00660163
    15.1500000        0.00800423        0.00640507
    15.2000000        0.00784557        0.00622887
    15.2500000        0.00786553        0.00597364
    15.3000000        0.00786381        0.00574544
    15.3500000        0.00824961        0.00574162
    15.4000000        0.00890591        0.00584166
    15.4500000        0.00944997        0.00602850
    15.5000000        0.01014340        0.00622723
    15.5500000        0.01111175        0.00636221
    15.6000000        0.01182198        0.00625723
    15.6500000        0.01216571        0.00614798
    15.7000000        0.01231895        0.00606867
    15.7500000        0.01214056        0.00598357
    15.8000000        0.01196903        0.00595008
    15.8500000        0.01177983        0.00605999
    15.9000000        0.01168222        0.00630701
    15.9500000        0.01185081        0.00668417
    16.0000000        0.01250210        0.00713538
    16.0500000        0.01330647        0.00767549
    16.1000000        0.01463634        0.00822792
    16.1500000        0.01626227        0.00859450
    16.2000000        0.01776140        0.00899214
    16.2500000        0.01947550        0.00945870
    16.3000000        0.02095928        0.00993888
    16.3500000        0.02194360        0.01024029
    16.4000000        0.02263118        0.01023473
    16.4500000        0.02330916        0.01032620
    16.5000000        0.02395660        0.01026278
    16.5500000        0.02479334        0.01006909
    16.6000000        0.02576318        0.00986313
    16.6500000        0.02668341        0.00969091
    16.7000000        0.02766900        0.00947258
    16.7500000        0.02861932        0.00933814
    16.8000000        0.02960005        0.00929059
    16.8500000        0.03057233        0.00925495
    16.9000000        0.03172186        0.00919400
    16.9500000        0.03261915        0.00926871
    17.0000000        0.03348894        0.00939400
    17.0500000        0.03440694        0.00944337
    17.1000000        0.03545187        0.00942674
    17.1500000        0.03643276        0.00943665
    17.2000000        0.03657512        0.00930143
    17.2500000        0.03708032        0.00930940
    17.3000000        0.03707858        0.00892145
    17.3500000        0.03712621        0.00857396
    17.4000000        0.03761710        0.00830343
    17.4500000        0.03855992        0.00816674
    17.5000000        0.03948219        0.00813773
    17.5500000        0.04050373        0.00830033
    17.6000000        0.04124926        0.00855401
    17.6500000        0.04233807        0.00870944
    17.7000000        0.04341934        0.00891583
    17.7500000        0.04471465        0.00907673
    17.8000000        0.04593918        0.00929076
    17.8500000        0.04732966        0.00946997
    17.9000000        0.04838019        0.00965108
    17.9500000        0.04928694        0.00995003
    18.0000000        0.04997225        0.01031275
    18.0500000        0.05042347        0.01056138
    18.1000000        0.05094782        0.01076665
    18.1500000        0.05158924        0.01100747
    18.2000000        0.05185498        0.01123951
    18.2500000        0.05187589        0.01153722
    18.3000000        0.05119018        0.01180420
    18.3500000        0.05064616        0.01228562
    18.4000000        0.05009267        0.01286367
    18.4500000        0.04977666        0.01354533
    18.5000000        0.04919744        0.01437161
    18.5500000        0.04873388        0.01541762
    18.6000000        0.04900915        0.01646137
    18.6500000        0.05023610        0.01754980
    18.7000000        0.05293248        0.01885610
    18.7500000        0.05594846        0.01962425
    18.8000000        0.05968685        0.01993413
    18.8500000        0.06327066        0.02020075
    18.9000000        0.06675384        0.02070379
    18.9500000        0.07073464        0.02134504
    19.0000000        0.07512162        0.02209905
    19.0500000        0.07960834        0.02304617
    19.1000000        0.08442457        0.02419971
    19.1500000        0.08886667        0.02546668
    19.2000000        0.09424784        0.02651522
    19.2500000        0.10132149        0.02731936
    19.3000000        0.10881001        0.02819563
    19.3500000        0.11634790        0.02884471
    19.4000000        0.12467632        0.02914924
    19.4500000        0.13366241        0.02878942
    19.5000000        0.14401938        0.02799422
    19.5500000        0.15489376        0.02743406
    19.6000000        0.16693406        0.02715163
    19.6500000        0.18159587        0.02673378
    19.7000000        0.19886524        0.02639859
    19.7500000        0.21998183        0.02587284
    19.8000000        0.24585668        0.02501524
    19.8500000        0.27754424        0.02414055
    19.9000000        0.31666223        0.02309916
    19.9500000        0.36424540        0.02233911
    20.0000000        0.42411382        0.02181728
