     0.0000000        1.30210268        0.01757412
     0.1000000        1.07566219        0.01519407
     0.2000000        0.89984368        0.01385053
     0.3000000        0.75879793        0.01321639
     0.4000000        0.64593789        0.01193928
     0.5000000        0.55193721        0.01138649
     0.6000000        0.47300632        0.01102123
     0.7000000        0.40878141        0.01174041
     0.8000000        0.35409398        0.01232128
     0.9000000        0.30707459        0.01109518
     1.0000000        0.26586257        0.01007570
     1.1000000        0.23131460        0.00897655
     1.2000000        0.20060647        0.00869616
     1.3000000        0.17465392        0.00902785
     1.4000000        0.15237441        0.00870038
     1.5000000        0.13323712        0.00851473
     1.6000000        0.11727996        0.00861107
     1.7000000        0.10478168        0.00944794
     1.8000000        0.09426657        0.01048038
     1.9000000        0.08282180        0.00970617
     2.0000000        0.07258699        0.00923559
     2.1000000        0.06509205        0.00935509
     2.2000000        0.05857512        0.00980438
     2.3000000        0.05163415        0.00797387
     2.4000000        0.04620042        0.00700107
     2.5000000        0.03973865        0.00531571
     2.6000000        0.03505716        0.00475615
     2.7000000        0.02981775        0.00324236
     2.8000000        0.02645900        0.00294533
     2.9000000        0.02305063        0.00250056
     3.0000000        0.01971053        0.00210164
     3.1000000        0.01719161        0.00245934
     3.2000000        0.01527515        0.00290076
     3.3000000        0.01362249        0.00345759
     3.4000000        0.01212697        0.00384403
     3.5000000        0.01042832        0.00401575
     3.6000000        0.00876430        0.00429504
     3.7000000        0.00853608        0.00443887
     3.8000000        0.00845386        0.00464352
     3.9000000        0.00763087        0.00449702
     4.0000000        0.00716012        0.00448475
     4.1000000        0.00570602        0.00367365
     4.2000000        0.00360202        0.00305006
     4.3000000        0.00246273        0.00254340
     4.4000000        0.00096562        0.00220516
     4.5000000       -0.00111460        0.00229862
     4.6000000       -0.00236024        0.00261962
     4.7000000       -0.00299929        0.00283323
     4.8000000       -0.00345094        0.00336754
     4.9000000       -0.00338233        0.00338266
     5.0000000       -0.00284314        0.00328045
     5.1000000       -0.00231683        0.00339372
     5.2000000       -0.00131325        0.00315634
     5.3000000       -0.00078592        0.00304022
     5.4000000       -0.00121514        0.00296878
     5.5000000       -0.00066038        0.00307642
     5.6000000        0.00045926        0.00264702
     5.7000000        0.00177999        0.00225064
     5.8000000        0.00292243        0.00199307
     5.9000000        0.00408352        0.00198019
     6.0000000        0.00463694        0.00161026
     6.1000000        0.00532691        0.00133951
     6.2000000        0.00637522        0.00140839
     6.3000000        0.00752210        0.00130235
     6.4000000        0.00884385        0.00195837
     6.5000000        0.01157894        0.00232565
     6.6000000        0.01392958        0.00274067
     6.7000000        0.01601497        0.00274545
     6.8000000        0.01802344        0.00242953
     6.9000000        0.01942264        0.00223155
     7.0000000        0.02124234        0.00196956
     7.1000000        0.02226412        0.00197275
     7.2000000        0.02429474        0.00196590
     7.3000000        0.02762269        0.00203364
     7.4000000        0.03138861        0.00235036
     7.5000000        0.03596250        0.00261175
     7.6000000        0.04112503        0.00277960
     7.7000000        0.04581661        0.00274695
     7.8000000        0.05299822        0.00342271
     7.9000000        0.06129606        0.00326671
     8.0000000        0.06906886        0.00314523
     8.1000000        0.07747301        0.00272483
     8.2000000        0.08749537        0.00285274
     8.3000000        0.09922778        0.00335020
     8.4000000        0.11326853        0.00413267
     8.5000000        0.13002929        0.00393957
     8.6000000        0.15079758        0.00407514
     8.7000000        0.17409062        0.00450252
     8.8000000        0.20166133        0.00579435
     8.9000000        0.23371596        0.00755038
     9.0000000        0.27088399        0.01019810
     9.1000000        0.31376725        0.01284917
     9.2000000        0.36254045        0.01443673
     9.3000000        0.41910800        0.01555640
     9.4000000        0.48417349        0.01611261
     9.5000000        0.56130428        0.01671413
     9.6000000        0.65463202        0.01743847
     9.7000000        0.76913977        0.01867203
     9.8000000        0.90669207        0.01868641
     9.9000000        1.07956493        0.01801694
    10.0000000        1.30210268        0.01757412
