     0.0000000        3.52574881        0.16243648
     0.1000000        3.33476435        0.20743023
     0.2000000        3.09554231        0.18843490
     0.3000000        3.00061887        0.19305101
     0.4000000        2.80069747        0.10768383
     0.5000000        2.79177445        0.11239793
     0.6000000        2.74568338        0.12948902
     0.7000000        2.73367918        0.19802908
     0.8000000        2.70550733        0.26075221
     0.9000000        2.50857983        0.20984448
     1.0000000        2.31953695        0.13513345
     1.1000000        2.45999694        0.25005536
     1.2000000        2.31082299        0.25568333
     1.3000000        2.20607979        0.26475471
     1.4000000        1.79260562        0.13398688
     1.5000000        1.80673544        0.12020687
     1.6000000        1.75615864        0.16934819
     1.7000000        1.66462910        0.09838086
     1.8000000        1.70183265        0.12566682
     1.9000000        1.61730018        0.20912370
     2.0000000        1.70303428        0.25995823
     2.1000000        1.47720111        0.14638307
     2.2000000        1.37032834        0.19064026
     2.3000000        1.46045236        0.25873676
     2.4000000        1.62109089        0.40842021
     2.5000000        1.61358104        0.41613661
     2.6000000        1.58600349        0.47822259
     2.7000000        1.30827926        0.32991867
     2.8000000        1.76435210        0.75249280
     2.9000000        1.47718960        0.39621988
     3.0000000        1.24812499        0.27995736
     3.1000000        1.33006338        0.33149354
     3.2000000        1.25208110        0.30563235
     3.3000000        0.98776031        0.19913164
     3.4000000        0.91906761        0.19871007
     3.5000000        1.02522188        0.19884583
     3.6000000        1.06203805        0.21268718
     3.7000000        1.05454211        0.19172517
     3.8000000        0.87210249        0.15354308
     3.9000000        1.25210123        0.44759225
     4.0000000        1.08539607        0.30546789
     4.1000000        0.95631561        0.18556782
     4.2000000        0.76808950        0.13666118
     4.3000000        0.79109878        0.15655319
     4.4000000        0.78358285        0.10939811
     4.5000000        0.78813902        0.13282083
     4.6000000        0.90218477        0.22164978
     4.7000000        1.13607689        0.36704289
     4.8000000        1.62137651        0.72366511
     4.9000000        1.35217433        0.41243546
     5.0000000        1.39062530        0.51737814
     5.1000000        1.53590337        0.62293133
     5.2000000        1.88230090        0.84290877
     5.3000000        1.28180356        0.40298329
     5.4000000        1.40973618        0.54118683
     5.5000000        1.18252794        0.34041210
     5.6000000        1.71355928        0.70783858
     5.7000000        2.39860131        1.25945399
     5.8000000        2.38466583        1.13495540
     5.9000000        1.65658711        0.50523439
     6.0000000        1.55587381        0.39375458
     6.1000000        1.41601029        0.25990475
     6.2000000        1.59687064        0.45362777
     6.3000000        1.67168787        0.34556092
     6.4000000        1.89536441        0.45270731
     6.5000000        1.76863546        0.35330226
     6.6000000        1.47795807        0.20614599
     6.7000000        1.51553220        0.21452592
     6.8000000        1.81240601        0.34950196
     6.9000000        1.62219331        0.26798560
     7.0000000        1.49732270        0.23368138
     7.1000000        1.54772705        0.22645918
     7.2000000        1.96857520        0.41253717
     7.3000000        2.03020594        0.36683983
     7.4000000        1.81841858        0.45798112
     7.5000000        2.71797050        1.34861640
     7.6000000        1.95621345        0.33918856
     7.7000000        2.27082355        0.72325698
     7.8000000        1.97985057        0.31589192
     7.9000000        1.92314451        0.24658605
     8.0000000        2.05962977        0.14355465
     8.1000000        2.06232017        0.11430439
     8.2000000        2.37931074        0.22142871
     8.3000000        2.31044406        0.19332160
     8.4000000        2.35092316        0.25691715
     8.5000000        2.49495880        0.30080359
     8.6000000        3.02092232        0.53222669
     8.7000000        3.36887274        0.46053934
     8.8000000        3.32011652        0.52196706
     8.9000000        3.10247490        0.25447511
     9.0000000        3.12597876        0.28881446
     9.1000000        3.04120127        0.30386316
     9.2000000        3.19342523        0.37107052
     9.3000000        2.95634939        0.31715793
     9.4000000        2.91976651        0.22021281
     9.5000000        3.21057000        0.31693863
     9.6000000        3.23465164        0.24457964
     9.7000000        3.09055360        0.16808440
     9.8000000        3.26867849        0.16064278
     9.9000000        3.43261335        0.16837548
    10.0000000        3.52574881        0.16243648
