     0.0000000        0.71866049        0.01380042
     0.1000000        0.49004084        0.01038289
     0.2000000        0.35772343        0.01111737
     0.3000000        0.27694864        0.01191216
     0.4000000        0.21907457        0.01100729
     0.5000000        0.17563215        0.00991361
     0.6000000        0.14441098        0.00855122
     0.7000000        0.12134207        0.00774181
     0.8000000        0.10070982        0.00417345
     0.9000000        0.08437222        0.00473155
     1.0000000        0.07067625        0.00405908
     1.1000000        0.06010816        0.00314365
     1.2000000        0.05186939        0.00276099
     1.3000000        0.04582916        0.00211361
     1.4000000        0.04058026        0.00215577
     1.5000000        0.03602886        0.00199943
     1.6000000        0.03188932        0.00182379
     1.7000000        0.02864737        0.00176368
     1.8000000        0.02556553        0.00167307
     1.9000000        0.02324566        0.00175511
     2.0000000        0.02098206        0.00174195
     2.1000000        0.01896733        0.00161043
     2.2000000        0.01686276        0.00116478
     2.3000000        0.01507943        0.00073850
     2.4000000        0.01355991        0.00087786
     2.5000000        0.01224739        0.00078209
     2.6000000        0.01088696        0.00065987
     2.7000000        0.01009413        0.00049332
     2.8000000        0.00913299        0.00011595
     2.9000000        0.00818568        0.00010712
     3.0000000        0.00742851        0.00009266
     3.1000000        0.00666813        0.00011011
     3.2000000        0.00613983        0.00018695
     3.3000000        0.00570440        0.00026164
     3.4000000        0.00529923        0.00027173
     3.5000000        0.00474364        0.00014151
     3.6000000        0.00433406        0.00016241
     3.7000000        0.00386222        0.00010612
     3.8000000        0.00353146        0.00003765
     3.9000000        0.00328527        0.00004352
     4.0000000        0.00305794        0.00002820
     4.1000000        0.00284859        0.00003088
     4.2000000        0.00263182        0.00001591
     4.3000000        0.00243800        0.00010358
     4.4000000        0.00232357        0.00015414
     4.5000000        0.00216028        0.00014808
     4.6000000        0.00203673        0.00014889
     4.7000000        0.00189214        0.00009161
     4.8000000        0.00178554        0.00008951
     4.9000000        0.00174054        0.00011728
     5.0000000        0.00172693        0.00011817
     5.1000000        0.00170303        0.00010113
     5.2000000        0.00170477        0.00007065
     5.3000000        0.00174274        0.00008267
     5.4000000        0.00180352        0.00011367
     5.5000000        0.00190893        0.00010500
     5.6000000        0.00198339        0.00013202
     5.7000000        0.00211544        0.00015062
     5.8000000        0.00231227        0.00015518
     5.9000000        0.00255462        0.00020906
     6.0000000        0.00279534        0.00028205
     6.1000000        0.00302283        0.00022595
     6.2000000        0.00329388        0.00018190
     6.3000000        0.00369513        0.00023781
     6.4000000        0.00401622        0.00014335
     6.5000000        0.00428515        0.00020590
     6.6000000        0.00460658        0.00025226
     6.7000000        0.00506119        0.00019588
     6.8000000        0.00576955        0.00025303
     6.9000000        0.00657723        0.00034330
     7.0000000        0.00751743        0.00046557
     7.1000000        0.00841247        0.00052494
     7.2000000        0.00922112        0.00054556
     7.3000000        0.01045809        0.00068107
     7.4000000        0.01176512        0.00083587
     7.5000000        0.01328620        0.00112412
     7.6000000        0.01506881        0.00076424
     7.7000000        0.01669450        0.00102924
     7.8000000        0.01840480        0.00115470
     7.9000000        0.02005164        0.00081573
     8.0000000        0.02258894        0.00090064
     8.1000000        0.02585357        0.00211332
     8.2000000        0.02999220        0.00310949
     8.3000000        0.03229116        0.00384183
     8.4000000        0.03577359        0.00475430
     8.5000000        0.03854802        0.00349179
     8.6000000        0.04391349        0.00240286
     8.7000000        0.04889287        0.00203330
     8.8000000        0.05567555        0.00231106
     8.9000000        0.06373739        0.00195481
     9.0000000        0.07348682        0.00039998
     9.1000000        0.08504543        0.00129718
     9.2000000        0.09876102        0.00229830
     9.3000000        0.11731171        0.00372508
     9.4000000        0.14263610        0.00697525
     9.5000000        0.17305410        0.00730211
     9.6000000        0.21582118        0.00806048
     9.7000000        0.27629007        0.00949036
     9.8000000        0.36295095        0.01034106
     9.9000000        0.48869771        0.01208816
    10.0000000        0.71866049        0.01380042
