     0.0000000        0.14968595        0.00275826
     0.1000000        0.10830471        0.00270663
     0.2000000        0.07868328        0.00276475
     0.3000000        0.06008220        0.00236780
     0.4000000        0.04533517        0.00191005
     0.5000000        0.03388738        0.00180040
     0.6000000        0.02804628        0.00201949
     0.7000000        0.02208141        0.00191413
     0.8000000        0.02002153        0.00191200
     0.9000000        0.01585747        0.00180230
     1.0000000        0.01349738        0.00130371
     1.1000000        0.01140948        0.00136370
     1.2000000        0.01124812        0.00165472
     1.3000000        0.01161758        0.00180012
     1.4000000        0.01025113        0.00170542
     1.5000000        0.01157540        0.00157773
     1.6000000        0.01037689        0.00175578
     1.7000000        0.00905949        0.00161148
     1.8000000        0.00740627        0.00155122
     1.9000000        0.00736424        0.00163957
     2.0000000        0.00897352        0.00140030
     2.1000000        0.01127082        0.00186444
     2.2000000        0.01172474        0.00174996
     2.3000000        0.01405208        0.00184066
     2.4000000        0.01428807        0.00212307
     2.5000000        0.01429248        0.00182743
     2.6000000        0.01844583        0.00163727
     2.7000000        0.02409652        0.00184383
     2.8000000        0.02857458        0.00196223
     2.9000000        0.03430350        0.00198560
     3.0000000        0.04002667        0.00200556
     3.1000000        0.04755262        0.00210935
     3.2000000        0.05273862        0.00251374
     3.3000000        0.06172322        0.00233144
     3.4000000        0.07517507        0.00246402
     3.5000000        0.08658611        0.00184299
     3.6000000        0.10326407        0.00222821
     3.7000000        0.12655975        0.00208747
     3.8000000        0.15211226        0.00215385
     3.9000000        0.18345282        0.00220096
     4.0000000        0.22009004        0.00230153
     4.1000000        0.26879974        0.00227450
     4.2000000        0.32517600        0.00236354
     4.3000000        0.39672397        0.00210297
     4.4000000        0.48752951        0.00209922
     4.5000000        0.59740378        0.00221610
     4.6000000        0.73838220        0.00204243
     4.7000000        0.91892771        0.00229701
     4.8000000        1.15288881        0.00292697
     4.9000000        1.45342748        0.00302029
     5.0000000        1.85031405        0.00275826
