     0.0000000        0.48812530        0.00178948
     0.1000000        0.29670370        0.00191469
     0.2000000        0.18367847        0.00129845
     0.3000000        0.11555917        0.00142356
     0.4000000        0.07358601        0.00127452
     0.5000000        0.04784561        0.00083031
     0.6000000        0.03156029        0.00049964
     0.7000000        0.02123886        0.00027736
     0.8000000        0.01457630        0.00024828
     0.9000000        0.01011653        0.00026367
     1.0000000        0.00705801        0.00022488
     1.1000000        0.00494844        0.00041770
     1.2000000        0.00337565        0.00035215
     1.3000000        0.00230720        0.00026505
     1.4000000        0.00159311        0.00022218
     1.5000000        0.00109076        0.00015696
     1.6000000        0.00072743        0.00010796
     1.7000000        0.00052302        0.00007213
     1.8000000        0.00042796        0.00013556
     1.9000000        0.00038133        0.00026248
     2.0000000        0.00028198        0.00031309
     2.1000000        0.00010439        0.00020394
     2.2000000       -0.00002416        0.00007037
     2.3000000       -0.00002289        0.00002058
     2.4000000       -0.00001803        0.00004981
     2.5000000        0.00008382        0.00002600
     2.6000000        0.00009487        0.00004338
     2.7000000        0.00005228        0.00002460
     2.8000000        0.00003864        0.00005653
     2.9000000        0.00004850        0.00003993
     3.0000000        0.00001365        0.00003679
     3.1000000       -0.00003129        0.00002343
     3.2000000       -0.00002504        0.00003386
     3.3000000        0.00000510        0.00005236
     3.4000000        0.00002647        0.00006667
     3.5000000        0.00001778        0.00007228
     3.6000000       -0.00000776        0.00006666
     3.7000000       -0.00004102        0.00006023
     3.8000000       -0.00005992        0.00004232
     3.9000000       -0.00004954        0.00005444
     4.0000000       -0.00003483        0.00005960
     4.1000000       -0.00002182        0.00005337
     4.2000000       -0.00002218        0.00004048
     4.3000000       -0.00000784        0.00002704
     4.4000000        0.00000546        0.00000581
     4.5000000        0.00001833        0.00000781
     4.6000000        0.00003391        0.00001742
     4.7000000        0.00003919        0.00002131
     4.8000000        0.00005059        0.00003426
     4.9000000        0.00005531        0.00005246
     5.0000000        0.00005194        0.00005474
     5.1000000        0.00003578        0.00004065
     5.2000000        0.00003406        0.00002641
     5.3000000        0.00001072        0.00000485
     5.4000000        0.00001479        0.00001291
     5.5000000        0.00002798        0.00001456
     5.6000000        0.00003872        0.00002698
     5.7000000        0.00004209        0.00003162
     5.8000000        0.00003137        0.00002640
     5.9000000        0.00003051        0.00003574
     6.0000000        0.00002756        0.00003940
     6.1000000        0.00002486        0.00004795
     6.2000000        0.00001246        0.00004873
     6.3000000        0.00000750        0.00003832
     6.4000000        0.00001167        0.00003623
     6.5000000        0.00000581        0.00003542
     6.6000000       -0.00000088        0.00004654
     6.7000000        0.00000120        0.00004928
     6.8000000        0.00001522        0.00005756
     6.9000000        0.00003198        0.00006373
     7.0000000        0.00005443        0.00006149
     7.1000000        0.00006898        0.00006514
     7.2000000        0.00006779        0.00010916
     7.3000000        0.00005796        0.00018152
     7.4000000        0.00002414        0.00025357
     7.5000000       -0.00000952        0.00022451
     7.6000000       -0.00001393        0.00021937
     7.7000000        0.00000279        0.00026912
     7.8000000        0.00008094        0.00022931
     7.9000000        0.00022956        0.00015015
     8.0000000        0.00036698        0.00015108
     8.1000000        0.00043437        0.00007642
     8.2000000        0.00065419        0.00005803
     8.3000000        0.00087073        0.00016368
     8.4000000        0.00121186        0.00022614
     8.5000000        0.00150529        0.00021415
     8.6000000        0.00195297        0.00025894
     8.7000000        0.00260272        0.00040749
     8.8000000        0.00352108        0.00037364
     8.9000000        0.00498415        0.00042996
     9.0000000        0.00699574        0.00044306
     9.1000000        0.00983091        0.00050265
     9.2000000        0.01427896        0.00051153
     9.3000000        0.02112005        0.00053199
     9.4000000        0.03157850        0.00043658
     9.5000000        0.04800141        0.00048162
     9.6000000        0.07400091        0.00081838
     9.7000000        0.11587723        0.00108944
     9.8000000        0.18438759        0.00126559
     9.9000000        0.29786418        0.00157682
    10.0000000        0.48812530        0.00178948
