     0.0000000        0.44184086        0.05143978
     0.1000000        0.25895886        0.04237569
     0.2000000        0.14960086        0.03844002
     0.3000000        0.09088247        0.02887326
     0.4000000        0.05804779        0.01914213
     0.5000000        0.04105030        0.00951922
     0.6000000        0.02697917        0.00706399
     0.7000000        0.01607568        0.00656150
     0.8000000        0.00016536        0.01559075
     0.9000000       -0.00933117        0.02095353
     1.0000000       -0.01852778        0.02708346
     1.1000000       -0.02765058        0.03361534
     1.2000000       -0.02744785        0.03207666
     1.3000000       -0.03765964        0.04117843
     1.4000000       -0.04556320        0.04829834
     1.5000000       -0.03625303        0.03842906
     1.6000000       -0.02790058        0.02985287
     1.7000000       -0.02509083        0.02780833
     1.8000000       -0.02410830        0.02686251
     1.9000000       -0.01875071        0.02149225
     2.0000000       -0.01938005        0.02268181
     2.1000000       -0.01546727        0.01853935
     2.2000000       -0.01245608        0.01477484
     2.3000000       -0.01329376        0.01479560
     2.4000000       -0.00897218        0.01007572
     2.5000000       -0.00790744        0.00994018
     2.6000000       -0.00941537        0.01088980
     2.7000000       -0.01272222        0.01405442
     2.8000000       -0.00783473        0.00941908
     2.9000000       -0.00405379        0.00578760
     3.0000000       -0.00063705        0.00321078
     3.1000000       -0.00328541        0.00578798
     3.2000000       -0.00774983        0.00886180
     3.3000000       -0.00920856        0.00933856
     3.4000000       -0.00598668        0.00728972
     3.5000000        0.00205515        0.00289723
     3.6000000        0.00705264        0.00707729
     3.7000000        0.01438462        0.01406438
     3.8000000        0.01788684        0.01673812
     3.9000000        0.01614292        0.01480508
     4.0000000        0.01162627        0.01122804
     4.1000000        0.00350657        0.00628232
     4.2000000       -0.00157317        0.00574734
     4.3000000       -0.00565353        0.00588756
     4.4000000       -0.00747554        0.00534890
     4.5000000       -0.00828601        0.00553053
     4.6000000       -0.00857407        0.00528434
     4.7000000       -0.00703057        0.00451099
     4.8000000       -0.00540327        0.00345608
     4.9000000       -0.00346965        0.00259019
     5.0000000       -0.00115156        0.00351218
     5.1000000        0.00021879        0.00380873
     5.2000000       -0.00215975        0.00249526
     5.3000000       -0.00137031        0.00274149
     5.4000000        0.00324308        0.00677883
     5.5000000        0.00404293        0.00757894
     5.6000000        0.00146091        0.00541283
     5.7000000        0.00092923        0.00587078
     5.8000000        0.01044444        0.01530169
     5.9000000        0.01617405        0.02041523
     6.0000000        0.02289862        0.02728794
     6.1000000        0.02098696        0.02461984
     6.2000000        0.02251195        0.02539499
     6.3000000        0.02381496        0.02653316
     6.4000000        0.02749118        0.03140371
     6.5000000        0.02371405        0.02768689
     6.6000000        0.02506941        0.02839477
     6.7000000        0.01862423        0.02124957
     6.8000000        0.00928881        0.01197426
     6.9000000        0.01573620        0.01838174
     7.0000000        0.00577485        0.00934766
     7.1000000        0.00303314        0.00821252
     7.2000000        0.00965155        0.01409910
     7.3000000        0.01422434        0.01835893
     7.4000000        0.01640050        0.01992457
     7.5000000        0.01751757        0.02010661
     7.6000000        0.02278288        0.02424461
     7.7000000        0.02326852        0.02490458
     7.8000000        0.02878054        0.03081029
     7.9000000        0.02874088        0.03156995
     8.0000000        0.03213745        0.03598836
     8.1000000        0.02038195        0.02456182
     8.2000000        0.01672376        0.02001486
     8.3000000        0.00658960        0.00859801
     8.4000000        0.00361158        0.00451823
     8.5000000        0.00077779        0.00275110
     8.6000000       -0.00268301        0.00342570
     8.7000000        0.00018778        0.00265928
     8.8000000       -0.00115304        0.00405814
     8.9000000       -0.00073348        0.00499888
     9.0000000       -0.00290578        0.00728301
     9.1000000       -0.00475501        0.01139444
     9.2000000       -0.00728586        0.01921035
     9.3000000       -0.00211101        0.02190773
     9.4000000       -0.00139007        0.03206971
     9.5000000        0.00614710        0.04196253
     9.6000000        0.02979181        0.04535181
     9.7000000        0.06997167        0.04657472
     9.8000000        0.13399040        0.05164513
     9.9000000        0.24796115        0.05229522
    10.0000000        0.44184086        0.05143978
