     0.0000000        1.82930407        0.01839337
     0.0500000        1.62115665        0.01757311
     0.1000000        1.43001115        0.01836990
     0.1500000        1.26590208        0.01803748
     0.2000000        1.12772718        0.01856331
     0.2500000        1.00681709        0.01881923
     0.3000000        0.90134693        0.01862614
     0.3500000        0.80930073        0.01956039
     0.4000000        0.73196297        0.01845285
     0.4500000        0.66582788        0.01695179
     0.5000000        0.60345259        0.01705642
     0.5500000        0.54778481        0.01691672
     0.6000000        0.49593267        0.01847181
     0.6500000        0.44664985        0.01901716
     0.7000000        0.40630803        0.01922165
     0.7500000        0.36454647        0.02108742
     0.8000000        0.33150273        0.02232123
     0.8500000        0.30297475        0.02400673
     0.9000000        0.27267011        0.02415026
     0.9500000        0.24229646        0.02632812
     1.0000000        0.21735149        0.02754959
     1.0500000        0.19308470        0.02852040
     1.1000000        0.17203584        0.03037669
     1.1500000        0.14615367        0.03215750
     1.2000000        0.12262435        0.03372396
     1.2500000        0.10801324        0.03818741
     1.3000000        0.09635293        0.04121508
     1.3500000        0.08344835        0.04493446
     1.4000000        0.07588422        0.04508666
     1.4500000        0.06395807        0.04519704
     1.5000000        0.05863463        0.04499012
     1.5500000        0.05186761        0.04087359
     1.6000000        0.04338239        0.03856568
     1.6500000        0.03473032        0.03590059
     1.7000000        0.02848226        0.03276295
     1.7500000        0.02069129        0.03179256
     1.8000000        0.01312443        0.03078376
     1.8500000        0.00385040        0.02903656
     1.9000000       -0.00079651        0.02752254
     1.9500000        0.00027924        0.02545369
     2.0000000       -0.00349815        0.02552112
     2.0500000       -0.00854419        0.02369926
     2.1000000       -0.01246744        0.02237408
     2.1500000       -0.02023804        0.02187316
     2.2000000       -0.02417757        0.02064750
     2.2500000       -0.03112497        0.01975186
     2.3000000       -0.03484684        0.02207976
     2.3500000       -0.03587292        0.02195845
     2.4000000       -0.03475068        0.02056411
     2.4500000       -0.03425912        0.01851201
     2.5000000       -0.02749428        0.01815521
     2.5500000       -0.02628277        0.01727231
     2.6000000       -0.02427073        0.01793123
     2.6500000       -0.02360767        0.01722327
     2.7000000       -0.02098708        0.01666389
     2.7500000       -0.01975488        0.01637867
     2.8000000       -0.02210420        0.01657049
     2.8500000       -0.01666630        0.01649794
     2.9000000       -0.00763798        0.01525716
     2.9500000       -0.00752054        0.01397936
     3.0000000       -0.00474651        0.01278104
     3.0500000       -0.00539562        0.01276318
     3.1000000       -0.00397854        0.01277302
     3.1500000       -0.00504741        0.01285664
     3.2000000       -0.00684360        0.01432329
     3.2500000       -0.00748972        0.01473492
     3.3000000       -0.00858759        0.01472777
     3.3500000       -0.00874263        0.01375725
     3.4000000       -0.00686169        0.01445607
     3.4500000       -0.00492177        0.01565671
     3.5000000       -0.00285783        0.01542959
     3.5500000       -0.00557799        0.01503109
     3.6000000       -0.00795781        0.01640881
     3.6500000       -0.01261505        0.01692264
     3.7000000       -0.01246726        0.01769952
     3.7500000       -0.01238696        0.01911992
     3.8000000       -0.01097894        0.01905023
     3.8500000       -0.01123109        0.01892262
     3.9000000       -0.00871693        0.01774230
     3.9500000       -0.01136534        0.01757182
     4.0000000       -0.01282151        0.01827205
     4.0500000       -0.01389786        0.01786499
     4.1000000       -0.01192888        0.01710267
     4.1500000       -0.01355131        0.01536215
     4.2000000       -0.01694060        0.01385642
     4.2500000       -0.02146934        0.01457831
     4.3000000       -0.01884582        0.01563067
     4.3500000       -0.01435772        0.01562538
     4.4000000       -0.01122300        0.01590891
     4.4500000       -0.01480166        0.01387794
     4.5000000       -0.01266054        0.01275721
     4.5500000       -0.01021610        0.01085679
     4.6000000       -0.00737454        0.00911345
     4.6500000       -0.00482265        0.00727250
     4.7000000        0.00183469        0.00823700
     4.7500000        0.00656702        0.01018423
     4.8000000        0.00845284        0.01040453
     4.8500000        0.01161948        0.01230325
     4.9000000        0.01720210        0.01361111
     4.9500000        0.01754109        0.01437916
     5.0000000        0.01822290        0.01439575
     5.0500000        0.01917583        0.01434629
     5.1000000        0.01834858        0.01624485
     5.1500000        0.01566631        0.01663328
     5.2000000        0.01575238        0.01824185
     5.2500000        0.01547814        0.01811112
     5.3000000        0.01529107        0.01770728
     5.3500000        0.01535377        0.01657623
     5.4000000        0.01950125        0.01644046
     5.4500000        0.02289711        0.01696528
     5.5000000        0.03047281        0.01659317
     5.5500000        0.03052107        0.01555330
     5.6000000        0.02752975        0.01510198
     5.6500000        0.02497792        0.01385933
     5.7000000        0.02582667        0.01278416
     5.7500000        0.02453579        0.01158033
     5.8000000        0.02262299        0.01079766
     5.8500000        0.02095257        0.01010373
     5.9000000        0.01917451        0.00949479
     5.9500000        0.01974892        0.00946091
     6.0000000        0.01738570        0.00892195
     6.0500000        0.01318020        0.00855812
     6.1000000        0.01140047        0.00923511
     6.1500000        0.01049951        0.01128152
     6.2000000        0.00764666        0.01204104
     6.2500000        0.00613390        0.01289010
     6.3000000        0.00733574        0.01331420
     6.3500000        0.00944018        0.01381444
     6.4000000        0.01131281        0.01417914
     6.4500000        0.01204006        0.01324544
     6.5000000        0.01135968        0.01263884
     6.5500000        0.01178586        0.01141064
     6.6000000        0.01104042        0.01021512
     6.6500000        0.00934690        0.00964082
     6.7000000        0.00935053        0.00871939
     6.7500000        0.00836522        0.00803287
     6.8000000        0.00624136        0.00802344
     6.8500000        0.00551425        0.00853265
     6.9000000        0.00996813        0.00871024
     6.9500000        0.00831985        0.00842201
     7.0000000        0.00626877        0.00864996
     7.0500000        0.00556307        0.00986595
     7.1000000        0.00825042        0.01124050
     7.1500000        0.01075896        0.01213646
     7.2000000        0.00988447        0.01208814
     7.2500000        0.01059439        0.01173207
     7.3000000        0.01131978        0.01201226
     7.3500000        0.01049998        0.01155885
     7.4000000        0.00847967        0.01232858
     7.4500000        0.01030610        0.01244795
     7.5000000        0.01172491        0.01272080
     7.5500000        0.01121301        0.01278491
     7.6000000        0.00991993        0.01245736
     7.6500000        0.01023974        0.01203813
     7.7000000        0.00981388        0.01196146
     7.7500000        0.01341828        0.01161931
     7.8000000        0.01448097        0.01265890
     7.8500000        0.01512035        0.01329769
     7.9000000        0.01621566        0.01190457
     7.9500000        0.01494665        0.01029079
     8.0000000        0.01154958        0.01001021
     8.0500000        0.00549657        0.01000188
     8.1000000       -0.00088208        0.01103567
     8.1500000       -0.00352628        0.01162324
     8.2000000       -0.00660381        0.01176289
     8.2500000       -0.00720792        0.01163057
     8.3000000       -0.00439444        0.01202772
     8.3500000       -0.00351964        0.01196430
     8.4000000       -0.00167371        0.01166703
     8.4500000       -0.00131436        0.01141669
     8.5000000       -0.00165745        0.01025647
     8.5500000       -0.00378241        0.00907992
     8.6000000       -0.01017720        0.00865899
     8.6500000       -0.01218371        0.00832208
     8.7000000       -0.01385897        0.00815535
     8.7500000       -0.01698148        0.00877398
     8.8000000       -0.01759423        0.00881234
     8.8500000       -0.02000669        0.00814620
     8.9000000       -0.01775137        0.00793611
     8.9500000       -0.01710046        0.00704451
     9.0000000       -0.01651601        0.00683443
     9.0500000       -0.01239348        0.00669419
     9.1000000       -0.00931377        0.00653297
     9.1500000       -0.00693103        0.00719905
     9.2000000       -0.00884100        0.00688942
     9.2500000       -0.01240260        0.00680734
     9.3000000       -0.01567444        0.00521008
     9.3500000       -0.01877706        0.00570087
     9.4000000       -0.02218840        0.00619795
     9.4500000       -0.02069921        0.00706862
     9.5000000       -0.02113884        0.00777706
     9.5500000       -0.01979486        0.00809102
     9.6000000       -0.01657118        0.00803287
     9.6500000       -0.00934101        0.00864601
     9.7000000       -0.00401049        0.00936001
     9.7500000        0.00147268        0.01048881
     9.8000000        0.00774727        0.01172537
     9.8500000        0.01459945        0.01101355
     9.9000000        0.02242067        0.01245071
     9.9500000        0.02437648        0.01272559
    10.0000000        0.02254684        0.01359049
    10.0500000        0.02327261        0.01415242
    10.1000000        0.02352134        0.01446356
    10.1500000        0.02091287        0.01503684
    10.2000000        0.01608991        0.01490295
    10.2500000        0.01497331        0.01443490
    10.3000000        0.01373310        0.01402492
    10.3500000        0.01184637        0.01404992
    10.4000000        0.01315021        0.01354788
    10.4500000        0.01686463        0.01289286
    10.5000000        0.01683380        0.01204224
    10.5500000        0.01917531        0.01232303
    10.6000000        0.01766146        0.01200025
    10.6500000        0.01888836        0.01152781
    10.7000000        0.01749125        0.01103659
    10.7500000        0.01205218        0.01054390
    10.8000000        0.01028655        0.00910671
    10.8500000        0.00841478        0.00903949
    10.9000000        0.00783178        0.00881791
    10.9500000        0.00695145        0.00965075
    11.0000000        0.00628248        0.00935766
    11.0500000        0.00932595        0.00866945
    11.1000000        0.00788984        0.00771497
    11.1500000        0.00323902        0.00876138
    11.2000000       -0.00162000        0.00946293
    11.2500000       -0.00450894        0.01019246
    11.3000000       -0.00415050        0.01044424
    11.3500000       -0.00684749        0.01068337
    11.4000000       -0.00888244        0.00972072
    11.4500000       -0.00660207        0.00948442
    11.5000000       -0.00390372        0.00781663
    11.5500000       -0.00151075        0.00752470
    11.6000000       -0.00014481        0.00634400
    11.6500000        0.00047297        0.00543269
    11.7000000        0.00445236        0.00597737
    11.7500000        0.00272591        0.00575874
    11.8000000        0.00466495        0.00602414
    11.8500000        0.00399494        0.00506411
    11.9000000        0.00269382        0.00518942
    11.9500000        0.00651821        0.00449477
    12.0000000        0.00537592        0.00571110
    12.0500000        0.00685993        0.00614347
    12.1000000        0.00973688        0.00620215
    12.1500000        0.01303295        0.00689656
    12.2000000        0.01821956        0.00786796
    12.2500000        0.02229997        0.00957215
    12.3000000        0.02280416        0.01059587
    12.3500000        0.02351421        0.01171490
    12.4000000        0.01943678        0.01162922
    12.4500000        0.01699400        0.01281932
    12.5000000        0.01512510        0.01372341
    12.5500000        0.01361155        0.01392778
    12.6000000        0.01323549        0.01435853
    12.6500000        0.01521509        0.01490325
    12.7000000        0.01324799        0.01455936
    12.7500000        0.00996867        0.01483729
    12.8000000        0.01094409        0.01393891
    12.8500000        0.01176153        0.01272603
    12.9000000        0.01201189        0.01221018
    12.9500000        0.01046662        0.01171591
    13.0000000        0.00819590        0.01131223
    13.0500000        0.01089798        0.01035988
    13.1000000        0.00959616        0.00997872
    13.1500000        0.00936143        0.01010174
    13.2000000        0.01197279        0.00979529
    13.2500000        0.01313547        0.01061949
    13.3000000        0.01339810        0.00982458
    13.3500000        0.01190882        0.00949567
    13.4000000        0.01003721        0.00950563
    13.4500000        0.00809563        0.00918651
    13.5000000        0.00733118        0.00960715
    13.5500000        0.00616037        0.00968626
    13.6000000        0.00220837        0.01110189
    13.6500000        0.00189115        0.01206497
    13.7000000        0.00174891        0.01126594
    13.7500000        0.00220655        0.01061049
    13.8000000       -0.00016111        0.01173005
    13.8500000        0.00043133        0.01116413
    13.9000000        0.00000455        0.00955685
    13.9500000       -0.00011811        0.00885704
    14.0000000        0.00019088        0.00739986
    14.0500000        0.00196610        0.00777103
    14.1000000        0.00146824        0.00764753
    14.1500000        0.00285283        0.00711873
    14.2000000        0.00596387        0.00760198
    14.2500000        0.00556548        0.00843293
    14.3000000        0.00516045        0.00887635
    14.3500000        0.00925517        0.00917063
    14.4000000        0.00896120        0.00920431
    14.4500000        0.00747261        0.00950944
    14.5000000        0.00630468        0.00991514
    14.5500000        0.00479910        0.01065576
    14.6000000        0.00499458        0.01125908
    14.6500000        0.00378198        0.01214773
    14.7000000        0.00453458        0.01199065
    14.7500000        0.00098830        0.01054872
    14.8000000        0.00116714        0.01144581
    14.8500000        0.00118371        0.01075329
    14.9000000        0.00413688        0.01033795
    14.9500000        0.00091094        0.00886610
    15.0000000        0.00001243        0.00881051
    15.0500000       -0.00318236        0.00842443
    15.1000000       -0.00319748        0.00910458
    15.1500000       -0.00056107        0.00845688
    15.2000000        0.00045823        0.00733837
    15.2500000        0.00028117        0.00661904
    15.3000000        0.00103317        0.00672528
    15.3500000        0.00095838        0.00708329
    15.4000000        0.00253641        0.00721954
    15.4500000        0.00221836        0.00728740
    15.5000000       -0.00036097        0.00827044
    15.5500000       -0.00006653        0.00852791
    15.6000000        0.00070091        0.00866180
    15.6500000        0.00389098        0.00778013
    15.7000000        0.00590502        0.00800767
    15.7500000        0.00587943        0.00989255
    15.8000000        0.00850781        0.00958587
    15.8500000        0.01137988        0.00986243
    15.9000000        0.01313005        0.01039530
    15.9500000        0.01225387        0.01057719
    16.0000000        0.01202174        0.01034863
    16.0500000        0.01050419        0.00918169
    16.1000000        0.00857187        0.00975697
    16.1500000        0.00813342        0.01217681
    16.2000000        0.00923032        0.01317328
    16.2500000        0.01253109        0.01395953
    16.3000000        0.01501585        0.01330558
    16.3500000        0.02200257        0.01372856
    16.4000000        0.02441654        0.01391763
    16.4500000        0.02716934        0.01421343
    16.5000000        0.02604980        0.01458448
    16.5500000        0.02281957        0.01440930
    16.6000000        0.02003506        0.01431266
    16.6500000        0.02296802        0.01531902
    16.7000000        0.02482065        0.01558146
    16.7500000        0.02066142        0.01608289
    16.8000000        0.01867524        0.01480184
    16.8500000        0.01739505        0.01510437
    16.9000000        0.01871746        0.01709630
    16.9500000        0.01885537        0.01750784
    17.0000000        0.02100392        0.01876230
    17.0500000        0.02334934        0.01984246
    17.1000000        0.02588451        0.02014841
    17.1500000        0.02645038        0.02010054
    17.2000000        0.02282852        0.02151293
    17.2500000        0.01581469        0.02109429
    17.3000000        0.01242390        0.02131732
    17.3500000        0.00829091        0.02098083
    17.4000000        0.00585644        0.02218537
    17.4500000        0.00344221        0.02189061
    17.5000000        0.00149024        0.02142101
    17.5500000        0.00084586        0.02062110
    17.6000000        0.00355201        0.01967401
    17.6500000        0.00673415        0.01845325
    17.7000000        0.00716603        0.01979234
    17.7500000        0.00992120        0.01933264
    17.8000000        0.00833741        0.02115315
    17.8500000        0.01017302        0.02000696
    17.9000000        0.01086333        0.01836887
    17.9500000        0.01139036        0.01749752
    18.0000000        0.01143479        0.01644785
    18.0500000        0.00874018        0.01572135
    18.1000000        0.00955739        0.01526951
    18.1500000        0.00662388        0.01544091
    18.2000000        0.00032151        0.01638155
    18.2500000       -0.00374670        0.01808746
    18.3000000       -0.00924419        0.01818344
    18.3500000       -0.01201468        0.01766800
    18.4000000       -0.00804492        0.01664077
    18.4500000       -0.00527317        0.01538799
    18.5000000       -0.00266596        0.01475304
    18.5500000       -0.00257118        0.01441015
    18.6000000       -0.00315362        0.01463952
    18.6500000       -0.00472879        0.01460636
    18.7000000       -0.00432428        0.01504079
    18.7500000       -0.00957327        0.01601953
    18.8000000       -0.01631871        0.01612843
    18.8500000       -0.01451152        0.01587508
    18.9000000       -0.01336537        0.01663636
    18.9500000       -0.01026961        0.01714428
    19.0000000       -0.00810178        0.01692819
    19.0500000       -0.00950730        0.01650417
    19.1000000       -0.00823196        0.01672306
    19.1500000       -0.00492464        0.01566913
    19.2000000        0.00095305        0.01491279
    19.2500000        0.00601706        0.01472377
    19.3000000        0.01462376        0.01487189
    19.3500000        0.02753009        0.01415398
    19.4000000        0.04211411        0.01450692
    19.4500000        0.05430445        0.01827269
    19.5000000        0.06124672        0.02075477
    19.5500000        0.07055374        0.02305708
    19.6000000        0.07872410        0.02394366
    19.6500000        0.07951342        0.02334697
    19.7000000        0.08441011        0.02256199
    19.7500000        0.09069233        0.02261300
    19.8000000        0.09933590        0.02067551
    19.8500000        0.11766530        0.02055702
    19.9000000        0.13680122        0.02025029
    19.9500000        0.15268205        0.02051778
    20.0000000        0.17069593        0.01839337
