     0.0000000        0.99256183        0.00872274
     0.1000000        0.86414590        0.00850821
     0.2000000        0.76748104        0.00930589
     0.3000000        0.68591327        0.00841938
     0.4000000        0.61864092        0.00759803
     0.5000000        0.55891419        0.00786835
     0.6000000        0.50569081        0.00779518
     0.7000000        0.45528171        0.00795388
     0.8000000        0.41258485        0.00955217
     0.9000000        0.37916559        0.01015494
     1.0000000        0.34414296        0.00982728
     1.1000000        0.30930482        0.00887280
     1.2000000        0.28787208        0.00897930
     1.3000000        0.25808989        0.00883790
     1.4000000        0.23758635        0.00837093
     1.5000000        0.21610694        0.00768661
     1.6000000        0.19091601        0.00742351
     1.7000000        0.18228483        0.00734163
     1.8000000        0.16743720        0.00737390
     1.9000000        0.15081663        0.00499442
     2.0000000        0.13561627        0.00510398
     2.1000000        0.12430953        0.00527281
     2.2000000        0.11580164        0.00520200
     2.3000000        0.10967136        0.00469144
     2.4000000        0.10137935        0.00436025
     2.5000000        0.08743756        0.00429961
     2.6000000        0.07403099        0.00464722
     2.7000000        0.06910718        0.00391385
     2.8000000        0.07021308        0.00488465
     2.9000000        0.06637660        0.00350628
     3.0000000        0.05817863        0.00580429
     3.1000000        0.05525234        0.00575432
     3.2000000        0.05274906        0.00513281
     3.3000000        0.04364505        0.00552282
     3.4000000        0.03930037        0.00651658
     3.5000000        0.03382285        0.00610754
     3.6000000        0.03605731        0.00712281
     3.7000000        0.03281241        0.00583396
     3.8000000        0.03476506        0.00493961
     3.9000000        0.03487958        0.00549085
     4.0000000        0.02993372        0.00678229
     4.1000000        0.03149475        0.00666075
     4.2000000        0.03067013        0.00556150
     4.3000000        0.03058744        0.00540551
     4.4000000        0.02693369        0.00569844
     4.5000000        0.02837712        0.00586034
     4.6000000        0.03035267        0.00624683
     4.7000000        0.02458818        0.00589117
     4.8000000        0.01901940        0.00493957
     4.9000000        0.01887098        0.00480246
     5.0000000        0.02223267        0.00623776
     5.1000000        0.02210050        0.00691064
     5.2000000        0.02204802        0.00619149
     5.3000000        0.02149664        0.00625191
     5.4000000        0.02740975        0.00699503
     5.5000000        0.02884554        0.00688808
     5.6000000        0.02712657        0.00636650
     5.7000000        0.02713710        0.00663326
     5.8000000        0.03431562        0.00563115
     5.9000000        0.03198332        0.00684620
     6.0000000        0.03411155        0.00650671
     6.1000000        0.03509412        0.00654131
     6.2000000        0.03351306        0.00652091
     6.3000000        0.04105872        0.00637222
     6.4000000        0.04105936        0.00738493
     6.5000000        0.03987581        0.00759078
     6.6000000        0.04063646        0.00728455
     6.7000000        0.04690533        0.00701707
     6.8000000        0.05195738        0.00667771
     6.9000000        0.06012822        0.00653248
     7.0000000        0.06718995        0.00582400
     7.1000000        0.07284752        0.00533661
     7.2000000        0.08061455        0.00613331
     7.3000000        0.08805725        0.00573448
     7.4000000        0.09394167        0.00587135
     7.5000000        0.09315019        0.00646786
     7.6000000        0.10622984        0.00936789
     7.7000000        0.11423464        0.00877403
     7.8000000        0.12464740        0.00817509
     7.9000000        0.13057326        0.00820728
     8.0000000        0.14608248        0.00774949
     8.1000000        0.15395927        0.00717638
     8.2000000        0.17148125        0.00845610
     8.3000000        0.18571370        0.00725809
     8.4000000        0.20647800        0.00654856
     8.5000000        0.22422475        0.00791312
     8.6000000        0.24728236        0.00721844
     8.7000000        0.26394409        0.00671345
     8.8000000        0.28453878        0.00718680
     8.9000000        0.31594228        0.00674758
     9.0000000        0.34423393        0.00678225
     9.1000000        0.38151245        0.00632279
     9.2000000        0.41820634        0.00564708
     9.3000000        0.46166596        0.00572035
     9.4000000        0.50321317        0.00607122
     9.5000000        0.55806228        0.00739616
     9.6000000        0.61793535        0.00644068
     9.7000000        0.69184582        0.00780549
     9.8000000        0.77419256        0.00893574
     9.9000000        0.87623673        0.00829070
    10.0000000        1.00743817        0.00872274
