     0.0000000        1.00892891        0.01287002
     0.1000000        0.85685301        0.01447772
     0.2000000        0.72995978        0.00767915
     0.3000000        0.61403501        0.01437993
     0.4000000        0.52996337        0.02691910
     0.5000000        0.45997169        0.00461222
     0.6000000        0.41152318        0.00007189
     0.7000000        0.34983487        0.00231544
     0.8000000        0.30734159        0.00136509
     0.9000000        0.27815136        0.01503244
     1.0000000        0.24651698        0.01699311
     1.1000000        0.21415301        0.02507419
     1.2000000        0.20019349        0.00036771
     1.3000000        0.18958128        0.01501015
     1.4000000        0.17128714        0.00529261
     1.5000000        0.15063006        0.00057305
     1.6000000        0.11888658        0.00592649
     1.7000000        0.10751287        0.00022607
     1.8000000        0.10082871        0.00633474
     1.9000000        0.09001528        0.00891033
     2.0000000        0.07129161        0.01650960
     2.1000000        0.05464588        0.02852801
     2.2000000        0.05563750        0.02021516
     2.3000000        0.04091246        0.02976940
     2.4000000        0.02944045        0.03048058
     2.5000000        0.02149656        0.03323525
     2.6000000        0.02278871        0.03735740
     2.7000000        0.02450692        0.03438855
     2.8000000        0.02072069        0.03440476
     2.9000000        0.01994343        0.02741474
     3.0000000        0.02005916        0.02497444
     3.1000000        0.01257761        0.01321194
     3.2000000        0.00920771        0.00160955
     3.3000000        0.01394604        0.00490424
     3.4000000        0.01463200        0.00743758
     3.5000000        0.01559546        0.01198013
     3.6000000        0.01047658        0.00905415
     3.7000000        0.00760666        0.00288856
     3.8000000        0.00702533        0.00126984
     3.9000000        0.00398817        0.00016330
     4.0000000        0.00873452        0.00133643
     4.1000000        0.01124257        0.00949315
     4.2000000        0.00748632        0.00426606
     4.3000000        0.00635015        0.00065478
     4.4000000        0.00495526        0.00175223
     4.5000000        0.00819245        0.00160748
     4.6000000        0.01464333        0.00173946
     4.7000000        0.01591891        0.00119539
     4.8000000        0.01744603        0.00354787
     4.9000000        0.01248617        0.00114005
     5.0000000        0.01401395        0.00073700
     5.1000000        0.01572961        0.00278702
     5.2000000        0.00796591        0.00256003
     5.3000000        0.00908902        0.00361710
     5.4000000        0.00842403        0.00559755
     5.5000000        0.00519202        0.00935626
     5.6000000        0.00513008        0.01135972
     5.7000000        0.01511100        0.01532348
     5.8000000        0.01670554        0.01457745
     5.9000000        0.02056923        0.01720315
     6.0000000        0.01943528        0.01258576
     6.1000000        0.01961924        0.00575651
     6.2000000        0.02465622        0.00419730
     6.3000000        0.02147740        0.00154125
     6.4000000        0.02448754        0.00100697
     6.5000000        0.01785953        0.00799689
     6.6000000        0.01996798        0.00501367
     6.7000000        0.02356967        0.00488301
     6.8000000        0.02313873        0.00385083
     6.9000000        0.02129898        0.00412378
     7.0000000        0.01842368        0.00298296
     7.1000000        0.01979969        0.00590758
     7.2000000        0.02177355        0.00050660
     7.3000000        0.01506884        0.00310183
     7.4000000        0.02397839        0.00489522
     7.5000000        0.03197369        0.01312264
     7.6000000        0.03547584        0.01188789
     7.7000000        0.04426265        0.01930950
     7.8000000        0.04311391        0.03022501
     7.9000000        0.05468536        0.02869285
     8.0000000        0.05704395        0.03017150
     8.1000000        0.07552399        0.03290260
     8.2000000        0.08178133        0.04019077
     8.3000000        0.09463895        0.04245107
     8.4000000        0.11119153        0.01966259
     8.5000000        0.12615948        0.03627662
     8.6000000        0.14243362        0.01520304
     8.7000000        0.15828925        0.00687855
     8.8000000        0.17065004        0.00335711
     8.9000000        0.20136748        0.01731226
     9.0000000        0.23490984        0.02003835
     9.1000000        0.26703744        0.00522556
     9.2000000        0.31012541        0.00591494
     9.3000000        0.36926539        0.00581209
     9.4000000        0.41641359        0.00475204
     9.5000000        0.46384737        0.02247697
     9.6000000        0.52488717        0.01550910
     9.7000000        0.58554335        0.04169806
     9.8000000        0.68474461        0.02914913
     9.9000000        0.82346146        0.01893329
    10.0000000        0.99107109        0.01287002
