     0.0000000        2.00000000        0.00000009
     0.1000000        1.60595745        0.00235286
     0.2000000        1.31285561        0.00232121
     0.3000000        1.08599952        0.00212314
     0.4000000        0.90371529        0.00220136
     0.5000000        0.76257812        0.00239530
     0.6000000        0.65124866        0.00296165
     0.7000000        0.55798688        0.00271213
     0.8000000        0.48252431        0.00299322
     0.9000000        0.41716905        0.00477381
     1.0000000        0.36251317        0.00396507
     1.1000000        0.31703130        0.00263245
     1.2000000        0.27858706        0.00173494
     1.3000000        0.24830198        0.00199348
     1.4000000        0.22125595        0.00162472
     1.5000000        0.19758284        0.00308175
     1.6000000        0.17890734        0.00272968
     1.7000000        0.15755165        0.00283804
     1.8000000        0.14347441        0.00248484
     1.9000000        0.12937823        0.00233585
     2.0000000        0.11673862        0.00335835
     2.1000000        0.10476054        0.00480302
     2.2000000        0.09708049        0.00383082
     2.3000000        0.09004518        0.00468926
     2.4000000        0.08376269        0.00473081
     2.5000000        0.07741642        0.00444225
     2.6000000        0.07194086        0.00399607
     2.7000000        0.06650483        0.00324418
     2.8000000        0.06223571        0.00172523
     2.9000000        0.05867493        0.00194118
     3.0000000        0.05583820        0.00170247
     3.1000000        0.05077554        0.00266417
     3.2000000        0.04746168        0.00169314
     3.3000000        0.04366357        0.00062733
     3.4000000        0.04028981        0.00186382
     3.5000000        0.03626306        0.00155519
     3.6000000        0.03157976        0.00049541
     3.7000000        0.03006201        0.00081218
     3.8000000        0.02876216        0.00086723
     3.9000000        0.02581515        0.00228436
     4.0000000        0.02368703        0.00119485
     4.1000000        0.02083867        0.00075667
     4.2000000        0.02115171        0.00154588
     4.3000000        0.01987685        0.00205916
     4.4000000        0.02085926        0.00217547
     4.5000000        0.02153438        0.00157745
     4.6000000        0.02095501        0.00171033
     4.7000000        0.02075372        0.00169931
     4.8000000        0.02132441        0.00082915
     4.9000000        0.02098730        0.00098105
     5.0000000        0.02206049        0.00169213
     5.1000000        0.02064566        0.00279583
     5.2000000        0.01910891        0.00261481
     5.3000000        0.01914535        0.00276266
     5.4000000        0.02008872        0.00299150
     5.5000000        0.02143992        0.00293600
     5.6000000        0.02202583        0.00264656
     5.7000000        0.02227474        0.00316249
     5.8000000        0.02360959        0.00405619
     5.9000000        0.02611887        0.00352303
     6.0000000        0.02859390        0.00400614
     6.1000000        0.02960891        0.00239808
     6.2000000        0.03115568        0.00301446
     6.3000000        0.03127882        0.00394279
     6.4000000        0.03287346        0.00409504
     6.5000000        0.03513101        0.00397821
     6.6000000        0.03701077        0.00338235
     6.7000000        0.03948225        0.00356294
     6.8000000        0.04125741        0.00320915
     6.9000000        0.04558534        0.00313012
     7.0000000        0.04929891        0.00293929
     7.1000000        0.05202483        0.00192459
     7.2000000        0.05514887        0.00285987
     7.3000000        0.05885601        0.00333590
     7.4000000        0.06535216        0.00360518
     7.5000000        0.07060872        0.00454316
     7.6000000        0.07715165        0.00453787
     7.7000000        0.08708024        0.00363253
     7.8000000        0.09385131        0.00402303
     7.9000000        0.10274196        0.00399742
     8.0000000        0.11293408        0.00406992
     8.1000000        0.12354232        0.00486167
     8.2000000        0.13917718        0.00669837
     8.3000000        0.15487579        0.00699955
     8.4000000        0.17301015        0.00745673
     8.5000000        0.19538950        0.00561832
     8.6000000        0.21864531        0.00807228
     8.7000000        0.24538086        0.00676048
     8.8000000        0.27619553        0.00645149
     8.9000000        0.31352182        0.00771821
     9.0000000        0.35887480        0.00638711
     9.1000000        0.41440936        0.00781767
     9.2000000        0.47745208        0.00751033
     9.3000000        0.55329089        0.00553548
     9.4000000        0.64759574        0.00648052
     9.5000000        0.76636538        0.00427620
     9.6000000        0.91019886        0.00363409
     9.7000000        1.08372378        0.00382357
     9.8000000        1.31190008        0.00507542
     9.9000000        1.60821742        0.00356068
    10.0000000        2.00000000        0.00000005
