     0.0000000        1.96245176        0.02129388
     0.0500000        1.59236326        0.02055137
     0.1000000        1.28790726        0.02094254
     0.1500000        1.04452305        0.02208971
     0.2000000        0.84732917        0.02259005
     0.2500000        0.69091679        0.02130826
     0.3000000        0.56520382        0.01907890
     0.3500000        0.46267305        0.01917165
     0.4000000        0.37974579        0.01539642
     0.4500000        0.31418841        0.01422311
     0.5000000        0.25761587        0.01339629
     0.5500000        0.21371192        0.01289664
     0.6000000        0.18094189        0.00971202
     0.6500000        0.15206888        0.00861689
     0.7000000        0.12831292        0.00721277
     0.7500000        0.10738111        0.01010142
     0.8000000        0.09164190        0.01179666
     0.8500000        0.07727152        0.01326914
     0.9000000        0.06276572        0.01323871
     0.9500000        0.04999265        0.01228187
     1.0000000        0.04182437        0.01050568
     1.0500000        0.03587942        0.00962026
     1.1000000        0.02295496        0.01200864
     1.1500000        0.01393380        0.01086699
     1.2000000        0.00594310        0.01136451
     1.2500000       -0.00199386        0.01304248
     1.3000000       -0.00728993        0.01375222
     1.3500000       -0.00777834        0.01315554
     1.4000000       -0.00714149        0.01042904
     1.4500000       -0.00370251        0.00931065
     1.5000000       -0.00374863        0.00871927
     1.5500000       -0.00389373        0.00985485
     1.6000000       -0.00448342        0.01178514
     1.6500000        0.00137831        0.01132661
     1.7000000        0.00220113        0.01083948
     1.7500000        0.00115815        0.01154853
     1.8000000       -0.00045458        0.01353999
     1.8500000       -0.00190266        0.01448796
     1.9000000       -0.00226460        0.01261767
     1.9500000       -0.00438418        0.01129761
     2.0000000       -0.00534074        0.01068963
     2.0500000       -0.00548510        0.01029221
     2.1000000       -0.00988396        0.01090825
     2.1500000       -0.01241158        0.01085274
     2.2000000       -0.01458758        0.01133292
     2.2500000       -0.01150792        0.01238048
     2.3000000       -0.01115825        0.01169152
     2.3500000       -0.01391473        0.01018610
     2.4000000       -0.01258080        0.00963348
     2.4500000       -0.01337787        0.00935684
     2.5000000       -0.01306872        0.00939776
     2.5500000       -0.01385146        0.00856358
     2.6000000       -0.01714578        0.00934377
     2.6500000       -0.01727488        0.01001918
     2.7000000       -0.01753704        0.00996090
     2.7500000       -0.01407588        0.00857326
     2.8000000       -0.01246306        0.00844942
     2.8500000       -0.01325784        0.00736396
     2.9000000       -0.01623798        0.00639071
     2.9500000       -0.01375590        0.00521973
     3.0000000       -0.01255942        0.00790040
     3.0500000       -0.00990960        0.00843672
     3.1000000       -0.00492979        0.00839556
     3.1500000       -0.00559206        0.00746936
     3.2000000       -0.00057429        0.00801724
     3.2500000        0.00587636        0.00686327
     3.3000000        0.00950188        0.00588786
     3.3500000        0.01105277        0.00588780
     3.4000000        0.01117139        0.00743519
     3.4500000        0.00967988        0.00757797
     3.5000000        0.00958625        0.00788541
     3.5500000        0.00678763        0.00748749
     3.6000000        0.00999499        0.00748092
     3.6500000        0.01058633        0.00926075
     3.7000000        0.00534223        0.01121146
     3.7500000        0.00431069        0.01005445
     3.8000000        0.00253846        0.01126615
     3.8500000        0.00482495        0.01154704
     3.9000000        0.00554342        0.01151311
     3.9500000        0.00231340        0.01102750
     4.0000000        0.00100651        0.01040489
     4.0500000       -0.00336812        0.00803260
     4.1000000       -0.00429437        0.00681655
     4.1500000       -0.00798055        0.00636663
     4.2000000       -0.00951964        0.00760080
     4.2500000       -0.00755689        0.00845007
     4.3000000       -0.00532322        0.00913720
     4.3500000       -0.00079926        0.00904119
     4.4000000       -0.00270021        0.00924183
     4.4500000       -0.00309667        0.00906223
     4.5000000       -0.00204973        0.00998993
     4.5500000        0.00102829        0.00963903
     4.6000000        0.00283294        0.00922037
     4.6500000        0.00157788        0.00777270
     4.7000000       -0.00278667        0.00851359
     4.7500000       -0.00645307        0.01098826
     4.8000000       -0.00956446        0.00923427
     4.8500000       -0.00739929        0.00835811
     4.9000000       -0.00377364        0.00871509
     4.9500000       -0.00282402        0.00847539
     5.0000000        0.00106599        0.00843265
     5.0500000        0.00105417        0.00914892
     5.1000000        0.00375972        0.00951494
     5.1500000        0.00299730        0.00900457
     5.2000000        0.01102091        0.00980917
     5.2500000        0.01017133        0.00930522
     5.3000000        0.01228434        0.00844307
     5.3500000        0.01233833        0.00752903
     5.4000000        0.00917424        0.00732568
     5.4500000        0.00596761        0.00662543
     5.5000000        0.00704309        0.00675531
     5.5500000        0.00768557        0.00731645
     5.6000000        0.01000134        0.00806741
     5.6500000        0.01038574        0.00840381
     5.7000000        0.00749084        0.00950274
     5.7500000        0.00595827        0.00881829
     5.8000000        0.00537686        0.00798887
     5.8500000        0.00270670        0.00695060
     5.9000000        0.00123429        0.00558131
     5.9500000       -0.00055738        0.00553680
     6.0000000       -0.00072920        0.00534295
     6.0500000       -0.00171403        0.00502668
     6.1000000       -0.00252946        0.00580988
     6.1500000       -0.00342717        0.00470602
     6.2000000       -0.00317759        0.00404881
     6.2500000       -0.00134770        0.00388653
     6.3000000       -0.00218356        0.00464008
     6.3500000       -0.00341187        0.00520775
     6.4000000       -0.00337790        0.00577776
     6.4500000       -0.00479678        0.00699868
     6.5000000       -0.00589494        0.00637440
     6.5500000       -0.00428752        0.00576708
     6.6000000       -0.00320474        0.00524755
     6.6500000        0.00041979        0.00522600
     6.7000000        0.00379602        0.00544277
     6.7500000        0.00940421        0.00553105
     6.8000000        0.01373485        0.00487129
     6.8500000        0.01732991        0.00524519
     6.9000000        0.01802442        0.00675298
     6.9500000        0.01861614        0.00678000
     7.0000000        0.01819559        0.00686376
     7.0500000        0.01843219        0.00805263
     7.1000000        0.01994687        0.00908049
     7.1500000        0.02042459        0.01074019
     7.2000000        0.02028117        0.01145228
     7.2500000        0.01827315        0.00973749
     7.3000000        0.01501706        0.00744181
     7.3500000        0.01405761        0.00588755
     7.4000000        0.00872782        0.00486396
     7.4500000        0.00182036        0.00588403
     7.5000000       -0.00427155        0.00611887
     7.5500000       -0.00554302        0.00647502
     7.6000000       -0.00569221        0.00615753
     7.6500000       -0.00332821        0.00602601
     7.7000000       -0.00170809        0.00492034
     7.7500000        0.00068474        0.00457739
     7.8000000        0.00018125        0.00614498
     7.8500000        0.00318755        0.00654288
     7.9000000        0.00287344        0.00698861
     7.9500000        0.00120492        0.00697503
     8.0000000        0.00117578        0.00609068
     8.0500000        0.00424716        0.00555679
     8.1000000        0.00630034        0.00559136
     8.1500000        0.00620617        0.00499795
     8.2000000        0.00449620        0.00408362
     8.2500000        0.00142087        0.00373206
     8.3000000        0.00457110        0.00454675
     8.3500000        0.00722207        0.00555404
     8.4000000        0.00972572        0.00630602
     8.4500000        0.00645976        0.00616735
     8.5000000        0.00218275        0.00529332
     8.5500000        0.00203234        0.00516457
     8.6000000        0.00423474        0.00611437
     8.6500000        0.00356125        0.00584453
     8.7000000        0.00230952        0.00659216
     8.7500000        0.00384493        0.00741281
     8.8000000        0.00435184        0.00652931
     8.8500000        0.00336633        0.00527135
     8.9000000        0.00100769        0.00375793
     8.9500000       -0.00017635        0.00405496
     9.0000000       -0.00132750        0.00536686
     9.0500000       -0.00259176        0.00640319
     9.1000000       -0.00678589        0.00608979
     9.1500000       -0.00900911        0.00632972
     9.2000000       -0.01023102        0.00673131
     9.2500000       -0.00927779        0.00856404
     9.3000000       -0.00946340        0.00836458
     9.3500000       -0.00885503        0.00815768
     9.4000000       -0.00872988        0.00840953
     9.4500000       -0.00844353        0.00884074
     9.5000000       -0.01061072        0.00730896
     9.5500000       -0.01216357        0.00584860
     9.6000000       -0.00827262        0.00499976
     9.6500000       -0.00689549        0.00390449
     9.7000000       -0.00769077        0.00474847
     9.7500000       -0.00740164        0.00685803
     9.8000000       -0.00393833        0.00847253
     9.8500000       -0.00596605        0.00999348
     9.9000000       -0.00460431        0.01198338
     9.9500000       -0.00392580        0.01194407
    10.0000000       -0.00402649        0.01074834
    10.0500000       -0.00215797        0.01132060
    10.1000000        0.00004216        0.01213048
    10.1500000        0.00195701        0.01128813
    10.2000000        0.00402879        0.01106720
    10.2500000       -0.00008759        0.01260207
    10.3000000       -0.00168222        0.01261139
    10.3500000        0.00074876        0.01298035
    10.4000000       -0.00112499        0.01191170
    10.4500000       -0.00463729        0.01057870
    10.5000000       -0.00482765        0.01045976
    10.5500000       -0.00555191        0.01070210
    10.6000000       -0.00318768        0.01000775
    10.6500000       -0.00219816        0.01034513
    10.7000000       -0.00241025        0.00993528
    10.7500000        0.00103705        0.00962053
    10.8000000        0.00718424        0.00962887
    10.8500000        0.00771483        0.00927634
    10.9000000        0.00597565        0.00856381
    10.9500000        0.00500465        0.00782811
    11.0000000        0.00358368        0.00676707
    11.0500000       -0.00173840        0.00651873
    11.1000000       -0.00479468        0.00602075
    11.1500000       -0.00731283        0.00629207
    11.2000000       -0.00870438        0.00696640
    11.2500000       -0.00715917        0.00671040
    11.3000000       -0.00602749        0.00635567
    11.3500000       -0.00446080        0.00633389
    11.4000000       -0.00204005        0.00571268
    11.4500000       -0.00323953        0.00561886
    11.5000000       -0.00620674        0.00469962
    11.5500000       -0.00537171        0.00452687
    11.6000000       -0.00392910        0.00409660
    11.6500000       -0.00458441        0.00492401
    11.7000000       -0.00385467        0.00444587
    11.7500000       -0.00431041        0.00405877
    11.8000000       -0.00631106        0.00343600
    11.8500000       -0.00456216        0.00363930
    11.9000000       -0.00343010        0.00433671
    11.9500000       -0.00139029        0.00443367
    12.0000000       -0.00417156        0.00484537
    12.0500000       -0.00262499        0.00457364
    12.1000000       -0.00380500        0.00514521
    12.1500000        0.00078349        0.00558563
    12.2000000        0.00099966        0.00524244
    12.2500000       -0.00027935        0.00528793
    12.3000000       -0.00023894        0.00489127
    12.3500000        0.00060442        0.00607822
    12.4000000        0.00139153        0.00685785
    12.4500000       -0.00192955        0.00820267
    12.5000000       -0.00343993        0.00939218
    12.5500000       -0.00538983        0.00851192
    12.6000000       -0.00200836        0.00912229
    12.6500000        0.00074075        0.00797299
    12.7000000       -0.00168862        0.00768329
    12.7500000       -0.00318313        0.00805210
    12.8000000       -0.00720193        0.00792264
    12.8500000       -0.01090468        0.00688426
    12.9000000       -0.01075112        0.00670165
    12.9500000       -0.00911569        0.00674528
    13.0000000       -0.00823059        0.00818796
    13.0500000       -0.00496698        0.00962150
    13.1000000       -0.00758586        0.00998189
    13.1500000       -0.00749413        0.00898527
    13.2000000       -0.00793909        0.00881989
    13.2500000       -0.00679284        0.00847867
    13.3000000       -0.00307845        0.00763066
    13.3500000        0.00060333        0.00626799
    13.4000000        0.00019730        0.00559839
    13.4500000       -0.00169120        0.00540766
    13.5000000       -0.00129393        0.00478477
    13.5500000       -0.00292541        0.00715559
    13.6000000       -0.00437917        0.00740901
    13.6500000       -0.00053360        0.00783224
    13.7000000        0.00536478        0.00840340
    13.7500000        0.00912712        0.00792192
    13.8000000        0.00531180        0.00680473
    13.8500000        0.00641822        0.00717928
    13.9000000        0.00774748        0.00684944
    13.9500000        0.00501894        0.00679797
    14.0000000        0.00158526        0.00807090
    14.0500000       -0.00191017        0.00818169
    14.1000000       -0.00486512        0.00840744
    14.1500000       -0.00537845        0.00829812
    14.2000000       -0.00802863        0.00820135
    14.2500000       -0.01081693        0.00824481
    14.3000000       -0.00636340        0.00777737
    14.3500000       -0.00702935        0.00907288
    14.4000000       -0.00761971        0.00832860
    14.4500000       -0.00626923        0.00742028
    14.5000000       -0.00662858        0.00715061
    14.5500000       -0.00686146        0.00635942
    14.6000000       -0.00670721        0.00675602
    14.6500000       -0.00753404        0.00801607
    14.7000000       -0.00638309        0.00880058
    14.7500000       -0.00211574        0.00979671
    14.8000000       -0.00189381        0.00928918
    14.8500000       -0.00421847        0.00725087
    14.9000000        0.00172448        0.00629112
    14.9500000        0.00296818        0.00611826
    15.0000000        0.00015155        0.00752418
    15.0500000        0.00031874        0.00782383
    15.1000000       -0.00107260        0.00822649
    15.1500000       -0.00000177        0.00924826
    15.2000000       -0.00033224        0.01058294
    15.2500000        0.00465332        0.01024135
    15.3000000        0.00584927        0.01045504
    15.3500000        0.00255743        0.00895607
    15.4000000        0.00433314        0.00760773
    15.4500000        0.00354958        0.00635113
    15.5000000        0.00402437        0.00779128
    15.5500000        0.00142347        0.00948424
    15.6000000        0.00059036        0.00916394
    15.6500000       -0.00221771        0.00873735
    15.7000000       -0.00835107        0.00802638
    15.7500000       -0.01204625        0.00725945
    15.8000000       -0.01681689        0.00730782
    15.8500000       -0.01178920        0.00703243
    15.9000000       -0.00922638        0.00683949
    15.9500000       -0.00698556        0.00620989
    16.0000000       -0.00992433        0.00510601
    16.0500000       -0.00654327        0.00525774
    16.1000000       -0.00243928        0.00612044
    16.1500000       -0.00164744        0.00685176
    16.2000000       -0.00062084        0.00675481
    16.2500000        0.00084437        0.00614134
    16.3000000        0.00064562        0.00759456
    16.3500000       -0.00144583        0.00963043
    16.4000000       -0.00472186        0.00958419
    16.4500000       -0.00539282        0.00899192
    16.5000000       -0.00666665        0.00982726
    16.5500000       -0.00748568        0.00892346
    16.6000000       -0.01103593        0.00801136
    16.6500000       -0.00727413        0.00856088
    16.7000000       -0.00085110        0.00905393
    16.7500000        0.00249085        0.01007104
    16.8000000        0.00432687        0.00946943
    16.8500000        0.00034003        0.01043850
    16.9000000       -0.00117482        0.01074879
    16.9500000       -0.00421335        0.01181200
    17.0000000       -0.00642266        0.01162973
    17.0500000       -0.00237018        0.01232655
    17.1000000        0.00266662        0.01241398
    17.1500000        0.00557471        0.01070498
    17.2000000        0.00392188        0.01063447
    17.2500000        0.00393377        0.01128381
    17.3000000        0.00050180        0.01176178
    17.3500000       -0.00142490        0.01341034
    17.4000000       -0.00049581        0.01361167
    17.4500000        0.00582219        0.01243371
    17.5000000        0.00765031        0.01161461
    17.5500000        0.00605869        0.01095978
    17.6000000        0.00765023        0.01030252
    17.6500000        0.01471718        0.01071409
    17.7000000        0.01120316        0.01056952
    17.7500000        0.01101266        0.01028563
    17.8000000        0.00622398        0.00955302
    17.8500000        0.00402740        0.00871458
    17.9000000        0.00409269        0.00818803
    17.9500000        0.00748849        0.00701407
    18.0000000        0.01439038        0.00702975
    18.0500000        0.01536321        0.00680785
    18.1000000        0.01144466        0.00653359
    18.1500000        0.00573797        0.00718275
    18.2000000        0.00427969        0.00772131
    18.2500000       -0.00070824        0.00735397
    18.3000000       -0.00395370        0.00780367
    18.3500000       -0.00407381        0.00750191
    18.4000000       -0.00300952        0.00675654
    18.4500000       -0.00344211        0.00702362
    18.5000000       -0.00208951        0.00687083
    18.5500000       -0.00057454        0.00690834
    18.6000000        0.00409289        0.00616681
    18.6500000        0.00500048        0.00596959
    18.7000000        0.00447514        0.00602224
    18.7500000        0.00614747        0.00752435
    18.8000000        0.00879752        0.00611377
    18.8500000        0.01478652        0.00591009
    18.9000000        0.01717227        0.00749021
    18.9500000        0.01651110        0.00710083
    19.0000000        0.01728429        0.00579235
    19.0500000        0.01201416        0.00548083
    19.1000000        0.00885292        0.00610683
    19.1500000        0.00711585        0.00843195
    19.2000000        0.00756129        0.00907722
    19.2500000        0.00905652        0.01109364
    19.3000000        0.00969025        0.01321169
    19.3500000        0.01246956        0.01573368
    19.4000000        0.01564138        0.01612152
    19.4500000        0.01922741        0.01750765
    19.5000000        0.02327764        0.01763457
    19.5500000        0.02864627        0.01579283
    19.6000000        0.02934051        0.01427609
    19.6500000        0.02350067        0.01356855
    19.7000000        0.02280447        0.01435796
    19.7500000        0.02517789        0.01530309
    19.8000000        0.02215096        0.01515166
    19.8500000        0.02342590        0.01632687
    19.9000000        0.02338342        0.01817633
    19.9500000        0.03077566        0.01985952
    20.0000000        0.03754824        0.02129388
