     0.0000000        1.10750000        0.10980895
     0.0500000        1.06510417        0.10706300
     0.1000000        1.03177083        0.10409556
     0.1500000        1.00572917        0.10072868
     0.2000000        0.97822917        0.09513712
     0.2500000        0.94958333        0.09440978
     0.3000000        0.92302083        0.09175677
     0.3500000        0.89468750        0.09157372
     0.4000000        0.88072917        0.09013584
     0.4500000        0.87510417        0.08995960
     0.5000000        0.84406250        0.08991532
     0.5500000        0.81625000        0.08919955
     0.6000000        0.81208333        0.09517822
     0.6500000        0.79760417        0.09292057
     0.7000000        0.79791667        0.09738104
     0.7500000        0.80708333        0.10048531
     0.8000000        0.81041667        0.09892570
     0.8500000        0.81447917        0.09845940
     0.9000000        0.81333333        0.10070135
     0.9500000        0.80145833        0.10475779
     1.0000000        0.78031250        0.10322625
     1.0500000        0.74364583        0.10538919
     1.1000000        0.72125000        0.11193280
     1.1500000        0.68697917        0.12054526
     1.2000000        0.65760417        0.12481075
     1.2500000        0.63562500        0.12697495
     1.3000000        0.62270833        0.13151443
     1.3500000        0.62302083        0.13528470
     1.4000000        0.62729167        0.13424037
     1.4500000        0.63104167        0.13388204
     1.5000000        0.63635417        0.13346788
     1.5500000        0.63885417        0.13167257
     1.6000000        0.62843750        0.12985859
     1.6500000        0.62500000        0.12709098
     1.7000000        0.61197917        0.12361092
     1.7500000        0.59406250        0.11529641
     1.8000000        0.57687500        0.11127901
     1.8500000        0.54708333        0.10880376
     1.9000000        0.51145833        0.10416616
     1.9500000        0.48260417        0.10006783
     2.0000000        0.44885417        0.09697057
     2.0500000        0.42010417        0.09129880
     2.1000000        0.39500000        0.08030321
     2.1500000        0.35979167        0.07659324
     2.2000000        0.33802083        0.06925770
     2.2500000        0.34260417        0.06902050
     2.3000000        0.33072917        0.06593308
     2.3500000        0.32614583        0.06724440
     2.4000000        0.31906250        0.06496366
     2.4500000        0.31197917        0.06292735
     2.5000000        0.29395833        0.06177677
     2.5500000        0.25552083        0.06227137
     2.6000000        0.23677083        0.06367277
     2.6500000        0.21572917        0.06307452
     2.7000000        0.20020833        0.06220568
     2.7500000        0.18979167        0.05937320
     2.8000000        0.18343750        0.06117376
     2.8500000        0.16364583        0.06232754
     2.9000000        0.15260417        0.06395223
     2.9500000        0.14562500        0.06348999
     3.0000000        0.13093750        0.05878002
     3.0500000        0.12500000        0.05414722
     3.1000000        0.09979167        0.05417412
     3.1500000        0.08333333        0.05382822
     3.2000000        0.07937500        0.05491906
     3.2500000        0.08322917        0.05236762
     3.3000000        0.08468750        0.04972162
     3.3500000        0.08250000        0.04911905
     3.4000000        0.09177083        0.05358661
     3.4500000        0.09572917        0.05518972
     3.5000000        0.09697917        0.05682783
     3.5500000        0.09145833        0.05989916
     3.6000000        0.09447917        0.06249617
     3.6500000        0.10000000        0.06259311
     3.7000000        0.08739583        0.06388132
     3.7500000        0.07187500        0.06729259
     3.8000000        0.06729167        0.07579517
     3.8500000        0.05625000        0.08057403
     3.9000000        0.06708333        0.08156943
     3.9500000        0.05520833        0.07823397
     4.0000000        0.06010417        0.08052136
     4.0500000        0.06260417        0.07813993
     4.1000000        0.05416667        0.07818055
     4.1500000        0.05406250        0.07564207
     4.2000000        0.04302083        0.08375647
     4.2500000        0.03260417        0.09189037
     4.3000000        0.01718750        0.08948589
     4.3500000        0.01052083        0.09032947
     4.4000000        0.01083333        0.09483938
     4.4500000        0.00114583        0.10176889
     4.5000000       -0.00562500        0.10646696
     4.5500000       -0.00500000        0.10879256
     4.6000000        0.00489583        0.11067254
     4.6500000       -0.00697917        0.11431202
     4.7000000       -0.00947917        0.11031668
     4.7500000       -0.02197917        0.11106668
     4.8000000       -0.02375000        0.11063537
     4.8500000       -0.02458333        0.10956506
     4.9000000       -0.00947917        0.11092242
     4.9500000       -0.00770833        0.11353107
     5.0000000       -0.00729167        0.11770948
     5.0500000       -0.00093750        0.12000313
     5.1000000        0.01500000        0.12339549
     5.1500000        0.02250000        0.12236563
     5.2000000        0.04864583        0.12042093
     5.2500000        0.05031250        0.12437022
     5.3000000        0.06520833        0.12347947
     5.3500000        0.07875000        0.12232257
     5.4000000        0.09854167        0.12643217
     5.4500000        0.10187500        0.12504447
     5.5000000        0.11968750        0.12672570
     5.5500000        0.14354167        0.12892704
     5.6000000        0.16489583        0.13742123
     5.6500000        0.17687500        0.14425755
     5.7000000        0.18770833        0.14834171
     5.7500000        0.17979167        0.14493906
     5.8000000        0.17291667        0.14334653
     5.8500000        0.16197917        0.14195456
     5.9000000        0.15791667        0.13692624
     5.9500000        0.14583333        0.13178461
     6.0000000        0.13937500        0.12687656
     6.0500000        0.13093750        0.12237788
     6.1000000        0.11187500        0.12466292
     6.1500000        0.10322917        0.12135411
     6.2000000        0.09770833        0.12093534
     6.2500000        0.10052083        0.11954972
     6.3000000        0.11270833        0.11005362
     6.3500000        0.11854167        0.10230023
     6.4000000        0.11770833        0.10138196
     6.4500000        0.12437500        0.09808030
     6.5000000        0.12697917        0.09554128
     6.5500000        0.13875000        0.09590976
     6.6000000        0.14875000        0.09891261
     6.6500000        0.15822917        0.09690970
     6.7000000        0.15583333        0.09676433
     6.7500000        0.15541667        0.09665003
     6.8000000        0.16656250        0.09486821
     6.8500000        0.16135417        0.08608215
     6.9000000        0.14593750        0.08322002
     6.9500000        0.13468750        0.07958783
     7.0000000        0.13781250        0.07636839
     7.0500000        0.13375000        0.06809635
     7.1000000        0.11562500        0.06424395
     7.1500000        0.09187500        0.06191722
     7.2000000        0.04843750        0.06066014
     7.2500000        0.01656250        0.06022408
     7.3000000        0.00072917        0.06104472
     7.3500000       -0.00270833        0.06117940
     7.4000000        0.00447917        0.06320909
     7.4500000        0.01062500        0.06368028
     7.5000000        0.01510417        0.06249266
     7.5500000        0.01645833        0.06439239
     7.6000000        0.01031250        0.06585286
     7.6500000        0.01312500        0.06519965
     7.7000000        0.01093750        0.06566749
     7.7500000       -0.00458333        0.06668205
     7.8000000       -0.00687500        0.06767797
     7.8500000       -0.00947917        0.06701819
     7.9000000       -0.01302083        0.06528435
     7.9500000       -0.01395833        0.06889810
     8.0000000       -0.02322917        0.06490824
     8.0500000       -0.02989583        0.06813738
     8.1000000       -0.01906250        0.06859498
     8.1500000       -0.02958333        0.07307204
     8.2000000       -0.05135417        0.07595611
     8.2500000       -0.07041667        0.07791086
     8.3000000       -0.08781250        0.07603642
     8.3500000       -0.08531250        0.08177558
     8.4000000       -0.06812500        0.08670618
     8.4500000       -0.07197917        0.09038435
     8.5000000       -0.06489583        0.08570464
     8.5500000       -0.07458333        0.08109089
     8.6000000       -0.08458333        0.08084208
     8.6500000       -0.08697917        0.07791602
     8.7000000       -0.09187500        0.08001509
     8.7500000       -0.09135417        0.08658322
     8.8000000       -0.10104167        0.08939085
     8.8500000       -0.11000000        0.08979977
     8.9000000       -0.11989583        0.08939571
     8.9500000       -0.12229167        0.09151274
     9.0000000       -0.12291667        0.09179178
     9.0500000       -0.12229167        0.09037526
     9.1000000       -0.13447917        0.08556878
     9.1500000       -0.14739583        0.07828704
     9.2000000       -0.16322917        0.07872211
     9.2500000       -0.18364583        0.07824381
     9.3000000       -0.19052083        0.08195356
     9.3500000       -0.20593750        0.08374748
     9.4000000       -0.22666667        0.08844536
     9.4500000       -0.23875000        0.08894802
     9.5000000       -0.25072917        0.09042648
     9.5500000       -0.26572917        0.09812202
     9.6000000       -0.27604167        0.10945203
     9.6500000       -0.28906250        0.11207681
     9.7000000       -0.29208333        0.11381206
     9.7500000       -0.29510417        0.11770944
     9.8000000       -0.30239583        0.11651861
     9.8500000       -0.30270833        0.11359725
     9.9000000       -0.29395833        0.11594037
     9.9500000       -0.29302083        0.11499073
    10.0000000       -0.28322917        0.11869496
    10.0500000       -0.26322917        0.11788517
    10.1000000       -0.22875000        0.11048903
    10.1500000       -0.20885417        0.10908043
    10.2000000       -0.19187500        0.11238981
    10.2500000       -0.18093750        0.12195052
    10.3000000       -0.20062500        0.12569666
    10.3500000       -0.21239583        0.12825559
    10.4000000       -0.21895833        0.12639846
    10.4500000       -0.22927083        0.12776876
    10.5000000       -0.23000000        0.12821032
    10.5500000       -0.23156250        0.13175372
    10.6000000       -0.23385417        0.13702326
    10.6500000       -0.23583333        0.13795523
    10.7000000       -0.22197917        0.13484701
    10.7500000       -0.21062500        0.13197517
    10.8000000       -0.21229167        0.13375245
    10.8500000       -0.20239583        0.13185603
    10.9000000       -0.18729167        0.13438237
    10.9500000       -0.17979167        0.13237342
    11.0000000       -0.18562500        0.13331183
    11.0500000       -0.18864583        0.13044232
    11.1000000       -0.19791667        0.13016591
    11.1500000       -0.20010417        0.13239533
    11.2000000       -0.20218750        0.13492299
    11.2500000       -0.20479167        0.13046076
    11.3000000       -0.20708333        0.13014339
    11.3500000       -0.20354167        0.13198450
    11.4000000       -0.21395833        0.13530735
    11.4500000       -0.22156250        0.13369511
    11.5000000       -0.22614583        0.13072425
    11.5500000       -0.23333333        0.13126700
    11.6000000       -0.22697917        0.13504748
    11.6500000       -0.21302083        0.13451728
    11.7000000       -0.20083333        0.13871648
    11.7500000       -0.19781250        0.13982613
    11.8000000       -0.20968750        0.13523578
    11.8500000       -0.21947917        0.13462053
    11.9000000       -0.22968750        0.13380199
    11.9500000       -0.22468750        0.13601567
    12.0000000       -0.22562500        0.13694728
    12.0500000       -0.21718750        0.13745878
    12.1000000       -0.21041667        0.13879288
    12.1500000       -0.19718750        0.13849109
    12.2000000       -0.18291667        0.13786216
    12.2500000       -0.16541667        0.14077361
    12.3000000       -0.15906250        0.14169558
    12.3500000       -0.15968750        0.14112631
    12.4000000       -0.16291667        0.14098681
    12.4500000       -0.16072917        0.13849019
    12.5000000       -0.16000000        0.13675588
    12.5500000       -0.16302083        0.13878415
    12.6000000       -0.16989583        0.13968183
    12.6500000       -0.17010417        0.14192262
    12.7000000       -0.15281250        0.13606265
    12.7500000       -0.15791667        0.13397311
    12.8000000       -0.14406250        0.13813669
    12.8500000       -0.14552083        0.13884192
    12.9000000       -0.14666667        0.13933768
    12.9500000       -0.15062500        0.13828285
    13.0000000       -0.14802083        0.13343420
    13.0500000       -0.14052083        0.13077827
    13.1000000       -0.14375000        0.12963703
    13.1500000       -0.15072917        0.12660330
    13.2000000       -0.15072917        0.12431750
    13.2500000       -0.15895833        0.12118953
    13.3000000       -0.14510417        0.12226570
    13.3500000       -0.14072917        0.12549380
    13.4000000       -0.12656250        0.12205404
    13.4500000       -0.12010417        0.11783510
    13.5000000       -0.11770833        0.11512108
    13.5500000       -0.12291667        0.11074694
    13.6000000       -0.11833333        0.11092543
    13.6500000       -0.11218750        0.11407293
    13.7000000       -0.09395833        0.11185534
    13.7500000       -0.07177083        0.11533486
    13.8000000       -0.05729167        0.11757491
    13.8500000       -0.04510417        0.11985587
    13.9000000       -0.03572917        0.11980221
    13.9500000       -0.03656250        0.11584235
    14.0000000       -0.04062500        0.11550593
    14.0500000       -0.04177083        0.11641972
    14.1000000       -0.05989583        0.11093545
    14.1500000       -0.07302083        0.10705432
    14.2000000       -0.07781250        0.10853613
    14.2500000       -0.08083333        0.10891254
    14.3000000       -0.07958333        0.10375508
    14.3500000       -0.07000000        0.10017959
    14.4000000       -0.06468750        0.09647428
    14.4500000       -0.05864583        0.09469059
    14.5000000       -0.06489583        0.09208115
    14.5500000       -0.05885417        0.08770084
    14.6000000       -0.06750000        0.09067327
    14.6500000       -0.07218750        0.09268049
    14.7000000       -0.07177083        0.09772350
    14.7500000       -0.06895833        0.09846049
    14.8000000       -0.07760417        0.09766442
    14.8500000       -0.07552083        0.10359417
    14.9000000       -0.06791667        0.10169094
    14.9500000       -0.08114583        0.10381258
    15.0000000       -0.08135417        0.10648091
    15.0500000       -0.07968750        0.10955561
    15.1000000       -0.06197917        0.11505136
    15.1500000       -0.04406250        0.12099740
    15.2000000       -0.02583333        0.12458426
    15.2500000       -0.00875000        0.12737111
    15.3000000        0.00093750        0.12756228
    15.3500000       -0.00260417        0.12384252
    15.4000000        0.00072917        0.11670155
    15.4500000        0.00687500        0.11304420
    15.5000000        0.01385417        0.11360812
    15.5500000        0.03802083        0.11302797
    15.6000000        0.04927083        0.10861312
    15.6500000        0.05427083        0.10362433
    15.7000000        0.06760417        0.10108150
    15.7500000        0.08593750        0.10382834
    15.8000000        0.09708333        0.10593278
    15.8500000        0.10614583        0.10252273
    15.9000000        0.12062500        0.10104497
    15.9500000        0.12906250        0.10189832
    16.0000000        0.13697917        0.10613277
    16.0500000        0.16083333        0.10721991
    16.1000000        0.17020833        0.10699258
    16.1500000        0.17041667        0.10811356
    16.2000000        0.17583333        0.10904821
    16.2500000        0.20468750        0.11169548
    16.3000000        0.21645833        0.11408591
    16.3500000        0.22958333        0.11367253
    16.4000000        0.23989583        0.11526688
    16.4500000        0.23427083        0.11289296
    16.5000000        0.22510417        0.10921991
    16.5500000        0.22385417        0.10962010
    16.6000000        0.23541667        0.11181926
    16.6500000        0.25854167        0.10956088
    16.7000000        0.27270833        0.11072857
    16.7500000        0.29635417        0.10969205
    16.8000000        0.31958333        0.11012300
    16.8500000        0.31812500        0.10297568
    16.9000000        0.32739583        0.10354866
    16.9500000        0.33666667        0.10061617
    17.0000000        0.35489583        0.09725500
    17.0500000        0.36166667        0.08521126
    17.1000000        0.38104167        0.07777408
    17.1500000        0.38781250        0.07243926
    17.2000000        0.40072917        0.06606730
    17.2500000        0.41281250        0.06323231
    17.3000000        0.40885417        0.06085149
    17.3500000        0.42739583        0.06525151
    17.4000000        0.44822917        0.06880575
    17.4500000        0.45937500        0.07038899
    17.5000000        0.44781250        0.06933609
    17.5500000        0.45093750        0.07020284
    17.6000000        0.45979167        0.07273168
    17.6500000        0.47489583        0.07597684
    17.7000000        0.49989583        0.08054750
    17.7500000        0.52520833        0.08223063
    17.8000000        0.54093750        0.08094326
    17.8500000        0.55312500        0.08723107
    17.9000000        0.56718750        0.09137567
    17.9500000        0.56416667        0.09235069
    18.0000000        0.56177083        0.08987616
    18.0500000        0.57125000        0.09257898
    18.1000000        0.57604167        0.09393238
    18.1500000        0.58104167        0.09442981
    18.2000000        0.58656250        0.10018837
    18.2500000        0.59708333        0.10417391
    18.3000000        0.61197917        0.10676612
    18.3500000        0.62208333        0.10340201
    18.4000000        0.61791667        0.10716485
    18.4500000        0.62250000        0.10902934
    18.5000000        0.62604167        0.10907822
    18.5500000        0.62291667        0.11285394
    18.6000000        0.61843750        0.11422768
    18.6500000        0.62697917        0.11730966
    18.7000000        0.63968750        0.11965614
    18.7500000        0.64260417        0.12234478
    18.8000000        0.63927083        0.12312566
    18.8500000        0.66010417        0.12365197
    18.9000000        0.66125000        0.12142044
    18.9500000        0.68885417        0.12366607
    19.0000000        0.71916667        0.12102100
    19.0500000        0.71916667        0.11196652
    19.1000000        0.73229167        0.10732277
    19.1500000        0.75395833        0.10808256
    19.2000000        0.75770833        0.11290604
    19.2500000        0.77270833        0.11089731
    19.3000000        0.78666667        0.10935082
    19.3500000        0.79020833        0.10299854
    19.4000000        0.78447917        0.10297994
    19.4500000        0.78802083        0.10190913
    19.5000000        0.78187500        0.09785503
    19.5500000        0.78135417        0.09862399
    19.6000000        0.79645833        0.09819390
    19.6500000        0.80333333        0.09511538
    19.7000000        0.84270833        0.09535233
    19.7500000        0.87708333        0.09780683
    19.8000000        0.91833333        0.09846397
    19.8500000        0.96020833        0.10015662
    19.9000000        1.00500000        0.10229293
    19.9500000        1.04885417        0.10575785
    20.0000000        1.10750000        0.10980895
