     0.0000000        3.00079794        0.05339694
     0.0500000        2.32581832        0.04406885
     0.1000000        1.80960987        0.04065118
     0.1500000        1.40429815        0.03745488
     0.2000000        1.10405684        0.03154203
     0.2500000        0.86884582        0.02878690
     0.3000000        0.71163407        0.02853104
     0.3500000        0.59287112        0.03716120
     0.4000000        0.47448879        0.02826807
     0.4500000        0.38601251        0.02603111
     0.5000000        0.30890616        0.02274004
     0.5500000        0.25057380        0.02210615
     0.6000000        0.20946968        0.02573455
     0.6500000        0.18537607        0.02457999
     0.7000000        0.16452948        0.02854752
     0.7500000        0.14046566        0.02972982
     0.8000000        0.13443589        0.02878526
     0.8500000        0.11671508        0.02643926
     0.9000000        0.10600853        0.02196558
     0.9500000        0.09236829        0.02250721
     1.0000000        0.08557683        0.02118851
     1.0500000        0.07284650        0.02082560
     1.1000000        0.06862357        0.02346484
     1.1500000        0.06043699        0.02345599
     1.2000000        0.05919504        0.01842203
     1.2500000        0.04847934        0.01580943
     1.3000000        0.05082651        0.01246923
     1.3500000        0.06517626        0.01252475
     1.4000000        0.04695690        0.01415530
     1.4500000        0.03865413        0.01564344
     1.5000000        0.04204350        0.01968861
     1.5500000        0.03054759        0.02427296
     1.6000000        0.03186941        0.02230749
     1.6500000        0.02928487        0.02236476
     1.7000000        0.03143623        0.01962261
     1.7500000        0.01656704        0.02097847
     1.8000000        0.01870275        0.01927160
     1.8500000        0.02721515        0.01998360
     1.9000000        0.00940371        0.01567291
     1.9500000        0.00573187        0.01184738
     2.0000000        0.01059257        0.01388865
     2.0500000        0.01876551        0.01594585
     2.1000000        0.01435885        0.01992444
     2.1500000        0.01297218        0.01197570
     2.2000000        0.01342886        0.01319168
     2.2500000        0.00896429        0.01365705
     2.3000000       -0.00005795        0.01228694
     2.3500000       -0.00694655        0.01213440
     2.4000000       -0.00698381        0.00890537
     2.4500000       -0.00232175        0.00927586
     2.5000000       -0.01318652        0.01156177
     2.5500000       -0.01448289        0.01467764
     2.6000000       -0.01048080        0.01332154
     2.6500000       -0.01595090        0.01089934
     2.7000000       -0.01760553        0.01114992
     2.7500000       -0.02122581        0.01352902
     2.8000000       -0.02299328        0.01020650
     2.8500000       -0.02573040        0.00937288
     2.9000000       -0.02691691        0.01312960
     2.9500000       -0.02918936        0.01263733
     3.0000000       -0.02706108        0.00907050
     3.0500000       -0.02456161        0.01147348
     3.1000000       -0.02074412        0.01338965
     3.1500000       -0.00291993        0.01423795
     3.2000000       -0.00224950        0.01247360
     3.2500000       -0.00185772        0.01182947
     3.3000000       -0.00216723        0.01208692
     3.3500000       -0.00220777        0.01370793
     3.4000000       -0.00787544        0.01488909
     3.4500000       -0.00820646        0.01429513
     3.5000000       -0.00848667        0.01470713
     3.5500000       -0.00548885        0.01811495
     3.6000000       -0.00839212        0.01726644
     3.6500000       -0.01745377        0.01585863
     3.7000000       -0.02403779        0.01001716
     3.7500000       -0.01848291        0.01057272
     3.8000000       -0.01735301        0.01232080
     3.8500000       -0.01282262        0.00967714
     3.9000000       -0.00503256        0.00959365
     3.9500000        0.00467491        0.00893179
     4.0000000        0.00941105        0.00935582
     4.0500000        0.00976519        0.00646045
     4.1000000        0.01114422        0.00576371
     4.1500000        0.01062687        0.00724323
     4.2000000       -0.00515923        0.01237250
     4.2500000       -0.01583826        0.01359342
     4.3000000       -0.01134878        0.01029152
     4.3500000       -0.00874744        0.00984010
     4.4000000       -0.01239279        0.01199709
     4.4500000       -0.01494430        0.01338759
     4.5000000       -0.01071395        0.01277567
     4.5500000       -0.00992822        0.01299499
     4.6000000       -0.01319336        0.01479505
     4.6500000       -0.01092192        0.01106240
     4.7000000        0.00936866        0.01250703
     4.7500000        0.03126630        0.03170587
     4.8000000        0.03135991        0.02691957
     4.8500000        0.02552762        0.02352796
     4.9000000        0.01112887        0.01976287
     4.9500000        0.01672504        0.01432126
     5.0000000        0.01853853        0.01211098
     5.0500000        0.01364904        0.00943790
     5.1000000        0.01239083        0.00783956
     5.1500000        0.00815846        0.00737392
     5.2000000        0.00386362        0.00913629
     5.2500000        0.00433654        0.00421684
     5.3000000       -0.00053830        0.00452822
     5.3500000        0.00488902        0.00438936
     5.4000000        0.00656163        0.00425849
     5.4500000        0.00712024        0.00981673
     5.5000000        0.00108734        0.01509747
     5.5500000       -0.00122935        0.01721809
     5.6000000       -0.00232922        0.01298331
     5.6500000       -0.00529288        0.01163933
     5.7000000        0.00138725        0.01052307
     5.7500000       -0.00373664        0.00875056
     5.8000000       -0.01779797        0.01104901
     5.8500000       -0.01661017        0.01049493
     5.9000000       -0.01494577        0.00824183
     5.9500000       -0.00938370        0.00868771
     6.0000000       -0.00481925        0.01050120
     6.0500000       -0.00069066        0.00986901
     6.1000000       -0.00586658        0.01047393
     6.1500000        0.00214458        0.00655733
     6.2000000        0.00550868        0.00767410
     6.2500000        0.01028354        0.00646366
     6.3000000        0.01069374        0.00890152
     6.3500000        0.00843805        0.00952568
     6.4000000        0.00649215        0.01022698
     6.4500000       -0.00030884        0.00878224
     6.5000000        0.00089104        0.00799425
     6.5500000       -0.00463181        0.00905291
     6.6000000       -0.00882534        0.00920644
     6.6500000       -0.00691691        0.00959636
     6.7000000       -0.01010237        0.01020317
     6.7500000       -0.00558588        0.00839714
     6.8000000       -0.00158392        0.01163277
     6.8500000        0.00108736        0.01109287
     6.9000000        0.00620344        0.01191604
     6.9500000        0.00232728        0.01286400
     7.0000000       -0.00445387        0.01001547
     7.0500000       -0.00497886        0.01074815
     7.1000000       -0.00014876        0.00695151
     7.1500000       -0.01227163        0.00804941
     7.2000000       -0.00310472        0.00836223
     7.2500000       -0.00408666        0.01020692
     7.3000000       -0.00324093        0.00977647
     7.3500000        0.00207502        0.00996484
     7.4000000        0.00958070        0.01043920
     7.4500000        0.00663991        0.01048994
     7.5000000        0.01238635        0.01205497
     7.5500000        0.00381511        0.00643514
     7.6000000        0.01019433        0.01056758
     7.6500000        0.01225908        0.01087345
     7.7000000        0.00540417        0.01004776
     7.7500000        0.00394607        0.01254711
     7.8000000       -0.00052494        0.01372516
     7.8500000        0.00157223        0.01635630
     7.9000000       -0.00142155        0.01856894
     7.9500000       -0.00430454        0.01554002
     8.0000000       -0.00363992        0.01282561
     8.0500000       -0.00263701        0.01093297
     8.1000000       -0.00251536        0.01064427
     8.1500000        0.00349182        0.01074226
     8.2000000        0.00350497        0.00921861
     8.2500000        0.00155597        0.00924666
     8.3000000       -0.00323649        0.00787243
     8.3500000       -0.00163651        0.00721998
     8.4000000       -0.00155852        0.00801514
     8.4500000       -0.00343881        0.00831766
     8.5000000       -0.00104567        0.00603989
     8.5500000        0.00065540        0.00660059
     8.6000000       -0.00668648        0.01158158
     8.6500000       -0.00850805        0.01223631
     8.7000000       -0.00395828        0.01133454
     8.7500000        0.00125355        0.00898639
     8.8000000        0.00643490        0.01068378
     8.8500000        0.00397695        0.01058103
     8.9000000        0.00037063        0.01066343
     8.9500000       -0.00250930        0.00992279
     9.0000000       -0.00150143        0.01208679
     9.0500000        0.00120366        0.01343955
     9.1000000       -0.00295828        0.01441834
     9.1500000       -0.00952002        0.01237082
     9.2000000       -0.00815727        0.01181664
     9.2500000        0.00274212        0.01190711
     9.3000000        0.00709893        0.01262776
     9.3500000        0.00960447        0.01112568
     9.4000000        0.01010388        0.00862117
     9.4500000        0.00491900        0.00936209
     9.5000000        0.00179802        0.01091255
     9.5500000       -0.00252299        0.01145640
     9.6000000       -0.00138981        0.01417486
     9.6500000       -0.01291259        0.01691670
     9.7000000       -0.02055235        0.01915447
     9.7500000       -0.03595829        0.01183725
     9.8000000       -0.03407239        0.01388866
     9.8500000       -0.03378323        0.01856031
     9.9000000       -0.03733400        0.01558846
     9.9500000       -0.03675846        0.01607870
    10.0000000       -0.03461861        0.01812414
    10.0500000       -0.01295690        0.01122191
    10.1000000        0.00859255        0.01813364
    10.1500000        0.01086453        0.01623612
    10.2000000        0.00846202        0.01507198
    10.2500000       -0.00581991        0.01991231
    10.3000000       -0.00352323        0.01623031
    10.3500000        0.00920395        0.01407707
    10.4000000        0.00316431        0.01294943
    10.4500000       -0.00254029        0.01379775
    10.5000000       -0.00462118        0.01020883
    10.5500000       -0.01569369        0.01649977
    10.6000000       -0.00757457        0.01371593
    10.6500000       -0.00871902        0.01410524
    10.7000000       -0.00740203        0.01393221
    10.7500000        0.00405084        0.01369411
    10.8000000        0.00363191        0.01180763
    10.8500000        0.00055412        0.01120180
    10.9000000        0.00137155        0.01050745
    10.9500000       -0.00066162        0.00924680
    11.0000000        0.00016034        0.01124954
    11.0500000       -0.00372846        0.01152925
    11.1000000        0.00200408        0.00854263
    11.1500000        0.00370257        0.00944696
    11.2000000        0.01085208        0.00787646
    11.2500000        0.01130068        0.00804041
    11.3000000        0.01879952        0.00656053
    11.3500000        0.02253080        0.00604591
    11.4000000        0.02049015        0.00626378
    11.4500000        0.01766061        0.00537185
    11.5000000        0.00771296        0.00452788
    11.5500000        0.00810184        0.00513016
    11.6000000        0.01112600        0.00841238
    11.6500000        0.01198135        0.00891801
    11.7000000        0.00845490        0.00761734
    11.7500000        0.01098706        0.00571542
    11.8000000        0.00578379        0.00605989
    11.8500000        0.01255146        0.00586016
    11.9000000        0.01504716        0.00683736
    11.9500000        0.02233833        0.00754353
    12.0000000        0.02126654        0.00768433
    12.0500000        0.02211305        0.00821530
    12.1000000        0.02695482        0.01023361
    12.1500000        0.02649856        0.01139654
    12.2000000        0.01928216        0.00793668
    12.2500000        0.01641283        0.00968730
    12.3000000        0.01645500        0.00915812
    12.3500000        0.01402290        0.00894298
    12.4000000        0.00833672        0.00733556
    12.4500000        0.00770839        0.00712945
    12.5000000        0.00763689        0.00817059
    12.5500000        0.01384897        0.00674840
    12.6000000        0.01256360        0.00897873
    12.6500000        0.01837874        0.01313699
    12.7000000        0.01837452        0.01433119
    12.7500000        0.01413606        0.01445920
    12.8000000        0.01043231        0.01233716
    12.8500000        0.00485737        0.01135261
    12.9000000        0.00210286        0.01278529
    12.9500000       -0.00576575        0.01420818
    13.0000000       -0.00738207        0.01155308
    13.0500000       -0.00027782        0.01004656
    13.1000000       -0.00379610        0.01027823
    13.1500000       -0.00190255        0.00878663
    13.2000000       -0.00672646        0.00963390
    13.2500000       -0.00063464        0.01069332
    13.3000000        0.00048846        0.01192659
    13.3500000       -0.00230413        0.00970746
    13.4000000       -0.00149846        0.00989217
    13.4500000        0.00090230        0.00901753
    13.5000000       -0.00787060        0.00706409
    13.5500000       -0.00569903        0.00721487
    13.6000000       -0.00253727        0.00720466
    13.6500000       -0.00299748        0.00811717
    13.7000000       -0.00237788        0.00764454
    13.7500000        0.00572043        0.00946645
    13.8000000        0.00722352        0.00757581
    13.8500000        0.00134871        0.00790188
    13.9000000        0.00699516        0.01058096
    13.9500000       -0.00277682        0.01065818
    14.0000000       -0.00338797        0.00800307
    14.0500000       -0.00337751        0.00553194
    14.1000000       -0.00933065        0.00326613
    14.1500000       -0.01173877        0.00335614
    14.2000000       -0.01378086        0.00621480
    14.2500000        0.00408896        0.00822908
    14.3000000        0.00759359        0.00636318
    14.3500000        0.00987850        0.00799047
    14.4000000        0.00854800        0.00735144
    14.4500000        0.00376791        0.00840687
    14.5000000        0.00870690        0.01116962
    14.5500000        0.00636387        0.01223615
    14.6000000        0.00871383        0.01442392
    14.6500000        0.01045029        0.01591247
    14.7000000        0.01787167        0.01666170
    14.7500000       -0.00111576        0.01736361
    14.8000000       -0.00226526        0.01738137
    14.8500000       -0.00924777        0.01457318
    14.9000000       -0.01096729        0.01667527
    14.9500000       -0.00577906        0.01155152
    15.0000000       -0.00379262        0.01100206
    15.0500000       -0.00660101        0.01019816
    15.1000000       -0.01131415        0.00829243
    15.1500000       -0.02019259        0.00543916
    15.2000000       -0.01825151        0.00995226
    15.2500000       -0.01830084        0.00894309
    15.3000000       -0.01834386        0.00889587
    15.3500000       -0.01177121        0.01053959
    15.4000000       -0.00522946        0.01116317
    15.4500000       -0.00975288        0.01042976
    15.5000000       -0.01813750        0.01210729
    15.5500000       -0.01509882        0.01071667
    15.6000000       -0.01437712        0.01166333
    15.6500000       -0.02533625        0.01107763
    15.7000000       -0.02055515        0.01111006
    15.7500000       -0.01469406        0.01650464
    15.8000000       -0.01746029        0.01535266
    15.8500000       -0.00228023        0.01629532
    15.9000000       -0.00470150        0.01516605
    15.9500000       -0.00580293        0.01297559
    16.0000000       -0.00652748        0.01411406
    16.0500000       -0.00084955        0.01791956
    16.1000000       -0.00195234        0.01779652
    16.1500000        0.00595483        0.01860232
    16.2000000       -0.00478121        0.01443831
    16.2500000       -0.00770394        0.01658215
    16.3000000       -0.00945782        0.01615552
    16.3500000       -0.00475764        0.01799589
    16.4000000       -0.01665577        0.01669854
    16.4500000       -0.01268179        0.01626189
    16.5000000       -0.01103979        0.01915739
    16.5500000       -0.01671293        0.01771143
    16.6000000       -0.01677397        0.01720915
    16.6500000       -0.01907240        0.01786074
    16.7000000       -0.02040007        0.01777283
    16.7500000       -0.02080872        0.01381183
    16.8000000       -0.02181533        0.01336593
    16.8500000       -0.01962155        0.01705567
    16.9000000       -0.01293133        0.01452628
    16.9500000       -0.00114356        0.01548149
    17.0000000       -0.00041086        0.01424005
    17.0500000        0.00035126        0.00988723
    17.1000000       -0.00804494        0.01176161
    17.1500000       -0.00835183        0.02009945
    17.2000000       -0.01360675        0.01842210
    17.2500000       -0.01441275        0.01651199
    17.3000000       -0.00346349        0.01950853
    17.3500000       -0.00472648        0.01854544
    17.4000000        0.00253628        0.01813812
    17.4500000        0.00111704        0.01740107
    17.5000000        0.00788481        0.01583740
    17.5500000        0.00087487        0.01606344
    17.6000000       -0.00713207        0.01929769
    17.6500000       -0.01031530        0.01550251
    17.7000000       -0.00524836        0.01411468
    17.7500000        0.00245103        0.01416859
    17.8000000        0.01640694        0.01465636
    17.8500000        0.02613930        0.01631860
    17.9000000        0.03227399        0.01779328
    17.9500000        0.03472703        0.01884087
    18.0000000        0.03280338        0.01564111
    18.0500000        0.03386830        0.01532098
    18.1000000        0.02405143        0.01217831
    18.1500000        0.02029323        0.00978915
    18.2000000        0.01654597        0.00930705
    18.2500000        0.01087029        0.00850301
    18.3000000        0.00694814        0.01305259
    18.3500000        0.00354123        0.01324756
    18.4000000        0.00195676        0.01428013
    18.4500000        0.00531038        0.01464537
    18.5000000        0.01010646        0.01531435
    18.5500000        0.01880029        0.01601479
    18.6000000        0.02444909        0.01820113
    18.6500000        0.04041338        0.01635088
    18.7000000        0.06316105        0.02004192
    18.7500000        0.07063029        0.02184381
    18.8000000        0.07357782        0.02237539
    18.8500000        0.06862247        0.02569385
    18.9000000        0.06606497        0.02612412
    18.9500000        0.07589783        0.02470217
    19.0000000        0.08404733        0.02497540
    19.0500000        0.09312259        0.02486935
    19.1000000        0.11243891        0.02137842
    19.1500000        0.12909285        0.02020462
    19.2000000        0.13715253        0.02041459
    19.2500000        0.14553599        0.02492415
    19.3000000        0.16671184        0.02353952
    19.3500000        0.19217589        0.02585544
    19.4000000        0.24357886        0.02019285
    19.4500000        0.29585108        0.02036375
    19.5000000        0.36414238        0.02233209
    19.5500000        0.43887919        0.02890859
    19.6000000        0.52948753        0.03788992
    19.6500000        0.62450966        0.04196700
    19.7000000        0.75351575        0.04249338
    19.7500000        0.93712625        0.04292369
    19.8000000        1.14422607        0.04397375
    19.8500000        1.43851724        0.04356803
    19.9000000        1.83957998        0.03688461
    19.9500000        2.33427813        0.04219747
    20.0000000        3.00079794        0.05339694
