     0.0000000        0.23043097        0.00246396
     0.1000000        0.13318064        0.00165886
     0.2000000        0.07758628        0.00107541
     0.3000000        0.04547293        0.00085586
     0.4000000        0.02691217        0.00074095
     0.5000000        0.01658570        0.00059677
     0.6000000        0.01021579        0.00065319
     0.7000000        0.00632389        0.00068331
     0.8000000        0.00441543        0.00043346
     0.9000000        0.00298840        0.00039203
     1.0000000        0.00209469        0.00032200
     1.1000000        0.00156867        0.00029868
     1.2000000        0.00115096        0.00029326
     1.3000000        0.00088517        0.00028174
     1.4000000        0.00064143        0.00027698
     1.5000000        0.00055617        0.00021422
     1.6000000        0.00045965        0.00016978
     1.7000000        0.00025705        0.00010764
     1.8000000        0.00019997        0.00005467
     1.9000000        0.00025319        0.00010767
     2.0000000        0.00024806        0.00011654
     2.1000000        0.00012349        0.00018913
     2.2000000        0.00002510        0.00017789
     2.3000000       -0.00002717        0.00017953
     2.4000000       -0.00005981        0.00013488
     2.5000000        0.00001894        0.00015169
     2.6000000        0.00000528        0.00013978
     2.7000000        0.00000631        0.00014988
     2.8000000        0.00001089        0.00011411
     2.9000000        0.00002240        0.00011388
     3.0000000        0.00005831        0.00007501
     3.1000000        0.00004770        0.00007125
     3.2000000        0.00001119        0.00008216
     3.3000000       -0.00004211        0.00009340
     3.4000000       -0.00003960        0.00009903
     3.5000000       -0.00005117        0.00010668
     3.6000000       -0.00009210        0.00011486
     3.7000000       -0.00006540        0.00011002
     3.8000000       -0.00004748        0.00011082
     3.9000000       -0.00002883        0.00011593
     4.0000000       -0.00002947        0.00011034
     4.1000000       -0.00001736        0.00010178
     4.2000000       -0.00003008        0.00010797
     4.3000000       -0.00004179        0.00010828
     4.4000000       -0.00006115        0.00010638
     4.5000000       -0.00009297        0.00010244
     4.6000000       -0.00010941        0.00010266
     4.7000000       -0.00008632        0.00010282
     4.8000000       -0.00009410        0.00010412
     4.9000000       -0.00007909        0.00010531
     5.0000000       -0.00004735        0.00010106
     5.1000000       -0.00000544        0.00010354
     5.2000000        0.00001259        0.00009945
     5.3000000       -0.00000331        0.00011032
     5.4000000        0.00001241        0.00010935
     5.5000000        0.00005146        0.00010051
     5.6000000        0.00004881        0.00010946
     5.7000000        0.00006446        0.00010759
     5.8000000        0.00008556        0.00009483
     5.9000000        0.00007974        0.00011509
     6.0000000        0.00006365        0.00011588
     6.1000000        0.00005570        0.00012597
     6.2000000        0.00007367        0.00013307
     6.3000000        0.00007436        0.00014082
     6.4000000        0.00006088        0.00012570
     6.5000000        0.00008317        0.00010888
     6.6000000        0.00007237        0.00009719
     6.7000000        0.00008038        0.00012757
     6.8000000        0.00003361        0.00013927
     6.9000000        0.00006033        0.00011380
     7.0000000        0.00003684        0.00014233
     7.1000000       -0.00001158        0.00014205
     7.2000000        0.00010829        0.00013167
     7.3000000        0.00017171        0.00014149
     7.4000000        0.00030664        0.00012800
     7.5000000        0.00038011        0.00022401
     7.6000000        0.00014366        0.00011508
     7.7000000        0.00000883        0.00023876
     7.8000000       -0.00015442        0.00034479
     7.9000000       -0.00022246        0.00042936
     8.0000000       -0.00053905        0.00059722
     8.1000000       -0.00088681        0.00087601
     8.2000000       -0.00062900        0.00097531
     8.3000000       -0.00075432        0.00101783
     8.4000000       -0.00097138        0.00092994
     8.5000000       -0.00104244        0.00089268
     8.6000000       -0.00115556        0.00088753
     8.7000000       -0.00130487        0.00093477
     8.8000000       -0.00115292        0.00087916
     8.9000000       -0.00087950        0.00073457
     9.0000000       -0.00029859        0.00078668
     9.1000000        0.00078033        0.00079280
     9.2000000        0.00208739        0.00101999
     9.3000000        0.00446935        0.00108295
     9.4000000        0.00783321        0.00115524
     9.5000000        0.01392317        0.00146358
     9.6000000        0.02521674        0.00156639
     9.7000000        0.04429608        0.00159938
     9.8000000        0.07644018        0.00159602
     9.9000000        0.13232170        0.00175157
    10.0000000        0.23043097        0.00246396
