      790789
      452938
        1048
      814342
      227372
      538812
      718356
      402600
      483443
      212397
      361162
      448281
      422328
      433028
      200386
      801224
      678595
      729131
      901235
      573718
      513521
      256820
      472421
      917847
      608058
       45986
      652882
      490334
      793308
      433895
      735999
      604885
      718486
      686278
      831314
       72032
      456393
      805928
      563751
      726475
       46379
      528791
      210334
      641930
      974820
      507563
      274404
       33470
      593079
      682778
      497340
      847369
      472980
      841410
      307776
       38444
      699773
      362961
      708323
      534905
      102605
      153053
      599781
      890690
      422490
      764529
      542867
      625315
      417774
      706040
      957426
      251217
      907106
      938142
      759152
      988594
      749907
      556890
      433810
      167755
      764337
      664929
      548951
      318956
      582768
      430090
      703129
      949752
      444746
      331485
      912628
        9834
      927466
      593097
      435671
       43376
      613738
      804876
       34144
       28879
      697454
      731335
      672817
      906512
      526561
      307637
      656054
      792961
       83526
      823197
      202042
      883765
      403308
      292770
      454504
       43169
      928824
       15047
      931917
       81458
      803917
      318747
      414235
      719810
      103829
      496215
      267105
      242633
        3166
      924509
      203583
      837411
      881369
      374000
      483361
      622050
      365681
      504464
      549477
      359717
      311616
      548672
      102537
      861189
      720929
      183490
      612438
       74693
      597084
      588468
      267578
      863249
      738221
      691935
      361582
      469519
      467630
      604593
      117520
      668146
      301714
      240613
      949621
      605599
      555458
      126224
      162497
      327517
      885405
      395809
       87858
      993552
      770114
      975502
      658733
      779715
      928137
      954276
      421189
      468216
      673486
      142541
      983548
      724813
      208598
      818235
      903107
       63650
      854808
      660421
       10355
      499605
      220317
      870377
      170696
      888130
      305658
      480193
      483661
      952600
      546669
      848861
      919635
      999151
      794956
      345874
      394067
      319028
      235870
      222315
      279196
      278427
      243968
      669453
      353266
       95838
      175984
       64836
      187246
      306890
      101300
      405885
      969047
      916696
      469914
      930988
      765245
      239692
      717906
      928095
      220292
      426988
      810411
      730807
      693245
      681203
      722082
      901977
      831977
      158818
      855066
      604795
      584896
      560012
      394466
      161392
      650169
      406011
      601316
      798924
      362437
        3927
       43044
      583173
       17034
       99107
      761442
      539634
      631705
      214973
      378140
      962118
      145827
      680367
      137568
      908835
       57127
      344396
      887428
      885996
      495899
      978772
      996661
      718904
      736726
      367660
      210920
      610545
      147695
       85019
      445533
      387688
      577119
      959447
      515976
      934471
      177752
      226525
      805839
      813502
      668514
      368659
      872298
       74449
       33703
      642426
      989079
      250132
      659717
      293416
      626931
      540121
      909273
      458576
      871594
      181828
      133124
      756056
      779265
        9101
      119281
      562550
      669572
      198314
      979727
      978138
      356035
      201969
      474640
      478638
      314042
      869780
      774110
      255438
      786316
      757275
      657358
      242851
      825880
      621885
      149453
      832951
      276529
      106538
      595534
      277919
      690802
      610756
      172528
      779890
      185441
      349245
      838364
      268291
      234370
      597991
      718700
      864689
      399157
      127853
      931135
       35133
      996989
      825655
      846931
      429998
      706132
      502785
      790229
      411330
      108909
      891282
      174773
      267688
      172161
      827435
       78122
      116489
      665222
      622875
      253374
      493848
      515383
      623167
      578383
      631930
      100864
      953906
      942476
      423786
      481282
      454310
      570674
       75698
      565617
      798315
      785412
      447026
      217685
      803165
      205754
       77552
      299103
      925511
      384113
      902316
      649762
      945000
      880472
      653971
        5792
      835372
      774101
      952619
      855030
      823053
      612773
       83155
      229993
      633246
      799491
      460116
      438345
      923529
      416696
      780020
      730863
      904946
      487993
      861211
      906910
      150603
      677370
      171202
      857401
      591759
      425912
       41522
       45272
      701420
      526024
      570055
      923449
      865435
      133145
      210888
      290319
      941090
      214974
       51653
      582694
        3198
      438183
      778368
      106285
      277696
      492636
      327787
      203666
      262738
      853111
      227238
      359747
       37287
      978515
      621969
      244739
      757213
      948607
      989992
      694626
      338882
      538213
      544427
      629131
      330252
      728945
      323345
      907187
      969467
      658423
      967111
      119904
      430951
        6990
      183229
      321038
      259000
      821934
      898687
      694962
      988876
      779203
       99796
      162132
      955404
      882627
      359540
      922055
      289062
      600636
       52415
      933763
       99574
      440478
      256776
      333776
      847010
      959938
      344676
      791573
      900371
      216557
      259217
      802561
      283692
      654350
      479387
      918543
      609627
      428026
      672406
      915690
      200550
      164706
       33572
      900002
      397142
      163142
      313603
      350287
       54492
       30436
      533479
       98621
      225684
      756256
      386788
      248320
       32895
      224561
      329570
       29413
      725990
      162813
      357659
      591602
      928608
      528699
      471528
      734737
       71766
      334350
      828633
      576786
       14945
      908058
      583255
      159296
      854688
      593499
      413845
      990372
      920691
      886444
      737870
      525136
      959398
        8985
      614151
      583702
      505097
      921252
      332713
      706645
      438510
      770629
      692123
      447964
      732887
      778475
      964341
      605558
      387603
      564343
      547054
      389188
      549250
      907697
      303530
      525951
      820229
      947134
      589954
      303247
      754846
      817098
      970276
      549246
      542905
      722102
      618553
      550859
      880803
      448449
      408792
      909207
       30119
      313443
      692298
      332587
       63716
      552116
      762512
      366942
      299327
      141443
        7358
       63834
      920653
       62060
      749086
      585904
      785954
      997485
      771617
      749850
      424146
      470835
      535385
      506889
      218392
      419045
       79680
      360729
      777199
      204588
      612497
      723036
      493006
       64692
      787871
      206405
      288283
      998059
      670730
      854828
      549124
       89088
      389231
      311661
      246339
      269585
      474611
      925093
      244049
      517991
      888522
      791119
      795777
      496094
      737884
      734002
      228047
      623251
      677222
      224248
      811473
      588107
      998513
      234069
      819356
      297813
      408530
       30359
      773775
      264743
      493682
      905153
      879183
      430715
      872362
      843607
      643499
      428709
       34791
      129456
      686702
      282088
      870356
      887991
      736927
      541311
      882460
      566523
      814056
      858158
       90864
      352354
      600814
      997445
      621529
      528245
        1359
      286244
      983961
      765383
      887380
      500603
       36055
      353855
       31690
      189761
      636438
      370608
      229317
      437870
      984314
      784929
      606101
       63213
      646806
      501403
      114784
      254924
      273802
      340389
      218608
      647203
         295
      955986
      762408
      831038
      536232
      691500
       31201
      303423
      943853
      372418
      996286
      854078
       36870
      748834
      389664
      861146
      603604
      120983
      195504
      877868
      477451
      494433
      634805
      147561
       92294
      796535
      285370
      216596
      391538
      683890
      513823
       85202
      246080
      913443
      487324
      797309
      809773
      901069
      622788
      717893
      812399
      467679
      473605
      497815
      790137
      772801
       53861
      726174
      253531
      435684
      600051
      270141
      792958
      843885
      770301
      302308
      121600
      649367
      281088
       15531
       55907
      452090
      981457
       25273
      433574
      671106
      364740
      459449
      968999
      603153
      517774
      735768
       46264
      668747
      507622
       26578
      449593
      845780
      205790
      411209
       31326
      290607
      549946
      715819
      317389
      146646
      243138
       40734
       50259
      540468
      890514
      975293
      669434
      765394
      573541
      500195
      729405
      652585
      861724
      577338
      255118
      129638
      261821
      427166
       34951
      966678
      104567
      493512
      851175
      709957
      868889
       95939
      647927
      802939
      943628
      769591
      636680
      894902
      826753
      292526
      339208
      337026
      762086
      400570
      568056
      865991
      813514
      189655
      344511
      475068
      376713
      205664
      754067
      472712
      128365
      221775
      739397
      728660
      412876
      703304
      830821
      107520
       66595
      960052
      814273
       89869
      679534
      986143
      336770
      580841
      294585
      987373
      449386
      906228
      544241
      596050
       87711
      996068
      224812
      773341
      489829
      755741
      308145
      399114
      551783
      624563
      390844
      549281
      120540
      321879
      580987
      460643
      224469
      780657
      822345
      183234
      241299
      268583
      656102
      920163
        3596
      696651
      420071
       54961
      841729
      115262
      885418
      866420
      564336
      397812
      330874
      930941
      376298
      111793
       54458
      212377
      734203
      577379
      322696
      839373
      139318
      113524
      757338
      570216
      868055
      471556
      159577
      945174
      639944
      456269
      771769
      126340
      223095
      734519
      976649
      424978
      977175
      434053
      516368
      333869
      313412
      655136
      342142
      214854
      160411
       14088
      700139
      387265
      323346
      197358
      521738
      756667
      470781
       90367
      836710
      597518
      922403
      101729
      425558
      721145
      770116
      924972
      159359
      581205
      186633
      737755
       27113
      316661
      921573
      838584
      850580
      732247
      985053
      721036
      686632
      216434
      518782
      585474
      917088
      596907
      854653
      288268
       26063
      933525
      760839
      728510
       64813
      248795
      875386
      672237
      804075
      195840
      327309
       14150
      573910
      663863
      545179
      476827
      791051
      321126
      253226
      747448
      173746
       95407
      654925
       52012
      644097
      591977
      804094
      167053
      917911
      449066
      163486
      868862
      782037
      630831
      350884
      820205
       59213
      657824
       72694
      894540
      260411
      774965
      245037
      937739
      924678
       57008
      302347
      967303
      646481
      451506
      693461
      809084
      790551
      759288
      565215
      171501
      894227
      552420
      633535
      157262
      757297
       29680
      242034
      212579
      219345
      809520
      608105
      513890
      624596
      660541
      256512
      792075
      974255
      169460
      640487
      594177
      766352
      346575
      950322
      982621
      523091
      168739
      109465
      671928
        5684
       59827
      958109
      602941
      116707
      308701
      624291
      954539
      489932
      424686
       82484
      592856
      767677
      430531
      899689
      958002
      565651
       92885
      169029
      388279
      125294
       90261
      630847
      881902
      653620
      118503
      981293
      296217
      350567
      368425
      984418
      123833
      332960
       75796
      869769
      991226
       71756
      393551
      957321
      170504
      720021
      677023
      283131
      856719
      454802
      592822
      300979
      687065
      790793
      552432
      706591
      893215
      248305
      333304
      699351
      141168
      958730
      887447
      681529
       58597
      207515
      337529
      394991
      449684
      914627
      160462
      495423
      197471
       52524
      558502
      564047
      853700
        1623
       17839
      556841
      916160
      843269
       54694
      691259
      793525
      590203
      148909
      770446
      457705
      354530
      865045
      944962
      783685
      453193
      160972
      911996
      576869
      450932
      883965
      552086
      287925
      140763
      454297
        3340
      415129
      461942
      736331
      173152
      594209
      355430
       97120
      687423
      375685
      556871
      652491
      277278
      689719
      327051
      700648
      603284
      998453
      119875
      343259
      517172
      135857
      187828
      294055
      761053
      835070
      124952
      874920
      104139
      943244
      347308
      199486
      916958
      323889
      510947
      544227
      183076
      446717
      867379
      907052
      948316
      664984
      556544
      753401
      207474
      180334
      837276
      949835
      228541
      695146
      255275
      885132
      314418
      752373
      748575
      778884
        2140
      762888
      690513
      177581
      699588
      720327
      870197
      638217
      759713
      603437
      410477
      599375
      992255
      465912
      623408
      439823
      612956
      213743
      803227
      724611
      630285
       70059
      956815
      638658
      669655
      727472
      471669
      607853
      235139
      187919
      721370
      107645
      408693
      290010
      608552
      659137
      986870
      923864
       45370
       12679
       55045
      933461
      371469
      518965
      999126
      706481
      709454
      687622
      954781
      451650
      257856
      933308
      694148
      163579
      521605
      509305
      950063
      275117
      479994
      628608
      177771
      997184
      692151
      772527
      754149
      346123
      340006
      186774
      614424
      858541
      208762
      565058
      326389
      993649
      604861
      920183
      602128
      223113
      211454
      642635
      247228
      808392
      881370
      746681
      547501
      265584
      367584
      303963
       93203
      517769
      991188
       64586
       40753
      734854
      246855
      265718
      811947
      860916
      345814
      627680
      230686
      829045
      696313
      537542
       97185
      463688
      321591
      420216
      199698
       70494
      215346
      297049
      763736
      713657
      634705
      531917
      338782
      180760
      330690
      764820
      122513
      635116
      716188
       32973
      722520
      955618
      971420
       79403
      355524
      764076
       86912
      849042
      484094
      140064
      843958
      172319
      890868
       23265
      732595
      636254
      190274
      303312
      807068
      643053
      777741
      597133
      478800
      656204
      216427
      713795
      246859
      634063
       61430
      806846
      365931
      650957
      121513
      214163
      451783
      705772
      158317
      985290
       24238
      718049
       23085
       96286
      987636
      711575
      230878
      352069
       48812
      185482
      972292
      976255
       72558
      672834
      562681
      888507
      374592
      486727
      328874
      669376
      952031
      653880
      933391
      212645
      651356
       35726
      136166
       65175
      273883
      637012
      993764
      454245
      618729
      101887
      496098
        2399
      463285
      397500
      640650
      129786
      481179
      685089
      944190
      144010
       97751
      378579
      391994
       17466
      283017
      390677
      824561
      852191
      282141
      566458
      761834
       32202
      283399
      304467
      664919
       63344
       23655
      365310
      635302
      100630
      331324
      867744
      551568
      163088
      606841
      472279
      643623
       36104
      240633
      752261
      504407
      861264
      968587
      752477
      539117
      413698
      165015
      735239
      851925
       66927
       73127
      113985
      570197
      445204
      972999
      574368
      606208
      763355
      287039
      382853
      856369
      854131
      622959
      882808
      837935
      883043
      754242
      178100
      763234
      750711
      538113
        4187
       51379
      182705
      771002
      786713
      277487
      506891
      981522
      887601
      559404
      118273
      160928
       38648
      381916
      631337
      431092
      962616
      858472
      719898
      649970
      181830
      430402
      644437
      954572
       14266
        3636
      466951
      241426
      757152
      522921
      953294
      584554
       58054
      983543
      163021
      590935
      473476
      880543
      726731
      693475
      214951
       95435
      810914
      381480
       82635
      220430
      770291
      368616
      586399
      320147
      487659
      698388
      254427
      130839
      401234
      787100
      129305
      697107
      219499
      404330
      451621
      446121
      323540
      590896
      531049
      699338
      856898
      514322
      804954
      621721
      502907
      261813
       84477
      608456
      949540
      570721
      988133
      109176
       41752
      496509
      562904
      889671
      621325
       18229
       92832
      731118
       54211
      581482
       95114
      566787
      445374
      578892
      503694
       56272
      541138
      768074
       40360
      597201
      319026
      627101
      773333
      774459
      265106
      647473
      863365
      246905
      338837
      564588
      497329
       71591
      625408
      525708
        9318
      465482
      675585
      195431
      189232
        4675
      533054
      798654
      778879
      261113
      449265
      101050
      155561
      876811
      285774
      327028
      203175
       75569
      604090
       15210
      370802
      612195
      443016
      811392
      918803
      159218
      783493
      199019
      352412
      131113
      700946
      167151
       42830
      946017
      205126
      815931
       35816
      724948
      767451
      899554
       47788
      428523
      535858
      306740
      649407
      431176
      237136
      478694
      636681
      532881
      766778
      764586
      589548
      408365
      466323
      714508
      617980
      493833
       88195
      309952
      295569
      311180
      448054
      131775
      780626
      229714
      764634
      465667
      124771
      665376
      687091
      345120
      769028
      717453
        9841
      531900
      227421
      242804
       74912
      434010
      958064
      367572
      861779
      961166
      421758
      436409
      764716
      317758
      328081
      399188
       57631
      733324
       68987
      635228
       46419
      130518
      339894
      215010
      908799
      730576
      948283
      599394
      221659
      596289
      809788
      776342
      175902
      112467
      131790
      835132
      478788
      403914
      784514
      978082
      943779
      690888
      859620
      969762
      767881
      582080
      416296
       23720
      496489
      305072
      414854
      126696
      675730
      874316
      837823
      800342
      192307
      196596
      998541
      300442
      300844
      113998
       37254
      253627
      338728
      384381
      604701
      731599
      128454
      599342
      733218
      762846
       67467
       39691
      895321
      281863
      905507
      468411
      249810
      515867
      209455
      861134
       75357
      809021
      515672
       74109
      391598
      884149
      169845
      449664
      767733
      541955
      854333
      359185
      318614
      797745
      803007
      683576
      888343
      455641
      703595
      231233
      421362
      120304
      287529
       93510
      521049
      646149
      607282
      937689
      195813
       24066
        1218
      237448
      792683
      705640
      745934
      440832
      118408
      364867
      396102
       75719
      748045
       97373
      811814
      792788
      521056
       57135
      873426
      345992
      224902
      530697
      883900
      510524
      466134
      448892
      658652
      938284
      728992
      336057
      302891
      950851
      621491
      696755
      676465
      269951
      309021
      839991
      546204
      685424
      135440
      140934
      425765
      660696
      431665
      740132
      102974
      875744
      511766
      680232
      854672
      707566
      856565
      480203
      349056
      648152
      484723
      147048
      235526
      659949
      511336
      625026
      422024
      468835
      894031
      682371
       39883
      794580
      366558
      235512
       96168
      518823
      559882
      110788
      813521
      790535
      310780
      243669
      657501
       68990
      157934
      315476
       51434
      104235
       25522
      827598
      778751
      855055
       94315
      613209
       72836
      344445
      860270
      786492
      394367
      452578
      380622
      129352
      896160
      647273
      707481
      915640
      575515
      651965
      508921
      172866
      114057
       51172
      877579
      381423
      405082
      833465
      326745
      611304
      768398
      871937
      973958
       96318
      852672
      342170
      912098
      245813
      225271
       77707
      767980
       93893
      649608
      863018
      448451
      186136
       49983
      663968
       73977
      903812
      163932
      795788
       99744
      225606
      882062
       28544
      624248
      926831
      275405
      630105
      885388
      216152
      310252
      346608
      944062
      809801
      250506
      320435
      555259
      443298
      747518
      945674
      226655
      820667
      617434
      661092
      464705
        1158
      306041
      680601
      208235
      223466
       41106
      661230
      449540
      167444
      672223
      308590
       42976
      653330
      198157
      919847
      701050
      778459
      981684
      864188
      178020
      491485
      651941
         788
      640986
      604100
      694264
       34284
      228482
      240251
      727533
      807738
      796572
      722859
      469019
      533111
      852442
      898039
      386724
      959228
      675496
      896820
       39227
      477247
      625949
      334358
      103025
      163631
      640918
      946662
       87381
      760613
      918022
      664807
      736665
      594166
      786467
      126658
      120197
      429473
      765648
      626082
      409593
      263893
      811239
      499674
      343607
       57435
      748784
      950970
      380475
      400719
      894798
      312169
      537761
      120452
      865355
      743352
      919698
      822392
      572181
      369198
      932031
      371820
      406253
      853205
      184365
      311506
      608889
      409408
       80005
      217178
      830341
      251598
       93301
      990495
      875893
      480041
      734491
       89510
      639451
      405694
      202046
      696642
      224636
      311930
      722514
      824143
      253381
      653750
      577862
      357069
      362025
      694506
      820321
       33748
      884901
      580116
      674729
      363746
      725438
      850789
      628375
      483339
      414749
      390237
      208344
      948482
      357723
      812398
      446359
      465275
      266628
      285651
       31124
      557933
      782195
      794540
      148173
      174258
      282216
      838990
        7206
      228600
      877638
      571022
       56939
       82333
      596155
      368978
      887444
      961823
      753304
      849238
      819994
      313891
      511058
      315436
      184410
       98790
      623916
      645182
      283898
       20666
      372505
      614277
       47397
      695531
      684664
      658437
      369425
      756733
      444047
       72508
      137417
      897920
      986208
      647183
      946571
      853514
      782201
      743228
      502197
      316675
      309674
      803192
      709551
      794774
      111456
      300633
      451187
      402357
       41660
      126831
       51796
      591620
      699268
      415010
      430553
      820372
       49231
      802058
      940958
      157506
      231060
      127742
      898181
      825969
      554921
      571429
      793907
      683227
      685227
      226304
      198676
      639240
       11734
      111090
      351732
       11923
      208132
      619265
      438361
      820122
      978141
      405782
      554740
       14077
      989104
      711288
      360278
      643395
      993082
      123841
      417459
      962516
      135444
      778130
      219187
      473683
      450966
      992195
      903632
      907411
      547421
      341643
      656569
      140454
      476673
      171367
      801225
       51277
      793271
      544769
      575621
      313020
      800547
      630473
      597419
      123972
      984202
      526547
       16260
      875536
      633405
      522223
      353616
      757698
      649386
      797110
       30123
      302000
      541531
      557920
      580435
      862002
      610970
      612682
      555563
       31256
      321677
      382462
      112717
      998773
      859063
      350583
      292654
      841990
      876066
      949341
      984518
      757244
      426748
      884226
      578188
      227733
       87388
      895641
      304116
      128992
      265074
      958118
      260675
      771858
      693801
      917041
      129004
      882939
      118061
      562860
      575346
      522583
      163935
      142813
      340897
      940348
      397694
      310145
       19147
      367970
      571885
      510824
      520727
      749829
       58931
      807762
      225747
      410924
      472218
      142533
      823646
      662334
      474695
       34593
      840532
      344193
      774966
      717995
      854025
      306158
      310882
      715613
      395604
      825372
      620634
      850857
      540451
      961941
      401352
      696892
      184789
      851896
      255193
      463359
       10732
