     0.0000000        0.99716382        0.00484284
     0.1000000        0.87741924        0.00481377
     0.2000000        0.78778843        0.00466887
     0.3000000        0.71294212        0.00491073
     0.4000000        0.64965559        0.00479893
     0.5000000        0.59797164        0.00484087
     0.6000000        0.55165029        0.00488482
     0.7000000        0.50772655        0.00474379
     0.8000000        0.47265468        0.00445908
     0.9000000        0.43973801        0.00435946
     1.0000000        0.41248923        0.00439373
     1.1000000        0.38468932        0.00400712
     1.2000000        0.36177847        0.00417190
     1.3000000        0.34037070        0.00483826
     1.4000000        0.31710759        0.00464790
     1.5000000        0.30161334        0.00445287
     1.6000000        0.28522534        0.00478461
     1.7000000        0.27123552        0.00469258
     1.8000000        0.26180463        0.00484281
     1.9000000        0.25062061        0.00440663
     2.0000000        0.24411606        0.00422091
     2.1000000        0.23884061        0.00466958
     2.2000000        0.23124869        0.00510546
     2.3000000        0.23141309        0.00490163
     2.4000000        0.23078843        0.00474724
     2.5000000        0.23011509        0.00467495
     2.6000000        0.23079174        0.00459809
     2.7000000        0.23325507        0.00453245
     2.8000000        0.23668120        0.00491348
     2.9000000        0.23990180        0.00508462
     3.0000000        0.24710464        0.00503969
     3.1000000        0.25542201        0.00485760
     3.2000000        0.26257350        0.00452944
     3.3000000        0.27148819        0.00442065
     3.4000000        0.28580141        0.00497224
     3.5000000        0.30016271        0.00457388
     3.6000000        0.31739773        0.00451035
     3.7000000        0.33465986        0.00448589
     3.8000000        0.35830530        0.00470672
     3.9000000        0.38055486        0.00422300
     4.0000000        0.40686821        0.00428318
     4.1000000        0.43747881        0.00463611
     4.2000000        0.46681721        0.00472522
     4.3000000        0.50450592        0.00474744
     4.4000000        0.54693946        0.00524016
     4.5000000        0.59484288        0.00537624
     4.6000000        0.65459427        0.00491663
     4.7000000        0.71894841        0.00511401
     4.8000000        0.79681443        0.00473817
     4.9000000        0.88875403        0.00464343
     5.0000000        1.00283618        0.00484284
