     0.0000000        2.00000000        0.00000020
     0.1000000        1.76413192        0.00164070
     0.2000000        1.58256713        0.00208203
     0.3000000        1.43103974        0.00396596
     0.4000000        1.30724374        0.00445834
     0.5000000        1.19886680        0.00497531
     0.6000000        1.10166292        0.00434806
     0.7000000        1.01959841        0.00380246
     0.8000000        0.93824478        0.00524080
     0.9000000        0.86523282        0.00591661
     1.0000000        0.80315193        0.00490191
     1.1000000        0.74480223        0.00491252
     1.2000000        0.69279870        0.00405482
     1.3000000        0.64386057        0.00305884
     1.4000000        0.60305996        0.00307582
     1.5000000        0.56207721        0.00455345
     1.6000000        0.52177384        0.00429507
     1.7000000        0.48668998        0.00491772
     1.8000000        0.45168613        0.00361150
     1.9000000        0.42182289        0.00460729
     2.0000000        0.39303902        0.00417028
     2.1000000        0.36936957        0.00408896
     2.2000000        0.34708299        0.00513033
     2.3000000        0.32341509        0.00445616
     2.4000000        0.30327205        0.00419172
     2.5000000        0.28112415        0.00380457
     2.6000000        0.26239811        0.00361693
     2.7000000        0.24866026        0.00408496
     2.8000000        0.23591228        0.00494976
     2.9000000        0.22347767        0.00550928
     3.0000000        0.20984864        0.00451052
     3.1000000        0.19862091        0.00408210
     3.2000000        0.18796223        0.00418038
     3.3000000        0.17697835        0.00420197
     3.4000000        0.16952741        0.00494971
     3.5000000        0.16001943        0.00460913
     3.6000000        0.15200867        0.00423020
     3.7000000        0.14270350        0.00328589
     3.8000000        0.13781066        0.00345300
     3.9000000        0.13141151        0.00409533
     4.0000000        0.12599396        0.00367143
     4.1000000        0.11992712        0.00405710
     4.2000000        0.11553136        0.00355574
     4.3000000        0.10826748        0.00366020
     4.4000000        0.10532419        0.00377376
     4.5000000        0.10455403        0.00309327
     4.6000000        0.10197620        0.00303953
     4.7000000        0.10202216        0.00272211
     4.8000000        0.10211177        0.00286211
     4.9000000        0.10054537        0.00266835
     5.0000000        0.09775033        0.00327936
     5.1000000        0.09749812        0.00324523
     5.2000000        0.09615617        0.00328207
     5.3000000        0.09512223        0.00307964
     5.4000000        0.09833075        0.00285502
     5.5000000        0.10005906        0.00455146
     5.6000000        0.10219252        0.00498558
     5.7000000        0.10252035        0.00475565
     5.8000000        0.10639739        0.00481502
     5.9000000        0.11052174        0.00449786
     6.0000000        0.11405281        0.00320964
     6.1000000        0.12139897        0.00274937
     6.2000000        0.12767982        0.00315446
     6.3000000        0.13353235        0.00275071
     6.4000000        0.14096618        0.00266845
     6.5000000        0.14631907        0.00456740
     6.6000000        0.15324638        0.00489379
     6.7000000        0.16199962        0.00498403
     6.8000000        0.17089842        0.00619447
     6.9000000        0.18208992        0.00530742
     7.0000000        0.19359100        0.00566523
     7.1000000        0.20491669        0.00578226
     7.2000000        0.22126367        0.00530011
     7.3000000        0.23592189        0.00658435
     7.4000000        0.25326970        0.00555807
     7.5000000        0.27468102        0.00542794
     7.6000000        0.29601653        0.00492032
     7.7000000        0.31582785        0.00614600
     7.8000000        0.34175010        0.00530939
     7.9000000        0.36736051        0.00444897
     8.0000000        0.39429085        0.00364010
     8.1000000        0.42388432        0.00463249
     8.2000000        0.45450445        0.00433738
     8.3000000        0.48850305        0.00418325
     8.4000000        0.52426352        0.00300854
     8.5000000        0.56594525        0.00230232
     8.6000000        0.60681559        0.00304121
     8.7000000        0.65016691        0.00366075
     8.8000000        0.69922940        0.00344745
     8.9000000        0.75135723        0.00300155
     9.0000000        0.80854027        0.00344938
     9.1000000        0.87105873        0.00387343
     9.2000000        0.94261871        0.00295553
     9.3000000        1.01689543        0.00333840
     9.4000000        1.10215888        0.00259898
     9.5000000        1.19793964        0.00263300
     9.6000000        1.30744211        0.00292963
     9.7000000        1.43211617        0.00298137
     9.8000000        1.58273110        0.00280511
     9.9000000        1.76671681        0.00191534
    10.0000000        2.00000000        0.00000008
