     0.0000000        1.24463816        0.01143274
     0.1000000        0.97785894        0.04238914
     0.2000000        0.84177260        0.04342012
     0.3000000        0.69965453        0.04674936
     0.4000000        0.54497926        0.04045047
     0.5000000        0.44860062        0.05500388
     0.6000000        0.37152335        0.10056698
     0.7000000        0.29121399        0.14324922
     0.8000000        0.32454203        0.04094581
     0.9000000        0.24261884        0.03097500
     1.0000000        0.22410777        0.06917957
     1.1000000        0.16933967        0.05069010
     1.2000000        0.15621245        0.02569449
     1.3000000        0.13617387        0.03455045
     1.4000000        0.10196288        0.01865804
     1.5000000        0.13214004        0.02391052
     1.6000000        0.13242744        0.02193445
     1.7000000        0.10396411        0.07324517
     1.8000000        0.09950763        0.06392903
     1.9000000        0.10589381        0.03150841
     2.0000000        0.09985784        0.09142736
     2.1000000        0.05676661        0.10049733
     2.2000000        0.42437022        0.39602921
     2.3000000        0.11050012        0.03159448
     2.4000000        0.01078244        0.04141365
     2.5000000       -0.02090471        0.07641727
     2.6000000        0.11932791        0.10437923
     2.7000000        0.03230889        0.00689715
     2.8000000        0.03584179        0.02846005
     2.9000000        0.09626249        0.10653873
     3.0000000        0.03631378        0.17780998
     3.1000000       -0.08030893        0.19168406
     3.2000000        0.13783908        0.27599648
     3.3000000        0.32012674        0.30222065
     3.4000000        0.63266007        0.75310232
     3.5000000        0.34380730        0.38032797
     3.6000000        0.14148631        0.19443436
     3.7000000        0.25930662        0.29326613
     3.8000000        0.18323604        0.06284067
     3.9000000        0.04515262        0.04873937
     4.0000000        0.02534162        0.03582737
     4.1000000        0.08891359        0.05114098
     4.2000000        0.07642707        0.02358276
     4.3000000       -0.19764592        0.47479761
     4.4000000       -0.76253080        0.94635015
     4.5000000       -2.36348739        2.96734699
     4.6000000       -0.86367932        1.28869058
     4.7000000       -0.06869460        1.01929938
     4.8000000       -0.03624606        0.39901130
     4.9000000       -0.43165976        0.71051536
     5.0000000       -0.14163454        0.39204883
     5.1000000       -0.58571486        0.52737624
     5.2000000       -0.08532776        0.05312716
     5.3000000       -0.03652481        0.02557057
     5.4000000        0.07346927        0.04619017
     5.5000000        0.00354437        0.07525719
     5.6000000       -0.05368798        0.05574633
     5.7000000       -0.08656047        0.04307230
     5.8000000       -0.03739746        0.05230642
     5.9000000        0.07946796        0.06836812
     6.0000000        0.01700143        0.02882047
     6.1000000        0.15137892        0.22307863
     6.2000000        0.05668639        0.09617503
     6.3000000       -0.03948221        0.00969036
     6.4000000       -0.10905850        0.15841676
     6.5000000       -0.18725239        0.35608001
     6.6000000        0.08604007        0.01651553
     6.7000000        0.00191893        0.04835086
     6.8000000        0.01954390        0.01029959
     6.9000000        0.01328862        0.02605790
     7.0000000        0.03265994        0.01620677
     7.1000000        0.04516813        0.05712422
     7.2000000        0.02226075        0.05131482
     7.3000000        0.05988383        0.11609672
     7.4000000        0.12658108        0.22772759
     7.5000000        0.06809530        0.13470197
     7.6000000        0.06067921        0.06731655
     7.7000000        0.10133294        0.12729285
     7.8000000        0.06867215        0.09361142
     7.9000000        0.20529895        0.23194135
     8.0000000       -0.01839271        0.26897886
     8.1000000       -0.23984208        0.27400783
     8.2000000       -0.05543376        0.06366568
     8.3000000        0.00954480        0.17125296
     8.4000000        0.25956548        0.08246948
     8.5000000        0.24845983        0.07347718
     8.6000000        0.28127831        0.04285196
     8.7000000        0.26283530        0.02074252
     8.8000000        0.19691967        0.05153047
     8.9000000        0.26427444        0.06999685
     9.0000000        0.34061845        0.06203726
     9.1000000        0.49687586        0.17808755
     9.2000000        0.44663591        0.11953979
     9.3000000        0.42419007        0.02992944
     9.4000000        0.46979825        0.04415220
     9.5000000        0.51771651        0.06057267
     9.6000000        0.59992551        0.01521600
     9.7000000        0.72906526        0.05860769
     9.8000000        0.86980679        0.01789712
     9.9000000        1.00865026        0.01344984
    10.0000000        1.24463816        0.01143274
