     0.0000000        0.57406462        0.05193402
     0.1000000        0.49914140        0.06708773
     0.2000000        0.42419813        0.04372620
     0.3000000        0.33533026        0.02992796
     0.4000000        0.27309111        0.03579111
     0.5000000        0.26286691        0.02755960
     0.6000000        0.27658004        0.04419890
     0.7000000        0.19430471        0.04907693
     0.8000000        0.22388048        0.03128280
     0.9000000        0.21250929        0.03261748
     1.0000000        0.14536336        0.03515871
     1.1000000        0.09927409        0.04951846
     1.2000000        0.09346873        0.04656538
     1.3000000        0.09610461        0.04517839
     1.4000000        0.11806231        0.02561231
     1.5000000        0.14216954        0.02944639
     1.6000000        0.09825242        0.06177567
     1.7000000        0.08489087        0.03918994
     1.8000000        0.06188122        0.02738161
     1.9000000        0.02747959        0.01416010
     2.0000000        0.04986488        0.04425869
     2.1000000        0.02400809        0.04580462
     2.2000000        0.01069675        0.02161674
     2.3000000       -0.00829314        0.04334584
     2.4000000       -0.03787768        0.14839968
     2.5000000       -0.01052276        0.09594224
     2.6000000       -0.15993113        0.16159249
     2.7000000       -0.08311316        0.10412055
     2.8000000       -0.26590741        0.27971693
     2.9000000       -0.05412821        0.09362109
     3.0000000       -0.01998945        0.07518266
     3.1000000        0.04601924        0.07330952
     3.2000000        0.04140623        0.09283704
     3.3000000        0.03218597        0.04966948
     3.4000000       -0.04333594        0.03246445
     3.5000000       -0.05324381        0.01827820
     3.6000000        0.06965972        0.08454614
     3.7000000       -0.05863796        0.09742624
     3.8000000       -0.01352193        0.02741739
     3.9000000       -0.41174931        0.39856416
     4.0000000       -0.09009834        0.09045175
     4.1000000        0.10312692        0.08883781
     4.2000000       -0.01123887        0.02125401
     4.3000000        0.08575135        0.06509305
     4.4000000        0.06041921        0.03246575
     4.5000000        0.09897230        0.07931485
     4.6000000        0.01659974        0.08410771
     4.7000000       -0.01902721        0.06027843
     4.8000000       -0.06103568        0.07216339
     4.9000000       -0.19671540        0.19073767
     5.0000000       -0.24101214        0.25290518
     5.1000000       -0.01095954        0.07490463
     5.2000000        0.02326825        0.44099270
     5.3000000       -0.06277378        0.09916982
     5.4000000       -0.16814579        0.25498078
     5.5000000       -0.07068576        0.10330225
     5.6000000       -0.24419683        0.26344490
     5.7000000       -0.53324819        0.48034604
     5.8000000       -0.66800854        0.47587306
     5.9000000       -0.26521260        0.17028841
     6.0000000       -0.13196861        0.14672215
     6.1000000       -0.00871268        0.05681460
     6.2000000       -0.00713162        0.08742635
     6.3000000       -0.01301933        0.04358565
     6.4000000       -0.12867613        0.08401748
     6.5000000       -0.14599377        0.10281399
     6.6000000       -0.11067598        0.08011314
     6.7000000        0.01867632        0.07654688
     6.8000000        0.07344495        0.13296253
     6.9000000        0.00602550        0.05114110
     7.0000000        0.02013003        0.02572220
     7.1000000        0.01622056        0.04337739
     7.2000000        0.01541383        0.03351057
     7.3000000        0.01953704        0.06172004
     7.4000000        0.08634223        0.01970732
     7.5000000        0.02719595        0.06027687
     7.6000000        0.19048462        0.13939217
     7.7000000        0.30501160        0.28651785
     7.8000000        0.09962834        0.10196663
     7.9000000       -0.01569874        0.03887424
     8.0000000        0.01863857        0.09868300
     8.1000000        0.07305131        0.06782381
     8.2000000        0.14084533        0.09210543
     8.3000000        0.02126705        0.04645629
     8.4000000        0.01094780        0.05298549
     8.5000000       -0.04457258        0.11485873
     8.6000000       -0.06709551        0.15268315
     8.7000000       -0.17656086        0.21401774
     8.8000000       -0.25239457        0.41720927
     8.9000000        0.07602754        0.18504038
     9.0000000        0.14520826        0.07917366
     9.1000000        0.26912770        0.12631272
     9.2000000        0.34094459        0.13544532
     9.3000000        0.24504710        0.03630016
     9.4000000        0.25880645        0.02661588
     9.5000000        0.23191918        0.06323010
     9.6000000        0.27251424        0.06418751
     9.7000000        0.37351134        0.04947893
     9.8000000        0.42214462        0.06611368
     9.9000000        0.45343940        0.05882306
    10.0000000        0.57406462        0.05193402
