     0.0000000        0.23415545        0.01458865
     0.1000000        0.13667118        0.01498002
     0.2000000        0.08089998        0.01512881
     0.3000000        0.04974580        0.01455307
     0.4000000        0.03174696        0.01360910
     0.5000000        0.02107831        0.01287734
     0.6000000        0.01533292        0.01209021
     0.7000000        0.01226301        0.01153487
     0.8000000        0.01134591        0.01034287
     0.9000000        0.01078362        0.00926449
     1.0000000        0.01006487        0.00826325
     1.1000000        0.00877993        0.00794637
     1.2000000        0.00809086        0.00864641
     1.3000000        0.00919913        0.00832324
     1.4000000        0.00884073        0.00797610
     1.5000000        0.00811404        0.00758226
     1.6000000        0.00775299        0.00727718
     1.7000000        0.00886195        0.00642898
     1.8000000        0.00933553        0.00639546
     1.9000000        0.00882094        0.00626410
     2.0000000        0.00774017        0.00589923
     2.1000000        0.00677364        0.00587248
     2.2000000        0.00620834        0.00608514
     2.3000000        0.00518793        0.00610598
     2.4000000        0.00419059        0.00643164
     2.5000000        0.00382691        0.00693800
     2.6000000        0.00237615        0.00805710
     2.7000000        0.00070706        0.00833916
     2.8000000        0.00098627        0.00780881
     2.9000000        0.00003888        0.00801772
     3.0000000       -0.00042719        0.00820049
     3.1000000       -0.00057409        0.00820624
     3.2000000       -0.00025197        0.00754147
     3.3000000        0.00020768        0.00709770
     3.4000000        0.00170584        0.00658717
     3.5000000        0.00233331        0.00657227
     3.6000000        0.00242158        0.00701145
     3.7000000        0.00277705        0.00708501
     3.8000000        0.00322384        0.00710589
     3.9000000        0.00302406        0.00705720
     4.0000000        0.00317597        0.00712791
     4.1000000        0.00228111        0.00755018
     4.2000000        0.00214222        0.00788894
     4.3000000        0.00196633        0.00808799
     4.4000000        0.00009203        0.00856475
     4.5000000       -0.00038412        0.00908772
     4.6000000       -0.00152996        0.00945680
     4.7000000       -0.00107080        0.00892007
     4.8000000       -0.00043152        0.00844292
     4.9000000       -0.00016872        0.00809124
     5.0000000        0.00071191        0.00748608
     5.1000000        0.00143013        0.00707181
     5.2000000        0.00167103        0.00672579
     5.3000000        0.00159048        0.00674651
     5.4000000        0.00203417        0.00691920
     5.5000000        0.00150352        0.00730490
     5.6000000       -0.00006727        0.00785724
     5.7000000       -0.00074823        0.00793229
     5.8000000       -0.00087160        0.00799680
     5.9000000        0.00055810        0.00732119
     6.0000000        0.00118010        0.00707595
     6.1000000        0.00200973        0.00680715
     6.2000000        0.00186051        0.00667768
     6.3000000        0.00170097        0.00658826
     6.4000000        0.00120808        0.00664686
     6.5000000        0.00119386        0.00662521
     6.6000000        0.00173787        0.00629946
     6.7000000        0.00135805        0.00638829
     6.8000000        0.00135729        0.00642411
     6.9000000        0.00048798        0.00660276
     7.0000000        0.00087245        0.00682852
     7.1000000        0.00151352        0.00706973
     7.2000000        0.00144878        0.00726279
     7.3000000        0.00157282        0.00723808
     7.4000000        0.00198726        0.00723147
     7.5000000        0.00154214        0.00714331
     7.6000000        0.00145999        0.00708662
     7.7000000        0.00139785        0.00707269
     7.8000000        0.00113569        0.00692381
     7.9000000        0.00223615        0.00667159
     8.0000000        0.00251363        0.00714965
     8.1000000        0.00376830        0.00752166
     8.2000000        0.00379655        0.00789890
     8.3000000        0.00468471        0.00791019
     8.4000000        0.00540471        0.00821703
     8.5000000        0.00627832        0.00837797
     8.6000000        0.00649608        0.00875976
     8.7000000        0.00574257        0.00963818
     8.8000000        0.00615294        0.01018852
     8.9000000        0.00658416        0.01042660
     9.0000000        0.00697439        0.01106154
     9.1000000        0.00834766        0.01115486
     9.2000000        0.01019503        0.01143211
     9.3000000        0.01317651        0.01182770
     9.4000000        0.01805539        0.01164169
     9.5000000        0.02436745        0.01195178
     9.6000000        0.03616276        0.01216105
     9.7000000        0.05503822        0.01291418
     9.8000000        0.08619617        0.01364121
     9.9000000        0.13894860        0.01431502
    10.0000000        0.23415545        0.01458865
