     0.0000000        1.38552883        0.00608802
     0.1000000        1.19356559        0.05992433
     0.2000000        0.93842925        0.01628828
     0.3000000        0.80720168        0.08256834
     0.4000000        0.64868043        0.06347467
     0.5000000        0.53993559        0.06598804
     0.6000000        0.46083919        0.11811097
     0.7000000        0.38428849        0.17590754
     0.8000000        0.31897058        0.07783658
     0.9000000        0.26159131        0.05202939
     1.0000000        0.26697150        0.04387297
     1.1000000        0.24463226        0.08197454
     1.2000000        0.20358124        0.03894594
     1.3000000        0.13291789        0.02814825
     1.4000000        0.11322051        0.02109785
     1.5000000        0.11364917        0.01993691
     1.6000000        0.06966778        0.09061743
     1.7000000        0.11516650        0.09144102
     1.8000000        0.16027932        0.09622609
     1.9000000        0.20999430        0.15654029
     2.0000000        0.08588207        0.07653599
     2.1000000        0.19252321        0.16874810
     2.2000000       -0.16085198        0.32657177
     2.3000000        0.02726192        0.04713505
     2.4000000        0.06133434        0.08232402
     2.5000000       -0.04635051        0.01469042
     2.6000000       -0.05926590        0.04551305
     2.7000000       -0.02282081        0.03135613
     2.8000000       -0.14870139        0.11918596
     2.9000000       -0.10808848        0.16226722
     3.0000000        0.01950697        0.15309135
     3.1000000       -0.00098611        0.24710455
     3.2000000       -0.12381396        0.20661397
     3.3000000       -0.13671397        0.16341386
     3.4000000       -0.30259162        0.33596334
     3.5000000       -0.06366454        0.08365975
     3.6000000       -0.00942127        0.02777995
     3.7000000       -0.11079021        0.11153215
     3.8000000        0.00693088        0.03141506
     3.9000000       -0.03009635        0.05519813
     4.0000000       -0.00609026        0.02957435
     4.1000000       -0.02585069        0.05433657
     4.2000000        0.01961488        0.02735392
     4.3000000       -0.34130917        0.49039598
     4.4000000       -0.96002556        1.11148040
     4.5000000       -2.43166702        2.85031185
     4.6000000       -1.00254391        0.95547828
     4.7000000       -0.40625497        0.20679863
     4.8000000       -0.23994646        0.14991453
     4.9000000       -0.44530984        0.49319868
     5.0000000       -0.13529369        0.28662601
     5.1000000        0.05207176        0.45534364
     5.2000000        0.07080422        0.11302964
     5.3000000        0.01029326        0.04804409
     5.4000000       -0.01411179        0.02936268
     5.5000000        0.16022869        0.18361632
     5.6000000        0.11448403        0.07954403
     5.7000000        0.15526848        0.18300060
     5.8000000       -0.03148688        0.08268690
     5.9000000       -0.08695615        0.02280478
     6.0000000       -0.05592401        0.05083272
     6.1000000        0.18438237        0.30392438
     6.2000000       -0.07862911        0.02367995
     6.3000000       -0.05544013        0.05133792
     6.4000000       -0.12645171        0.13575442
     6.5000000       -0.33799294        0.39413095
     6.6000000       -0.01660268        0.01627574
     6.7000000       -0.05328593        0.05890932
     6.8000000       -0.05054856        0.01311667
     6.9000000       -0.02588775        0.00703698
     7.0000000       -0.02030026        0.03102105
     7.1000000       -0.03656978        0.03309159
     7.2000000        0.00023876        0.00940049
     7.3000000        0.06311746        0.07980386
     7.4000000        0.13983641        0.12210400
     7.5000000        0.06683243        0.10142877
     7.6000000        0.04626767        0.03652676
     7.7000000        0.08721669        0.03320976
     7.8000000        0.02821114        0.02424903
     7.9000000       -0.03070894        0.05507293
     8.0000000        0.24262954        0.21088296
     8.1000000        0.58293790        0.37321676
     8.2000000        0.38526421        0.26528700
     8.3000000        0.59790912        0.41470624
     8.4000000        0.27933288        0.06942483
     8.5000000        0.17892395        0.09524504
     8.6000000        0.21150480        0.06827581
     8.7000000        0.17259815        0.07612010
     8.8000000        0.23347183        0.07989007
     8.9000000        0.29973261        0.09654641
     9.0000000        0.24742505        0.06579505
     9.1000000        0.33456392        0.04979279
     9.2000000        0.38925697        0.07092332
     9.3000000        0.46484336        0.06561605
     9.4000000        0.50776839        0.03196518
     9.5000000        0.52811849        0.03365399
     9.6000000        0.71110837        0.08538461
     9.7000000        0.69546237        0.09418858
     9.8000000        0.91393166        0.04339204
     9.9000000        1.14781173        0.01089401
    10.0000000        1.38552883        0.00608802
