     0.0000000        2.00000000        0.00000004
     0.1000000        1.58210679        0.00888281
     0.2000000        1.26646514        0.01063677
     0.3000000        1.02643489        0.01070433
     0.4000000        0.83294368        0.01038456
     0.5000000        0.68131795        0.00564450
     0.6000000        0.56127917        0.00905632
     0.7000000        0.46075451        0.00961135
     0.8000000        0.38723448        0.00237397
     0.9000000        0.32012334        0.00583396
     1.0000000        0.26510496        0.00596894
     1.1000000        0.21824173        0.00502210
     1.2000000        0.17938238        0.00552931
     1.3000000        0.14711656        0.00646877
     1.4000000        0.12039952        0.00118994
     1.5000000        0.10160219        0.00071897
     1.6000000        0.08512530        0.00030590
     1.7000000        0.07090375        0.00259541
     1.8000000        0.05431725        0.00544605
     1.9000000        0.04441563        0.00178050
     2.0000000        0.03780796        0.00404798
     2.1000000        0.03173304        0.00566162
     2.2000000        0.02800914        0.00958318
     2.3000000        0.02419264        0.00491529
     2.4000000        0.02137847        0.00258387
     2.5000000        0.01623747        0.00268285
     2.6000000        0.01628286        0.00300863
     2.7000000        0.01283645        0.00091361
     2.8000000        0.00957032        0.00183058
     2.9000000        0.01025606        0.00522093
     3.0000000        0.00838323        0.00215431
     3.1000000        0.01365689        0.00127351
     3.2000000        0.01305979        0.00286190
     3.3000000        0.01112181        0.00220552
     3.4000000        0.01117012        0.00278560
     3.5000000        0.00913918        0.00266840
     3.6000000        0.00662759        0.00521544
     3.7000000        0.00640673        0.00351801
     3.8000000        0.00459515        0.00301888
     3.9000000        0.00328942        0.00477016
     4.0000000        0.00261611        0.00500162
     4.1000000        0.00276772        0.00416631
     4.2000000        0.00365154        0.00526102
     4.3000000        0.00229249        0.00983734
     4.4000000        0.00088176        0.01356917
     4.5000000       -0.00253852        0.01827679
     4.6000000       -0.00105422        0.01168773
     4.7000000       -0.00376543        0.00878945
     4.8000000       -0.00201202        0.00492817
     4.9000000        0.00023875        0.00499469
     5.0000000        0.00031820        0.00743307
     5.1000000       -0.00180190        0.01448818
     5.2000000        0.00554219        0.00710582
     5.3000000        0.00379089        0.00520275
     5.4000000        0.00490295        0.00347913
     5.5000000        0.00869466        0.00618186
     5.6000000        0.00533861        0.00400515
     5.7000000        0.00545071        0.00403971
     5.8000000        0.00420952        0.00154001
     5.9000000        0.00104072        0.00338594
     6.0000000        0.00266823        0.00529638
     6.1000000        0.00473636        0.00460577
     6.2000000        0.00270487        0.00545304
     6.3000000        0.00600696        0.00572915
     6.4000000        0.00607063        0.00405952
     6.5000000        0.00310151        0.00571391
     6.6000000        0.00781153        0.00144398
     6.7000000        0.01132489        0.00072056
     6.8000000        0.00945128        0.00138386
     6.9000000        0.01246682        0.00271685
     7.0000000        0.00880723        0.00420298
     7.1000000        0.01225741        0.00448234
     7.2000000        0.01317948        0.00314124
     7.3000000        0.01779137        0.00167468
     7.4000000        0.01901303        0.00187364
     7.5000000        0.02207023        0.00186422
     7.6000000        0.02288402        0.00141785
     7.7000000        0.03071520        0.00282406
     7.8000000        0.03357136        0.00216633
     7.9000000        0.03802212        0.00190244
     8.0000000        0.04611356        0.00232630
     8.1000000        0.05322155        0.00202743
     8.2000000        0.06065310        0.00328625
     8.3000000        0.07564409        0.00021482
     8.4000000        0.09368338        0.00384136
     8.5000000        0.11570402        0.00449475
     8.6000000        0.13856848        0.00443222
     8.7000000        0.16344224        0.00570021
     8.8000000        0.19577700        0.01318200
     8.9000000        0.23000254        0.01195714
     9.0000000        0.27001279        0.01113077
     9.1000000        0.32422280        0.01059804
     9.2000000        0.38507539        0.00429133
     9.3000000        0.46307988        0.00860670
     9.4000000        0.56573973        0.00974307
     9.5000000        0.69079890        0.00746946
     9.6000000        0.84093479        0.01108306
     9.7000000        1.03428325        0.00710405
     9.8000000        1.28081566        0.00415061
     9.9000000        1.58940285        0.00502806
    10.0000000        2.00000000        0.00000004
