     0.0000000        0.62363360        0.02462379
     0.1000000        0.50429418        0.03307939
     0.2000000        0.37410490        0.06694138
     0.3000000        0.36956484        0.03848939
     0.4000000        0.28071723        0.05256410
     0.5000000        0.25451823        0.05952288
     0.6000000        0.24934271        0.02637931
     0.7000000        0.25056489        0.02320986
     0.8000000        0.20509805        0.04869869
     0.9000000        0.24222390        0.03130160
     1.0000000        0.23475592        0.04705282
     1.1000000        0.17173845        0.06473045
     1.2000000        0.14517023        0.09642370
     1.3000000       -0.22366686        0.34609719
     1.4000000        0.05953111        0.15457222
     1.5000000        0.23546402        0.06025378
     1.6000000        0.09374900        0.13070565
     1.7000000        0.00984935        0.19915843
     1.8000000       -0.24561383        0.44688432
     1.9000000       -0.05429321        0.17526264
     2.0000000        0.00264580        0.12640158
     2.1000000       -0.13703399        0.23071577
     2.2000000        0.02750795        0.09038585
     2.3000000        0.09353596        0.04325803
     2.4000000        0.12666080        0.02289446
     2.5000000        0.15127619        0.03531391
     2.6000000        0.12250333        0.01936532
     2.7000000        0.16027580        0.03218574
     2.8000000        0.07906530        0.05500709
     2.9000000        0.10574563        0.03476410
     3.0000000        0.13642117        0.03593803
     3.1000000        0.24052737        0.10249731
     3.2000000        0.50279376        0.42323976
     3.3000000        0.20552436        0.05130297
     3.4000000        0.27563589        0.07617159
     3.5000000        0.40888085        0.16467471
     3.6000000        0.27703954        0.07861923
     3.7000000        0.29399411        0.12059062
     3.8000000        0.33896201        0.07591676
     3.9000000        0.43694068        0.21902073
     4.0000000        0.41791630        0.20738095
     4.1000000        0.22532556        0.02272994
     4.2000000        0.65418980        0.40058372
     4.3000000        0.44581112        0.16722173
     4.4000000        0.26346266        0.02118093
     4.5000000        0.31417570        0.02200018
     4.6000000        0.33768827        0.03043289
     4.7000000        0.42415907        0.02044629
     4.8000000        0.45595532        0.01820695
     4.9000000        0.51069544        0.05368416
     5.0000000        0.62363360        0.02462379
