     0.0000000        0.80663665        0.02412391
     0.1000000        0.58440861        0.06170711
     0.2000000        0.53130903        0.01721854
     0.3000000        0.47543078        0.03331909
     0.4000000        0.40731265        0.02992015
     0.5000000        0.39785855        0.06402684
     0.6000000        0.32198416        0.05446419
     0.7000000        0.27957161        0.06176872
     0.8000000        0.22239611        0.04707515
     0.9000000        0.17840309        0.03749011
     1.0000000        0.15675454        0.03553761
     1.1000000        0.07500332        0.03140485
     1.2000000        0.06632122        0.02506346
     1.3000000        0.10599421        0.04295990
     1.4000000        0.07485606        0.05655240
     1.5000000        0.09929900        0.04912677
     1.6000000        0.06382678        0.02490256
     1.7000000        0.08281782        0.03013793
     1.8000000        0.06650183        0.03704600
     1.9000000       -0.01923813        0.02042614
     2.0000000       -0.01589692        0.03782169
     2.1000000       -0.00579410        0.02141012
     2.2000000       -0.01370039        0.02324068
     2.3000000        0.00839542        0.03642358
     2.4000000        0.12017327        0.06385176
     2.5000000        0.10021969        0.05220387
     2.6000000        0.08474431        0.05302924
     2.7000000        0.09301603        0.05337413
     2.8000000       -0.18118945        0.26408169
     2.9000000       -0.02378433        0.10004358
     3.0000000        0.02390515        0.04701440
     3.1000000        0.06676362        0.03539052
     3.2000000        0.04137982        0.06931661
     3.3000000        0.03845193        0.02559757
     3.4000000        0.04436633        0.06788475
     3.5000000        0.01745212        0.04963337
     3.6000000        0.04540580        0.04032071
     3.7000000        0.09682934        0.05864986
     3.8000000        0.05976300        0.03741406
     3.9000000        0.13981646        0.07420234
     4.0000000        0.14555489        0.09184030
     4.1000000        0.04630388        0.04879838
     4.2000000        0.01904814        0.01277172
     4.3000000        0.02712799        0.02581375
     4.4000000        0.04100985        0.03593397
     4.5000000        0.01582608        0.03326093
     4.6000000        0.00389796        0.03361386
     4.7000000       -0.03747400        0.06351158
     4.8000000        0.10968253        0.05790897
     4.9000000        0.03384015        0.02595449
     5.0000000        0.08321256        0.09667751
     5.1000000        0.01951119        0.04914528
     5.2000000       -0.19575680        0.20440131
     5.3000000       -0.00415113        0.10946339
     5.4000000       -0.14388369        0.18844786
     5.5000000       -0.01598269        0.09096963
     5.6000000       -0.09482177        0.18438553
     5.7000000       -0.19145697        0.32771587
     5.8000000       -0.25858690        0.30274035
     5.9000000       -0.10230754        0.07179437
     6.0000000       -0.00750677        0.08111225
     6.1000000       -0.01479276        0.04185812
     6.2000000       -0.05711894        0.10587225
     6.3000000       -0.15877731        0.11672169
     6.4000000       -0.00706710        0.07612737
     6.5000000       -0.07566604        0.04684586
     6.6000000        0.05219697        0.06202326
     6.7000000       -0.08877255        0.08689153
     6.8000000        0.05129173        0.18761775
     6.9000000       -0.01468239        0.06552349
     7.0000000       -0.05511335        0.04818117
     7.1000000       -0.03208939        0.04259548
     7.2000000       -0.02607709        0.03607220
     7.3000000        0.01322320        0.08953710
     7.4000000        0.04133859        0.03894155
     7.5000000        0.09380185        0.06941878
     7.6000000       -0.00067616        0.05704233
     7.7000000        0.00610846        0.03391094
     7.8000000       -0.04096779        0.05382091
     7.9000000        0.00971470        0.02068027
     8.0000000       -0.00108590        0.05717139
     8.1000000        0.08350982        0.03881748
     8.2000000        0.14878455        0.05550485
     8.3000000        0.06644385        0.04152950
     8.4000000        0.04622806        0.02921226
     8.5000000        0.05376716        0.03710955
     8.6000000       -0.19361606        0.30075385
     8.7000000       -0.09708889        0.19637369
     8.8000000       -0.16801536        0.31699337
     8.9000000        0.00455146        0.14885281
     9.0000000        0.14372164        0.07777453
     9.1000000        0.16653989        0.11127602
     9.2000000        0.11606586        0.09470031
     9.3000000        0.20793840        0.03695564
     9.4000000        0.25468332        0.03743238
     9.5000000        0.33223748        0.02447717
     9.6000000        0.38165257        0.01354198
     9.7000000        0.46743524        0.03020045
     9.8000000        0.54796944        0.03729848
     9.9000000        0.65337037        0.02939903
    10.0000000        0.80663665        0.02412391
