     0.0000000        1.00000000        0.00000000
     0.0500000        0.95369792        0.00341142
     0.1000000        0.91182292        0.00756790
     0.1500000        0.87458333        0.00974936
     0.2000000        0.84187500        0.01232208
     0.2500000        0.81526042        0.01429933
     0.3000000        0.79286458        0.01658360
     0.3500000        0.76979167        0.01908285
     0.4000000        0.75020833        0.01982284
     0.4500000        0.73203125        0.02138269
     0.5000000        0.71270833        0.02200813
     0.5500000        0.69697917        0.02225443
     0.6000000        0.68380208        0.02256382
     0.6500000        0.67187500        0.02210600
     0.7000000        0.66203125        0.02297171
     0.7500000        0.64875000        0.02384496
     0.8000000        0.63781250        0.02499244
     0.8500000        0.62661458        0.02573073
     0.9000000        0.61333333        0.02715319
     0.9500000        0.59739583        0.03030618
     1.0000000        0.58114583        0.03284148
     1.0500000        0.56406250        0.03564928
     1.1000000        0.54718750        0.03777563
     1.1500000        0.53062500        0.04091635
     1.2000000        0.51390625        0.04334323
     1.2500000        0.49880208        0.04712481
     1.3000000        0.48687500        0.05013296
     1.3500000        0.47411458        0.05243321
     1.4000000        0.46463542        0.05284821
     1.4500000        0.44843750        0.05218127
     1.5000000        0.43552083        0.05211419
     1.5500000        0.42130208        0.05047613
     1.6000000        0.40656250        0.05053558
     1.6500000        0.39286458        0.05053143
     1.7000000        0.37989583        0.05073993
     1.7500000        0.36807292        0.05088362
     1.8000000        0.35322917        0.05053924
     1.8500000        0.33578125        0.05011042
     1.9000000        0.31578125        0.04801961
     1.9500000        0.29781250        0.04506119
     2.0000000        0.28265625        0.04254222
     2.0500000        0.26619792        0.03894848
     2.1000000        0.24776042        0.03630806
     2.1500000        0.22890625        0.03421815
     2.2000000        0.21546875        0.03316276
     2.2500000        0.20479167        0.03403834
     2.3000000        0.18932292        0.03625449
     2.3500000        0.17854167        0.03857878
     2.4000000        0.17145833        0.04017775
     2.4500000        0.16072917        0.04180033
     2.5000000        0.15364583        0.04245135
     2.5500000        0.14406250        0.04350808
     2.6000000        0.13536458        0.04635413
     2.6500000        0.12552083        0.04837592
     2.7000000        0.11640625        0.05054891
     2.7500000        0.10593750        0.05087829
     2.8000000        0.09614583        0.05108601
     2.8500000        0.08864583        0.05092905
     2.9000000        0.08010417        0.05038936
     2.9500000        0.07411458        0.05015945
     3.0000000        0.07093750        0.05107999
     3.0500000        0.06859375        0.05095404
     3.1000000        0.06343750        0.05072737
     3.1500000        0.05979167        0.04959009
     3.2000000        0.05682292        0.04958365
     3.2500000        0.05192708        0.04977853
     3.3000000        0.05098958        0.04925874
     3.3500000        0.05161458        0.04862703
     3.4000000        0.05458333        0.04791571
     3.4500000        0.05588542        0.04726607
     3.5000000        0.05786458        0.04764227
     3.5500000        0.05411458        0.04846644
     3.6000000        0.04979167        0.04876571
     3.6500000        0.04510417        0.04917014
     3.7000000        0.04250000        0.04938236
     3.7500000        0.04067708        0.04979215
     3.8000000        0.04364583        0.05012316
     3.8500000        0.04604167        0.04988412
     3.9000000        0.05234375        0.04864878
     3.9500000        0.05677083        0.04679982
     4.0000000        0.05552083        0.04641756
     4.0500000        0.05291667        0.04682007
     4.1000000        0.04890625        0.04766562
     4.1500000        0.04822917        0.04759782
     4.2000000        0.04208333        0.04776874
     4.2500000        0.03843750        0.04673623
     4.3000000        0.03703125        0.04636365
     4.3500000        0.03614583        0.04692273
     4.4000000        0.03385417        0.04706945
     4.4500000        0.03041667        0.04723394
     4.5000000        0.02807292        0.04809393
     4.5500000        0.02692708        0.04836048
     4.6000000        0.02713542        0.04759855
     4.6500000        0.02640625        0.04909473
     4.7000000        0.02286458        0.04925835
     4.7500000        0.02515625        0.05106056
     4.8000000        0.02604167        0.05196161
     4.8500000        0.02359375        0.05220426
     4.9000000        0.02583333        0.05364096
     4.9500000        0.02635417        0.05478209
     5.0000000        0.02927083        0.05594089
     5.0500000        0.03453125        0.05666884
     5.1000000        0.04171875        0.05908829
     5.1500000        0.04520833        0.06106405
     5.2000000        0.04921875        0.06323290
     5.2500000        0.05005208        0.06497027
     5.3000000        0.05192708        0.06442728
     5.3500000        0.05364583        0.06366040
     5.4000000        0.05796875        0.06416743
     5.4500000        0.06328125        0.06502702
     5.5000000        0.06895833        0.06564727
     5.5500000        0.07286458        0.06560104
     5.6000000        0.08015625        0.06662203
     5.6500000        0.08921875        0.06866792
     5.7000000        0.09380208        0.07032624
     5.7500000        0.09572917        0.07097507
     5.8000000        0.09302083        0.07088937
     5.8500000        0.09291667        0.07030383
     5.9000000        0.08885417        0.07017217
     5.9500000        0.08588542        0.06993709
     6.0000000        0.08296875        0.06949159
     6.0500000        0.07744792        0.07063057
     6.1000000        0.07343750        0.07171974
     6.1500000        0.07177083        0.07194119
     6.2000000        0.07286458        0.07165187
     6.2500000        0.07317708        0.07070823
     6.3000000        0.07286458        0.06964822
     6.3500000        0.07296875        0.06877099
     6.4000000        0.07234375        0.06636714
     6.4500000        0.07067708        0.06502634
     6.5000000        0.07000000        0.06429931
     6.5500000        0.07395833        0.06291876
     6.6000000        0.07588542        0.06138339
     6.6500000        0.07729167        0.06000093
     6.7000000        0.07781250        0.05927411
     6.7500000        0.07723958        0.05804875
     6.8000000        0.07234375        0.05758029
     6.8500000        0.06479167        0.05612430
     6.9000000        0.05921875        0.05463854
     6.9500000        0.05385417        0.05321785
     7.0000000        0.04583333        0.05271376
     7.0500000        0.03947917        0.05237372
     7.1000000        0.03119792        0.05183677
     7.1500000        0.01901042        0.05063112
     7.2000000        0.00968750        0.04861860
     7.2500000       -0.00192708        0.04752993
     7.3000000       -0.01250000        0.04576450
     7.3500000       -0.01921875        0.04388815
     7.4000000       -0.02416667        0.04216999
     7.4500000       -0.02989583        0.04004548
     7.5000000       -0.03541667        0.03733455
     7.5500000       -0.03588542        0.03534817
     7.6000000       -0.04229167        0.03328395
     7.6500000       -0.04817708        0.03197904
     7.7000000       -0.05552083        0.02991420
     7.7500000       -0.06625000        0.02748368
     7.8000000       -0.07458333        0.02632863
     7.8500000       -0.08317708        0.02589581
     7.9000000       -0.09140625        0.02543071
     7.9500000       -0.10062500        0.02841568
     8.0000000       -0.10968750        0.03218001
     8.0500000       -0.12177083        0.03788745
     8.1000000       -0.12958333        0.04218484
     8.1500000       -0.13848958        0.04566849
     8.2000000       -0.14328125        0.04868726
     8.2500000       -0.14703125        0.05119133
     8.3000000       -0.15140625        0.05154252
     8.3500000       -0.15729167        0.05174070
     8.4000000       -0.16026042        0.05422589
     8.4500000       -0.16552083        0.05583373
     8.5000000       -0.16859375        0.05590223
     8.5500000       -0.17281250        0.05607362
     8.6000000       -0.18057292        0.05636217
     8.6500000       -0.19046875        0.05711791
     8.7000000       -0.19692708        0.05807410
     8.7500000       -0.20187500        0.05966510
     8.8000000       -0.20807292        0.06073417
     8.8500000       -0.21604167        0.06053429
     8.9000000       -0.22229167        0.06028847
     8.9500000       -0.22812500        0.05977624
     9.0000000       -0.23333333        0.05921890
     9.0500000       -0.23989583        0.05866641
     9.1000000       -0.24796875        0.05719281
     9.1500000       -0.25401042        0.05567918
     9.2000000       -0.26156250        0.05484674
     9.2500000       -0.26802083        0.05444901
     9.3000000       -0.27187500        0.05485406
     9.3500000       -0.27989583        0.05451069
     9.4000000       -0.28697917        0.05493063
     9.4500000       -0.29229167        0.05463578
     9.5000000       -0.29880208        0.05505558
     9.5500000       -0.30083333        0.05423255
     9.6000000       -0.30093750        0.05443274
     9.6500000       -0.29880208        0.05365114
     9.7000000       -0.29739583        0.05299116
     9.7500000       -0.29145833        0.05225076
     9.8000000       -0.28552083        0.05219249
     9.8500000       -0.27338542        0.05161033
     9.9000000       -0.26656250        0.05070191
     9.9500000       -0.26177083        0.05077955
    10.0000000       -0.25552083        0.05053183
    10.0500000       -0.24817708        0.04971480
    10.1000000       -0.23661458        0.04941539
    10.1500000       -0.23000000        0.04909900
    10.2000000       -0.22401042        0.04962784
    10.2500000       -0.21796875        0.04947706
    10.3000000       -0.21546875        0.04850031
    10.3500000       -0.21244792        0.04576481
    10.4000000       -0.20817708        0.04458591
    10.4500000       -0.20526042        0.04516409
    10.5000000       -0.19911458        0.04442110
    10.5500000       -0.19635417        0.04388187
    10.6000000       -0.19276042        0.04147334
    10.6500000       -0.18656250        0.04018749
    10.7000000       -0.18244792        0.03819276
    10.7500000       -0.17895833        0.03780663
    10.8000000       -0.17515625        0.03854259
    10.8500000       -0.16848958        0.04012019
    10.9000000       -0.16432292        0.04230116
    10.9500000       -0.16088542        0.04369554
    11.0000000       -0.15869792        0.04473467
    11.0500000       -0.15838542        0.04530127
    11.1000000       -0.15729167        0.04645958
    11.1500000       -0.15281250        0.04813674
    11.2000000       -0.15250000        0.04784476
    11.2500000       -0.15203125        0.04792014
    11.3000000       -0.15223958        0.04852994
    11.3500000       -0.15093750        0.04819826
    11.4000000       -0.15270833        0.04767024
    11.4500000       -0.15328125        0.04782229
    11.5000000       -0.15614583        0.04798926
    11.5500000       -0.15953125        0.04821324
    11.6000000       -0.16473958        0.04898515
    11.6500000       -0.16833333        0.04957407
    11.7000000       -0.17213542        0.04907660
    11.7500000       -0.17161458        0.04884563
    11.8000000       -0.16869792        0.04969876
    11.8500000       -0.16500000        0.04983521
    11.9000000       -0.16734375        0.05015466
    11.9500000       -0.16489583        0.05212757
    12.0000000       -0.16052083        0.05373960
    12.0500000       -0.15578125        0.05490060
    12.1000000       -0.15473958        0.05521812
    12.1500000       -0.15489583        0.05575736
    12.2000000       -0.15104167        0.05624790
    12.2500000       -0.14953125        0.05791583
    12.3000000       -0.15244792        0.05913151
    12.3500000       -0.15145833        0.06081644
    12.4000000       -0.15130208        0.06058702
    12.4500000       -0.15239583        0.05960744
    12.5000000       -0.15104167        0.05883782
    12.5500000       -0.14703125        0.05681796
    12.6000000       -0.14343750        0.05603088
    12.6500000       -0.13807292        0.05796582
    12.7000000       -0.13380208        0.05801375
    12.7500000       -0.13052083        0.05801928
    12.8000000       -0.12895833        0.05881076
    12.8500000       -0.12572917        0.05817371
    12.9000000       -0.12114583        0.05712614
    12.9500000       -0.11244792        0.05700455
    13.0000000       -0.11052083        0.05562310
    13.0500000       -0.10395833        0.05588745
    13.1000000       -0.10281250        0.05504491
    13.1500000       -0.10635417        0.05351101
    13.2000000       -0.10500000        0.05046862
    13.2500000       -0.10625000        0.04721307
    13.3000000       -0.10817708        0.04475848
    13.3500000       -0.11072917        0.04294957
    13.4000000       -0.11062500        0.04174841
    13.4500000       -0.10979167        0.04094651
    13.5000000       -0.11005208        0.03976262
    13.5500000       -0.11109375        0.03929561
    13.6000000       -0.11390625        0.03864030
    13.6500000       -0.11520833        0.03713522
    13.7000000       -0.11494792        0.03603952
    13.7500000       -0.11421875        0.03613593
    13.8000000       -0.11729167        0.03583451
    13.8500000       -0.11677083        0.03647584
    13.9000000       -0.11979167        0.03610833
    13.9500000       -0.12348958        0.03618693
    14.0000000       -0.12718750        0.03504558
    14.0500000       -0.12723958        0.03317962
    14.1000000       -0.12822917        0.03196050
    14.1500000       -0.12906250        0.03077527
    14.2000000       -0.12651042        0.03129691
    14.2500000       -0.12479167        0.03106509
    14.3000000       -0.12598958        0.03074483
    14.3500000       -0.12166667        0.03104648
    14.4000000       -0.11687500        0.03253564
    14.4500000       -0.10911458        0.03361404
    14.5000000       -0.10531250        0.03472325
    14.5500000       -0.09963542        0.03317466
    14.6000000       -0.09364583        0.03358362
    14.6500000       -0.08666667        0.03359520
    14.7000000       -0.08510417        0.03337824
    14.7500000       -0.08343750        0.03279295
    14.8000000       -0.08276042        0.03240066
    14.8500000       -0.08093750        0.03324272
    14.9000000       -0.07687500        0.03437439
    14.9500000       -0.07354167        0.03494187
    15.0000000       -0.07098958        0.03496368
    15.0500000       -0.06588542        0.03570302
    15.1000000       -0.06026042        0.03626375
    15.1500000       -0.05671875        0.03692781
    15.2000000       -0.04750000        0.03627190
    15.2500000       -0.04036458        0.03427926
    15.3000000       -0.03770833        0.03252208
    15.3500000       -0.03390625        0.03110308
    15.4000000       -0.03098958        0.03128608
    15.4500000       -0.02880208        0.03147814
    15.5000000       -0.02140625        0.03123110
    15.5500000       -0.01333333        0.03209994
    15.6000000       -0.00031250        0.03347835
    15.6500000        0.01468750        0.03523941
    15.7000000        0.02744792        0.03682331
    15.7500000        0.03473958        0.03889871
    15.8000000        0.04265625        0.04196215
    15.8500000        0.05302083        0.04434475
    15.9000000        0.06406250        0.04736773
    15.9500000        0.07375000        0.04940817
    16.0000000        0.08197917        0.05061399
    16.0500000        0.08802083        0.05197363
    16.1000000        0.09421875        0.05247670
    16.1500000        0.10098958        0.05307283
    16.2000000        0.10802083        0.05418458
    16.2500000        0.11406250        0.05444620
    16.3000000        0.12057292        0.05533073
    16.3500000        0.12286458        0.05562099
    16.4000000        0.12828125        0.05566141
    16.4500000        0.13375000        0.05535298
    16.5000000        0.14151042        0.05391848
    16.5500000        0.15093750        0.05297469
    16.6000000        0.16026042        0.05345763
    16.6500000        0.16718750        0.05299236
    16.7000000        0.17281250        0.05241954
    16.7500000        0.17968750        0.05144217
    16.8000000        0.18984375        0.05146028
    16.8500000        0.20000000        0.05138638
    16.9000000        0.20947917        0.05190905
    16.9500000        0.21921875        0.05233026
    17.0000000        0.22942708        0.05280647
    17.0500000        0.23838542        0.04996050
    17.1000000        0.24692708        0.04726572
    17.1500000        0.25822917        0.04465546
    17.2000000        0.26572917        0.04255184
    17.2500000        0.26911458        0.04116841
    17.3000000        0.27260417        0.04131841
    17.3500000        0.27807292        0.04252707
    17.4000000        0.28458333        0.04376766
    17.4500000        0.29640625        0.04209964
    17.5000000        0.30401042        0.04224335
    17.5500000        0.31692708        0.04074656
    17.6000000        0.32916667        0.03986899
    17.6500000        0.34072917        0.04034946
    17.7000000        0.35052083        0.04031688
    17.7500000        0.35979167        0.04005108
    17.8000000        0.37192708        0.04039796
    17.8500000        0.38546875        0.03966105
    17.9000000        0.39375000        0.04005259
    17.9500000        0.40161458        0.03993461
    18.0000000        0.40906250        0.03927246
    18.0500000        0.41328125        0.03950904
    18.1000000        0.41354167        0.03893122
    18.1500000        0.41718750        0.03876762
    18.2000000        0.41921875        0.03811675
    18.2500000        0.42645833        0.03805345
    18.3000000        0.43151042        0.03837608
    18.3500000        0.43562500        0.03788567
    18.4000000        0.44187500        0.03919689
    18.4500000        0.44619792        0.03972639
    18.5000000        0.45192708        0.03981568
    18.5500000        0.45875000        0.04053960
    18.6000000        0.46567708        0.04157122
    18.6500000        0.47718750        0.04195425
    18.7000000        0.48755208        0.04262034
    18.7500000        0.49286458        0.04201323
    18.8000000        0.49895833        0.04173011
    18.8500000        0.50729167        0.04233472
    18.9000000        0.51786458        0.04309931
    18.9500000        0.53020833        0.04250124
    19.0000000        0.54765625        0.04023587
    19.0500000        0.56843750        0.03807458
    19.1000000        0.58687500        0.03629121
    19.1500000        0.60348958        0.03487299
    19.2000000        0.61942708        0.03302651
    19.2500000        0.63583333        0.03060695
    19.3000000        0.64895833        0.02807868
    19.3500000        0.66583333        0.02627106
    19.4000000        0.68260417        0.02424397
    19.4500000        0.69723958        0.02329164
    19.5000000        0.71630208        0.02371401
    19.5500000        0.73333333        0.02373019
    19.6000000        0.75348958        0.02247983
    19.6500000        0.76885417        0.02085790
    19.7000000        0.79104167        0.01930135
    19.7500000        0.81817708        0.01600185
    19.8000000        0.84510417        0.01205318
    19.8500000        0.87906250        0.00938911
    19.9000000        0.91906250        0.00642849
    19.9500000        0.95562500        0.00418068
    20.0000000        1.00000000        0.00000000
