     0.0000000        0.42431908        0.00958690
     0.1000000        0.36481509        0.01012153
     0.2000000        0.31573911        0.00991307
     0.3000000        0.27344654        0.01005962
     0.4000000        0.23854798        0.01002476
     0.5000000        0.20990883        0.00943281
     0.6000000        0.18508934        0.00857176
     0.7000000        0.16190800        0.00762335
     0.8000000        0.14237934        0.00696417
     0.9000000        0.12483761        0.00602439
     1.0000000        0.10987015        0.00520331
     1.1000000        0.09806113        0.00476277
     1.2000000        0.08694210        0.00442083
     1.3000000        0.07614347        0.00438882
     1.4000000        0.06623260        0.00446245
     1.5000000        0.05855634        0.00455997
     1.6000000        0.05240674        0.00431482
     1.7000000        0.04619915        0.00417376
     1.8000000        0.04107775        0.00394903
     1.9000000        0.03559120        0.00408272
     2.0000000        0.03064576        0.00458735
     2.1000000        0.02568003        0.00478973
     2.2000000        0.02186082        0.00456626
     2.3000000        0.01827823        0.00427408
     2.4000000        0.01529055        0.00392381
     2.5000000        0.01292776        0.00368616
     2.6000000        0.01046138        0.00344016
     2.7000000        0.00791593        0.00321068
     2.8000000        0.00627508        0.00302515
     2.9000000        0.00615317        0.00298295
     3.0000000        0.00564832        0.00295844
     3.1000000        0.00476828        0.00320247
     3.2000000        0.00498276        0.00352833
     3.3000000        0.00366493        0.00333668
     3.4000000        0.00269228        0.00340999
     3.5000000        0.00201019        0.00330732
     3.6000000        0.00126946        0.00318820
     3.7000000        0.00010961        0.00333641
     3.8000000       -0.00078117        0.00348786
     3.9000000       -0.00145108        0.00347223
     4.0000000       -0.00186231        0.00337091
     4.1000000       -0.00138580        0.00336881
     4.2000000       -0.00021998        0.00325369
     4.3000000       -0.00029987        0.00342514
     4.4000000       -0.00032018        0.00350074
     4.5000000        0.00038793        0.00372510
     4.6000000        0.00116250        0.00430735
     4.7000000        0.00132209        0.00483764
     4.8000000        0.00101925        0.00532905
     4.9000000        0.00084240        0.00517525
     5.0000000        0.00175457        0.00524796
     5.1000000        0.00270884        0.00487493
     5.2000000        0.00394297        0.00452629
     5.3000000        0.00451584        0.00418464
     5.4000000        0.00531652        0.00421697
     5.5000000        0.00354720        0.00387736
     5.6000000        0.00243924        0.00396749
     5.7000000        0.00171486        0.00401010
     5.8000000        0.00124529        0.00403023
     5.9000000        0.00075032        0.00408086
     6.0000000        0.00166696        0.00420638
     6.1000000        0.00121756        0.00408892
     6.2000000        0.00122434        0.00398025
     6.3000000        0.00104527        0.00401676
     6.4000000        0.00081433        0.00393828
     6.5000000        0.00088395        0.00386268
     6.6000000        0.00077085        0.00400648
     6.7000000        0.00090246        0.00372934
     6.8000000        0.00195019        0.00394093
     6.9000000        0.00346174        0.00440485
     7.0000000        0.00510722        0.00475475
     7.1000000        0.00799704        0.00501029
     7.2000000        0.01029749        0.00466962
     7.3000000        0.01154821        0.00482458
     7.4000000        0.01281321        0.00496898
     7.5000000        0.01332533        0.00548665
     7.6000000        0.01412159        0.00574569
     7.7000000        0.01583061        0.00588066
     7.8000000        0.01986933        0.00585398
     7.9000000        0.02225968        0.00595791
     8.0000000        0.02559482        0.00580885
     8.1000000        0.02845696        0.00544583
     8.2000000        0.03176844        0.00537081
     8.3000000        0.03635591        0.00482940
     8.4000000        0.04225535        0.00433894
     8.5000000        0.04948861        0.00393725
     8.6000000        0.05807783        0.00410697
     8.7000000        0.06771882        0.00411906
     8.8000000        0.07775457        0.00468181
     8.9000000        0.08887930        0.00480854
     9.0000000        0.10184322        0.00488936
     9.1000000        0.11785943        0.00549600
     9.2000000        0.13524262        0.00537937
     9.3000000        0.15388100        0.00484242
     9.4000000        0.17784601        0.00529915
     9.5000000        0.20436414        0.00599893
     9.6000000        0.23572423        0.00733481
     9.7000000        0.27236788        0.00821697
     9.8000000        0.31411429        0.00862024
     9.9000000        0.36393371        0.00879123
    10.0000000        0.42431908        0.00958690
