     0.0000000        0.92562500        0.07630790
     0.0500000        0.87166667        0.07276000
     0.1000000        0.84208333        0.06880479
     0.1500000        0.81552083        0.06788657
     0.2000000        0.79052083        0.06932088
     0.2500000        0.76770833        0.06749385
     0.3000000        0.74583333        0.06184018
     0.3500000        0.73000000        0.05616948
     0.4000000        0.70770833        0.05282681
     0.4500000        0.67770833        0.05112799
     0.5000000        0.66739583        0.05372716
     0.5500000        0.66677083        0.05582460
     0.6000000        0.66729167        0.05394361
     0.6500000        0.65916667        0.05678984
     0.7000000        0.64552083        0.05785072
     0.7500000        0.63666667        0.05835763
     0.8000000        0.63104167        0.06293523
     0.8500000        0.61447917        0.06523508
     0.9000000        0.59250000        0.06417367
     0.9500000        0.57031250        0.06003531
     1.0000000        0.55093750        0.05719875
     1.0500000        0.52531250        0.05778767
     1.1000000        0.50270833        0.05860879
     1.1500000        0.47729167        0.06161184
     1.2000000        0.46187500        0.06295383
     1.2500000        0.44697917        0.06412847
     1.3000000        0.43614583        0.06096619
     1.3500000        0.43052083        0.05547328
     1.4000000        0.41656250        0.05481659
     1.4500000        0.39531250        0.05524507
     1.5000000        0.37885417        0.05397918
     1.5500000        0.36187500        0.04967157
     1.6000000        0.34614583        0.04738090
     1.6500000        0.33822917        0.05236934
     1.7000000        0.32458333        0.05416041
     1.7500000        0.31916667        0.05294902
     1.8000000        0.31916667        0.05151986
     1.8500000        0.30593750        0.05291164
     1.9000000        0.28583333        0.05392194
     1.9500000        0.25583333        0.05576023
     2.0000000        0.23145833        0.05504760
     2.0500000        0.21395833        0.05295377
     2.1000000        0.19322917        0.05536213
     2.1500000        0.17500000        0.05486318
     2.2000000        0.15447917        0.05991977
     2.2500000        0.14333333        0.05950626
     2.3000000        0.12572917        0.05996587
     2.3500000        0.11114583        0.06091894
     2.4000000        0.10135417        0.06160275
     2.4500000        0.08781250        0.06556929
     2.5000000        0.07708333        0.06554471
     2.5500000        0.06604167        0.06509982
     2.6000000        0.05739583        0.06848106
     2.6500000        0.04468750        0.07081362
     2.7000000        0.02781250        0.07375028
     2.7500000        0.01875000        0.07484488
     2.8000000        0.01479167        0.07748114
     2.8500000        0.00906250        0.07700843
     2.9000000       -0.00395833        0.07786402
     2.9500000       -0.00541667        0.07692961
     3.0000000       -0.00270833        0.07781176
     3.0500000       -0.00072917        0.07760631
     3.1000000       -0.00791667        0.07720156
     3.1500000       -0.00781250        0.07610042
     3.2000000       -0.00760417        0.07518941
     3.2500000       -0.01208333        0.07647252
     3.3000000       -0.01833333        0.07593500
     3.3500000       -0.01343750        0.07586317
     3.4000000       -0.01083333        0.07432154
     3.4500000       -0.00218750        0.07176910
     3.5000000        0.01812500        0.07311553
     3.5500000        0.02895833        0.07407606
     3.6000000        0.02781250        0.07466162
     3.6500000        0.01000000        0.07554434
     3.7000000        0.01270833        0.07702682
     3.7500000        0.01187500        0.07847815
     3.8000000        0.02302083        0.08179758
     3.8500000        0.02781250        0.07998339
     3.9000000        0.02947917        0.08150468
     3.9500000        0.03604167        0.08314437
     4.0000000        0.03177083        0.08602617
     4.0500000        0.03385417        0.08615457
     4.1000000        0.03916667        0.08512908
     4.1500000        0.04114583        0.08569681
     4.2000000        0.03958333        0.08125569
     4.2500000        0.03833333        0.07645664
     4.3000000        0.04770833        0.07241246
     4.3500000        0.05135417        0.06758325
     4.4000000        0.05385417        0.06212542
     4.4500000        0.04895833        0.06110886
     4.5000000        0.04979167        0.06213901
     4.5500000        0.04677083        0.06536935
     4.6000000        0.04520833        0.06422271
     4.6500000        0.04333333        0.06573887
     4.7000000        0.03333333        0.06597221
     4.7500000        0.02416667        0.06401679
     4.8000000        0.02260417        0.06563392
     4.8500000        0.00843750        0.06704355
     4.9000000        0.00250000        0.06576591
     4.9500000        0.00041667        0.06559453
     5.0000000       -0.00927083        0.06924017
     5.0500000       -0.00729167        0.06747280
     5.1000000        0.00093750        0.06323026
     5.1500000        0.00927083        0.06556719
     5.2000000        0.02812500        0.06805528
     5.2500000        0.02677083        0.06867914
     5.3000000        0.03437500        0.06600962
     5.3500000        0.04072917        0.06507455
     5.4000000        0.03875000        0.06461104
     5.4500000        0.04302083        0.06637657
     5.5000000        0.04666667        0.06452191
     5.5500000        0.05072917        0.06358571
     5.6000000        0.04937500        0.06400633
     5.6500000        0.05093750        0.06213844
     5.7000000        0.03947917        0.06156479
     5.7500000        0.03135417        0.06277243
     5.8000000        0.02458333        0.06152007
     5.8500000        0.02135417        0.06080373
     5.9000000        0.01729167        0.05919895
     5.9500000        0.01531250        0.05715652
     6.0000000        0.01760417        0.05619556
     6.0500000        0.01218750        0.05880199
     6.1000000        0.00489583        0.06229894
     6.1500000        0.00760417        0.06106207
     6.2000000        0.01083333        0.05843945
     6.2500000        0.01666667        0.05414229
     6.3000000        0.02000000        0.05135534
     6.3500000        0.02385417        0.05027185
     6.4000000        0.02510417        0.04700988
     6.4500000        0.02625000        0.04446363
     6.5000000        0.02312500        0.04691448
     6.5500000        0.02479167        0.04721391
     6.6000000        0.03364583        0.04676532
     6.6500000        0.03427083        0.04824221
     6.7000000        0.03500000        0.04841016
     6.7500000        0.03510417        0.05011466
     6.8000000        0.03531250        0.05388164
     6.8500000        0.03562500        0.05652138
     6.9000000        0.04239583        0.05931828
     6.9500000        0.03281250        0.05965273
     7.0000000        0.00614583        0.06123945
     7.0500000       -0.00968750        0.06593145
     7.1000000       -0.01958333        0.06775021
     7.1500000       -0.02885417        0.06722347
     7.2000000       -0.03197917        0.06723998
     7.2500000       -0.04072917        0.06464011
     7.3000000       -0.05583333        0.06224936
     7.3500000       -0.07343750        0.06083975
     7.4000000       -0.06875000        0.05626641
     7.4500000       -0.06166667        0.05293682
     7.5000000       -0.05010417        0.05042932
     7.5500000       -0.04260417        0.05020862
     7.6000000       -0.04364583        0.05121092
     7.6500000       -0.05197917        0.05047206
     7.7000000       -0.06760417        0.04738254
     7.7500000       -0.06281250        0.04911645
     7.8000000       -0.06427083        0.04897515
     7.8500000       -0.07197917        0.04925909
     7.9000000       -0.07833333        0.05164653
     7.9500000       -0.08145833        0.05221608
     8.0000000       -0.08333333        0.05651746
     8.0500000       -0.09531250        0.06100783
     8.1000000       -0.09760417        0.06493887
     8.1500000       -0.09791667        0.06920060
     8.2000000       -0.10385417        0.07679859
     8.2500000       -0.10375000        0.08126994
     8.3000000       -0.12041667        0.08444479
     8.3500000       -0.12781250        0.08484203
     8.4000000       -0.13739583        0.08804090
     8.4500000       -0.13989583        0.08777208
     8.5000000       -0.14968750        0.08472079
     8.5500000       -0.14531250        0.08302754
     8.6000000       -0.14416667        0.08143111
     8.6500000       -0.15489583        0.07994727
     8.7000000       -0.16125000        0.07850176
     8.7500000       -0.17104167        0.07607389
     8.8000000       -0.18197917        0.07640530
     8.8500000       -0.19187500        0.07298932
     8.9000000       -0.19802083        0.06895536
     8.9500000       -0.19895833        0.06929318
     9.0000000       -0.20604167        0.07003704
     9.0500000       -0.20052083        0.06884197
     9.1000000       -0.20531250        0.06842855
     9.1500000       -0.20687500        0.06732732
     9.2000000       -0.21760417        0.06527407
     9.2500000       -0.21489583        0.06494325
     9.3000000       -0.22593750        0.06455168
     9.3500000       -0.22895833        0.06420240
     9.4000000       -0.23385417        0.06587802
     9.4500000       -0.23687500        0.06803649
     9.5000000       -0.24416667        0.06976390
     9.5500000       -0.24302083        0.06763349
     9.6000000       -0.23708333        0.07017988
     9.6500000       -0.22895833        0.07052633
     9.7000000       -0.23062500        0.07074838
     9.7500000       -0.22395833        0.07093328
     9.8000000       -0.21250000        0.07431106
     9.8500000       -0.19958333        0.07316741
     9.9000000       -0.18708333        0.07219860
     9.9500000       -0.18302083        0.06843107
    10.0000000       -0.18729167        0.06708239
    10.0500000       -0.18187500        0.06839182
    10.1000000       -0.17187500        0.06923626
    10.1500000       -0.16750000        0.06977939
    10.2000000       -0.16333333        0.07004782
    10.2500000       -0.16010417        0.06986732
    10.3000000       -0.15937500        0.06762338
    10.3500000       -0.15322917        0.06207614
    10.4000000       -0.14812500        0.05870470
    10.4500000       -0.13916667        0.05900613
    10.5000000       -0.14072917        0.05840366
    10.5500000       -0.13802083        0.05978471
    10.6000000       -0.14625000        0.06058641
    10.6500000       -0.14604167        0.05926653
    10.7000000       -0.15218750        0.05783390
    10.7500000       -0.15729167        0.05835752
    10.8000000       -0.15104167        0.05862818
    10.8500000       -0.14885417        0.05838133
    10.9000000       -0.14781250        0.06039153
    10.9500000       -0.14604167        0.06272044
    11.0000000       -0.13645833        0.06382962
    11.0500000       -0.13052083        0.06152745
    11.1000000       -0.12385417        0.06054770
    11.1500000       -0.12322917        0.06169470
    11.2000000       -0.12343750        0.06019320
    11.2500000       -0.13489583        0.05833929
    11.3000000       -0.13739583        0.05725569
    11.3500000       -0.13666667        0.05623458
    11.4000000       -0.13781250        0.05512503
    11.4500000       -0.14687500        0.05262713
    11.5000000       -0.15364583        0.05421168
    11.5500000       -0.14541667        0.05442205
    11.6000000       -0.14427083        0.05120159
    11.6500000       -0.14916667        0.04977852
    11.7000000       -0.14812500        0.04912996
    11.7500000       -0.13833333        0.05067273
    11.8000000       -0.12822917        0.05207583
    11.8500000       -0.11979167        0.05688470
    11.9000000       -0.12593750        0.05714816
    11.9500000       -0.12322917        0.05891724
    12.0000000       -0.11833333        0.06067082
    12.0500000       -0.12114583        0.05759278
    12.1000000       -0.12010417        0.05543742
    12.1500000       -0.12468750        0.05455708
    12.2000000       -0.13000000        0.05091619
    12.2500000       -0.13281250        0.05121588
    12.3000000       -0.13750000        0.05106561
    12.3500000       -0.13843750        0.05684820
    12.4000000       -0.14072917        0.06247488
    12.4500000       -0.13760417        0.06543451
    12.5000000       -0.12947917        0.06489372
    12.5500000       -0.12781250        0.06160917
    12.6000000       -0.12635417        0.06148714
    12.6500000       -0.11989583        0.06045870
    12.7000000       -0.12531250        0.05799422
    12.7500000       -0.13427083        0.05539244
    12.8000000       -0.13187500        0.05833974
    12.8500000       -0.12760417        0.06086847
    12.9000000       -0.11781250        0.06081130
    12.9500000       -0.11052083        0.06412967
    13.0000000       -0.11197917        0.06676065
    13.0500000       -0.10302083        0.06911529
    13.1000000       -0.10333333        0.06862533
    13.1500000       -0.10604167        0.06924434
    13.2000000       -0.09958333        0.06761189
    13.2500000       -0.10062500        0.06807217
    13.3000000       -0.10437500        0.06920585
    13.3500000       -0.10552083        0.06820387
    13.4000000       -0.10427083        0.06783043
    13.4500000       -0.11385417        0.07112156
    13.5000000       -0.11697917        0.06854382
    13.5500000       -0.10885417        0.06927019
    13.6000000       -0.10760417        0.06420353
    13.6500000       -0.11510417        0.06254450
    13.7000000       -0.11093750        0.06139312
    13.7500000       -0.11885417        0.05951757
    13.8000000       -0.12197917        0.05925860
    13.8500000       -0.11562500        0.05757866
    13.9000000       -0.10906250        0.05790486
    13.9500000       -0.10614583        0.05858645
    14.0000000       -0.10906250        0.05842680
    14.0500000       -0.11010417        0.05375023
    14.1000000       -0.11166667        0.05205050
    14.1500000       -0.12218750        0.05102289
    14.2000000       -0.13552083        0.05186761
    14.2500000       -0.14718750        0.05528526
    14.3000000       -0.14989583        0.05860496
    14.3500000       -0.13979167        0.05709814
    14.4000000       -0.13687500        0.05726833
    14.4500000       -0.12791667        0.05786275
    14.5000000       -0.12031250        0.05249659
    14.5500000       -0.11343750        0.04950429
    14.6000000       -0.11427083        0.05121949
    14.6500000       -0.10718750        0.05008003
    14.7000000       -0.10937500        0.04773038
    14.7500000       -0.10489583        0.04805366
    14.8000000       -0.09718750        0.04862312
    14.8500000       -0.09239583        0.04898359
    14.9000000       -0.08229167        0.04836127
    14.9500000       -0.06447917        0.05036706
    15.0000000       -0.04739583        0.05363118
    15.0500000       -0.02614583        0.05775309
    15.1000000       -0.02625000        0.06227729
    15.1500000       -0.02802083        0.06403658
    15.2000000       -0.01812500        0.05982423
    15.2500000       -0.02291667        0.05728723
    15.3000000       -0.02093750        0.05863397
    15.3500000       -0.01437500        0.05650242
    15.4000000       -0.01239583        0.05364803
    15.4500000       -0.01593750        0.04789530
    15.5000000       -0.01781250        0.04266955
    15.5500000       -0.01989583        0.04400045
    15.6000000       -0.01583333        0.04375408
    15.6500000        0.00489583        0.04570145
    15.7000000        0.02406250        0.05164323
    15.7500000        0.02947917        0.05275065
    15.8000000        0.03406250        0.05599036
    15.8500000        0.03822917        0.05833885
    15.9000000        0.06062500        0.06130648
    15.9500000        0.07156250        0.06465882
    16.0000000        0.07354167        0.06545688
    16.0500000        0.07958333        0.06730043
    16.1000000        0.09166667        0.06907695
    16.1500000        0.10406250        0.06855167
    16.2000000        0.11427083        0.07047259
    16.2500000        0.12031250        0.07269746
    16.3000000        0.13114583        0.07117111
    16.3500000        0.13312500        0.07035798
    16.4000000        0.14322917        0.07013830
    16.4500000        0.15906250        0.07273351
    16.5000000        0.15812500        0.06927150
    16.5500000        0.16072917        0.06739996
    16.6000000        0.16739583        0.06770028
    16.6500000        0.17104167        0.07258203
    16.7000000        0.17583333        0.07357116
    16.7500000        0.17760417        0.07218413
    16.8000000        0.19104167        0.06890766
    16.8500000        0.21229167        0.06985186
    16.9000000        0.22812500        0.06901901
    16.9500000        0.24322917        0.07094577
    17.0000000        0.26020833        0.07532605
    17.0500000        0.27458333        0.07557055
    17.1000000        0.28458333        0.07680428
    17.1500000        0.29000000        0.07400668
    17.2000000        0.29729167        0.06932467
    17.2500000        0.29937500        0.06490765
    17.3000000        0.30083333        0.06254489
    17.3500000        0.29875000        0.06608108
    17.4000000        0.29854167        0.06677833
    17.4500000        0.29802083        0.06524280
    17.5000000        0.29916667        0.06746332
    17.5500000        0.29531250        0.06888916
    17.6000000        0.30135417        0.06840370
    17.6500000        0.31125000        0.07155464
    17.7000000        0.32833333        0.07548865
    17.7500000        0.33583333        0.07426644
    17.8000000        0.34625000        0.07513263
    17.8500000        0.34666667        0.07213508
    17.9000000        0.34916667        0.07226850
    17.9500000        0.35541667        0.07110102
    18.0000000        0.36260417        0.07139267
    18.0500000        0.35916667        0.07150289
    18.1000000        0.36270833        0.07171163
    18.1500000        0.37239583        0.07525841
    18.2000000        0.37812500        0.07802169
    18.2500000        0.38739583        0.08116476
    18.3000000        0.39916667        0.08235028
    18.3500000        0.41187500        0.08324707
    18.4000000        0.42072917        0.08461224
    18.4500000        0.42885417        0.08604959
    18.5000000        0.42760417        0.08634127
    18.5500000        0.41979167        0.08561862
    18.6000000        0.41791667        0.08779765
    18.6500000        0.42447917        0.08863789
    18.7000000        0.43812500        0.09258310
    18.7500000        0.44500000        0.09391947
    18.8000000        0.45229167        0.09161386
    18.8500000        0.46052083        0.09366786
    18.9000000        0.46666667        0.09497707
    18.9500000        0.46916667        0.09198165
    19.0000000        0.48718750        0.08975735
    19.0500000        0.51031250        0.08791594
    19.1000000        0.52916667        0.08368180
    19.1500000        0.54510417        0.08386525
    19.2000000        0.56656250        0.08539077
    19.2500000        0.57895833        0.08628612
    19.3000000        0.59531250        0.08563872
    19.3500000        0.60437500        0.08591848
    19.4000000        0.61822917        0.08539324
    19.4500000        0.63510417        0.08622768
    19.5000000        0.65583333        0.08795797
    19.5500000        0.67072917        0.08831227
    19.6000000        0.68562500        0.08136070
    19.6500000        0.69708333        0.07398388
    19.7000000        0.72083333        0.06961214
    19.7500000        0.75197917        0.06619500
    19.8000000        0.78135417        0.06890665
    19.8500000        0.81520833        0.07198769
    19.9000000        0.84822917        0.07028121
    19.9500000        0.88083333        0.07184647
    20.0000000        0.92562500        0.07630790
