   -1.000000     -1.000000
  1    1       -0.00523571        0.00018502       -0.00000000        0.00000000
   -1.000000      0.000000
  1    1       -0.04263009        0.00017442       -0.00000000        0.00000000
   -1.000000      1.000000
  1    1       -0.00526416        0.00010146       -0.00000000        0.00000000
   -1.000000      2.000000
  1    1       -0.00447534        0.00009348       -0.00000000        0.00000000
    0.000000     -1.000000
  1    1       -0.04294953        0.00034758       -0.00000000        0.00000000
    0.000000      0.000000
  1    1        0.22832050        0.00128550       -0.00000000        0.00000000
    0.000000      1.000000
  1    1       -0.04294953        0.00034758       -0.00000000        0.00000000
    0.000000      2.000000
  1    1       -0.00538312        0.00017559       -0.00000000        0.00000000
    1.000000     -1.000000
  1    1       -0.00526416        0.00010146       -0.00000000        0.00000000
    1.000000      0.000000
  1    1       -0.04263009        0.00017442       -0.00000000        0.00000000
    1.000000      1.000000
  1    1       -0.00523571        0.00018502       -0.00000000        0.00000000
    1.000000      2.000000
  1    1       -0.00447534        0.00009348       -0.00000000        0.00000000
    2.000000     -1.000000
  1    1       -0.00436268        0.00015573       -0.00000000        0.00000000
    2.000000      0.000000
  1    1       -0.00510537        0.00010962       -0.00000000        0.00000000
    2.000000      1.000000
  1    1       -0.00436268        0.00015573       -0.00000000        0.00000000
    2.000000      2.000000
  1    1       -0.00797875        0.00034678       -0.00000000        0.00000000
