   -1.570796     -1.570796
  1    1        0.23077332        0.00131822        0.00000000        0.00000000
   -1.570796      0.000000
  1    1        0.15884779        0.00107187        0.00000000        0.00000000
   -1.570796      1.570796
  1    1        0.23088715        0.00104220        0.00000000        0.00000000
   -1.570796      3.141593
  1    1        0.31319519        0.00234459        0.00000000        0.00000000
    0.000000     -1.570796
  1    1        0.16026753        0.00207213        0.00000000        0.00000000
    0.000000      0.000000
  1    1        0.00001821        0.00003838       -0.00000000        0.00000000
    0.000000      1.570796
  1    1        0.16026753        0.00207213        0.00000000        0.00000000
    0.000000      3.141593
  1    1        0.23126656        0.00211483        0.00000000        0.00000000
    1.570796     -1.570796
  1    1        0.23088715        0.00104220        0.00000000        0.00000000
    1.570796      0.000000
  1    1        0.15884779        0.00107187        0.00000000        0.00000000
    1.570796      1.570796
  1    1        0.23077332        0.00131822        0.00000000        0.00000000
    1.570796      3.141593
  1    1        0.31319519        0.00234459        0.00000000        0.00000000
    3.141593     -1.570796
  1    1        0.31288649        0.00123153        0.00000000        0.00000000
    3.141593      0.000000
  1    1        0.23043942        0.00064373        0.00000000        0.00000000
    3.141593      1.570796
  1    1        0.31288649        0.00123153        0.00000000        0.00000000
    3.141593      3.141593
  1    1        0.37768880        0.00095959        0.00000000        0.00000000
