   1.0000000000000000                1          16
 ( 0.99999999999999800     , -9.8111655665514351E-005)
  -1.5707963267948966       -1.5707963267948966     
 ( 0.23062460508748228     , -2.6653470554770242E-013)
  -1.5707963267948966        0.0000000000000000     
 ( 0.16137025124115867     , -2.8210311690812784E-013)
  -1.5707963267948966        1.5707963267948966     
 ( 0.23048990230753374     , -1.5682385403302523E-013)
  -1.5707963267948966        3.1415926535897931     
 ( 0.31514755116799720     , -5.0730903852769238E-013)
   0.0000000000000000       -1.5707963267948966     
 ( 0.15974557996817629     , -3.1323416625241018E-013)
   0.0000000000000000        0.0000000000000000     
 (  16.000026339910224     , -3.1395729662693126E-003)
   0.0000000000000000        1.5707963267948966     
 ( 0.15974557996817607     , -3.1547542898337222E-013)
   0.0000000000000000        3.1415926535897931     
 ( 0.23140469432252597     ,  3.3838600324576085E-014)
   1.5707963267948966       -1.5707963267948966     
 ( 0.23048990230753352     , -1.5771203245272536E-013)
   1.5707963267948966        0.0000000000000000     
 ( 0.16137025124115867     , -2.8329947979535697E-013)
   1.5707963267948966        1.5707963267948966     
 ( 0.23062460508748261     , -2.6649307218427898E-013)
   1.5707963267948966        3.1415926535897931     
 ( 0.31514755116799720     , -5.0775179958988115E-013)
   3.1415926535897931       -1.5707963267948966     
 ( 0.31287149986777207     , -3.1047942537255901E-013)
   3.1415926535897931        0.0000000000000000     
 ( 0.23182902497435298     , -3.6024568744741359E-014)
   3.1415926535897931        1.5707963267948966     
 ( 0.31287149986777185     , -3.1183248257876661E-013)
   3.1415926535897931        3.1415926535897931     
 ( 0.37687980905474827     , -5.3847031000753276E-013)
   1.0000000000000000                1          16
 (  1.0000000000000067     , -1.8363157851054247E-004)
  -1.5707963267948966       -1.5707963267948966     
 ( 0.23166670906949316     ,  4.6404644449965504E-013)
  -1.5707963267948966        0.0000000000000000     
 ( 0.16095398934667515     ,  3.5046851488626518E-013)
  -1.5707963267948966        1.5707963267948966     
 ( 0.23216617390677430     ,  2.3414012699160547E-013)
  -1.5707963267948966        3.1415926535897931     
 ( 0.31222954409756265     , -2.9471802602543118E-013)
   0.0000000000000000       -1.5707963267948966     
 ( 0.16162508493216654     , -9.4019572943054852E-014)
   0.0000000000000000        0.0000000000000000     
 (  15.999896015771597     , -5.8762105136960464E-003)
   0.0000000000000000        1.5707963267948966     
 ( 0.16162508493216654     , -9.4817545742004183E-014)
   0.0000000000000000        3.1415926535897931     
 ( 0.23028007189949729     ,  2.2333361288789932E-013)
   1.5707963267948966       -1.5707963267948966     
 ( 0.23216617390677441     ,  2.3380706008421792E-013)
   1.5707963267948966        0.0000000000000000     
 ( 0.16095398934667338     ,  3.4905037844465414E-013)
   1.5707963267948966        1.5707963267948966     
 ( 0.23166670906949316     ,  4.6408818628329573E-013)
   1.5707963267948966        3.1415926535897931     
 ( 0.31222954409756265     , -2.9493904063829235E-013)
   3.1415926535897931       -1.5707963267948966     
 ( 0.31409560768067557     ,  2.1415752201117688E-013)
   3.1415926535897931        0.0000000000000000     
 ( 0.22998404436894604     ,  8.4435334158500241E-014)
   3.1415926535897931        1.5707963267948966     
 ( 0.31409560768067557     ,  2.1435869572428157E-013)
   3.1415926535897931        3.1415926535897931     
 ( 0.37713393510709636     , -1.6294122084578588E-013)
   1.0000000000000000                1          16
 (  1.0000000000000069     ,  4.5571635511210294E-005)
  -1.5707963267948966       -1.5707963267948966     
 ( 0.23131466630207376     ,  4.7195374778402632E-014)
  -1.5707963267948966        0.0000000000000000     
 ( 0.16066787937986404     ,  4.0637957408884429E-014)
  -1.5707963267948966        1.5707963267948966     
 ( 0.23276812007037284     ,  6.9150821136940155E-015)
  -1.5707963267948966        3.1415926535897931     
 ( 0.31653858059810036     ,  5.9987307005418544E-014)
   0.0000000000000000       -1.5707963267948966     
 ( 0.16325973885523959     ,  1.5785242308153508E-013)
   0.0000000000000000        0.0000000000000000     
 (  16.000025533707092     ,  1.4582923329954467E-003)
   0.0000000000000000        1.5707963267948966     
 ( 0.16325973885523981     ,  1.5672138337519820E-013)
   0.0000000000000000        3.1415926535897931     
 ( 0.23513374953991073     , -1.9160717392059656E-013)
   1.5707963267948966       -1.5707963267948966     
 ( 0.23276812007037284     ,  7.8032605333941407E-015)
   1.5707963267948966        0.0000000000000000     
 ( 0.16066787937986493     ,  3.9885765046668298E-014)
   1.5707963267948966        1.5707963267948966     
 ( 0.23131466630207420     ,  4.7681070246621826E-014)
   1.5707963267948966        3.1415926535897931     
 ( 0.31653858059810014     ,  6.0654511469838968E-014)
   3.1415926535897931       -1.5707963267948966     
 ( 0.31508515774298929     ,  9.6769340045439745E-014)
   3.1415926535897931        0.0000000000000000     
 ( 0.23154841657142222     ,  7.8909873969280897E-014)
   3.1415926535897931        1.5707963267948966     
 ( 0.31508515774298929     ,  9.7303648428567757E-014)
   3.1415926535897931        3.1415926535897931     
 ( 0.38045563610526023     ,  1.3672328785623022E-013)
   1.0000000000000000                1          16
 (  1.0000000000000036     , -1.2873510644281705E-005)
  -1.5707963267948966       -1.5707963267948966     
 ( 0.22914016323217146     , -8.2368559875859414E-013)
  -1.5707963267948966        0.0000000000000000     
 ( 0.15726661210017223     , -2.6754745202075755E-013)
  -1.5707963267948966        1.5707963267948966     
 ( 0.22909841932595087     , -3.5404035456901468E-013)
  -1.5707963267948966        3.1415926535897931     
 ( 0.31220637473233981     , -5.3989368450088962E-013)
   0.0000000000000000       -1.5707963267948966     
 ( 0.15794071447725844     , -1.8796007366641762E-013)
   0.0000000000000000        0.0000000000000000     
 (  16.000011970101529     , -4.1195233186521152E-004)
   0.0000000000000000        1.5707963267948966     
 ( 0.15794071447725821     , -1.8886915685925598E-013)
   0.0000000000000000        3.1415926535897931     
 ( 0.22856443760451040     , -2.1543674504943822E-013)
   1.5707963267948966       -1.5707963267948966     
 ( 0.22909841932595087     , -3.5359626535916462E-013)
   1.5707963267948966        0.0000000000000000     
 ( 0.15726661210017401     , -2.6874401819589402E-013)
   1.5707963267948966        1.5707963267948966     
 ( 0.22914016323217168     , -8.2364378921231766E-013)
   1.5707963267948966        3.1415926535897931     
 ( 0.31220637473233981     , -5.3922632079427511E-013)
   3.1415926535897931       -1.5707963267948966     
 ( 0.31261120043183488     , -3.0177883846363440E-013)
   3.1415926535897931        0.0000000000000000     
 ( 0.22979469523014384     , -2.8555525050663957E-013)
   3.1415926535897931        1.5707963267948966     
 ( 0.31261120043183488     , -3.0224382905849091E-013)
   3.1415926535897931        3.1415926535897931     
 ( 0.37578217017602067     , -3.4421196361961170E-013)
   1.0000000000000000                1          16
 ( 0.99999999999999722     ,  2.1583890311436547E-005)
  -1.5707963267948966       -1.5707963267948966     
 ( 0.22740662446788706     ,  3.9923128008784864E-013)
  -1.5707963267948966        0.0000000000000000     
 ( 0.15603453412513724     ,  1.2840282222897903E-013)
  -1.5707963267948966        1.5707963267948966     
 ( 0.22819338689712743     ,  5.1138503560877943E-013)
  -1.5707963267948966        3.1415926535897931     
 ( 0.30642205085837260     ,  7.6695996829943131E-013)
   0.0000000000000000       -1.5707963267948966     
 ( 0.15423395576008514     ,  5.0581191118155219E-013)
   0.0000000000000000        0.0000000000000000     
 (  16.000051947732484     ,  6.9068446567964112E-004)
   0.0000000000000000        1.5707963267948966     
 ( 0.15423395576008514     ,  5.0534659871417573E-013)
   0.0000000000000000        3.1415926535897931     
 ( 0.22626229407091836     ,  6.2314559165933120E-013)
   1.5707963267948966       -1.5707963267948966     
 ( 0.22819338689712743     ,  5.1060787949154182E-013)
   1.5707963267948966        0.0000000000000000     
 ( 0.15603453412513635     ,  1.2676207197630240E-013)
   1.5707963267948966        1.5707963267948966     
 ( 0.22740662446788718     ,  4.0016191857512873E-013)
   1.5707963267948966        3.1415926535897931     
 ( 0.30642205085837260     ,  7.6784877691164419E-013)
   3.1415926535897931       -1.5707963267948966     
 ( 0.30877185940833285     ,  5.4475951608836878E-013)
   3.1415926535897931        0.0000000000000000     
 ( 0.22888945305855901     ,  4.6906314281943556E-013)
   3.1415926535897931        1.5707963267948966     
 ( 0.30877185940833285     ,  5.4418317454226622E-013)
   3.1415926535897931        3.1415926535897931     
 ( 0.37629354344807331     ,  7.9612373280173870E-013)
   1.0000000000000000                1          16
 ( 0.99999999999999889     ,  1.4981358846611013E-005)
  -1.5707963267948966       -1.5707963267948966     
 ( 0.23433843151242140     ,  6.0031684755591092E-014)
  -1.5707963267948966        0.0000000000000000     
 ( 0.15931595908375662     ,  2.2554257994664845E-014)
  -1.5707963267948966        1.5707963267948966     
 ( 0.23220964706307501     ,  8.8712674359281429E-015)
  -1.5707963267948966        3.1415926535897931     
 ( 0.31857941597652573     ,  1.3113708524029738E-013)
   0.0000000000000000       -1.5707963267948966     
 ( 0.16427814001363539     ,  3.1995371928056002E-014)
   0.0000000000000000        0.0000000000000000     
 (  16.000105018032095     ,  4.7940348554336869E-004)
   0.0000000000000000        1.5707963267948966     
 ( 0.16427814001363539     ,  3.1530418602649171E-014)
   0.0000000000000000        3.1415926535897931     
 ( 0.23609225261858224     ,  1.9935594651855973E-013)
   1.5707963267948966       -1.5707963267948966     
 ( 0.23220964706307501     ,  9.7594458556282682E-015)
   1.5707963267948966        0.0000000000000000     
 ( 0.15931595908375751     ,  2.1135748858557013E-014)
   1.5707963267948966        1.5707963267948966     
 ( 0.23433843151242151     ,  6.1405680616254815E-014)
   1.5707963267948966        3.1415926535897931     
 ( 0.31857941597652573     ,  1.3136049187420160E-013)
   3.1415926535897931       -1.5707963267948966     
 ( 0.31386863401917353     , -1.5320993036532435E-014)
   3.1415926535897931        0.0000000000000000     
 ( 0.23198050420821903     , -2.2935609168177676E-014)
   3.1415926535897931        1.5707963267948966     
 ( 0.31386863401917353     , -1.6119013269326812E-014)
   3.1415926535897931        3.1415926535897931     
 ( 0.37877871681549302     ,  2.0660854415668027E-013)
