   1.0000000000000000                1          16
 (  0.0000000000000000     ,  0.0000000000000000     )
  -1.5707963267948966       -1.5707963267948966     
 ( 0.99947259067015803     , -6.5595052865930284E-004)
  -1.5707963267948966        0.0000000000000000     
 (  1.8548144149452526     , -1.5623904943137181E-003)
  -1.5707963267948966        1.5707963267948966     
 ( 0.99852214251504079     ,  3.0372991713236501E-005)
  -1.5707963267948966        3.1415926535897931     
 ( 0.14485837564729392     ,  1.9421440831108242E-003)
   0.0000000000000000       -1.5707963267948966     
 (  1.8542276639060091     , -5.7501908419526823E-004)
   0.0000000000000000        0.0000000000000000     
 (  1.9445771345411382     , -2.5080917832486267E-005)
   0.0000000000000000        1.5707963267948966     
 (  1.8545171587983800     ,  2.8622286118522652E-004)
   0.0000000000000000        3.1415926535897931     
 ( 0.99695128671032474     , -2.2519216057554194E-004)
   1.5707963267948966       -1.5707963267948966     
 (  1.0014778574881105     ,  3.0372994006762981E-005)
   1.5707963267948966        0.0000000000000000     
 (  1.8551416243525416     ,  1.9421440808395632E-003)
   1.5707963267948966        1.5707963267948966     
 (  1.0005274093292349     , -6.5595052761300090E-004)
   1.5707963267948966        3.1415926535897931     
 ( 0.14518558505465284     , -1.5623904920577221E-003)
   3.1415926535897931       -1.5707963267948966     
 ( 0.14548284120051491     ,  2.8622286270737004E-004)
   3.1415926535897931        0.0000000000000000     
 (  1.0030487132903589     , -2.2519215881768793E-004)
   3.1415926535897931        1.5707963267948966     
 ( 0.14577233609380111     , -5.7501908289083945E-004)
   3.1415926535897931        3.1415926535897931     
 (  5.5422865457155981E-002, -2.5080917255700848E-005)
   1.0000000000000000                1          16
 (  0.0000000000000000     ,  0.0000000000000000     )
  -1.5707963267948966       -1.5707963267948966     
 (  1.0000669131819291     , -3.7435357997981408E-004)
  -1.5707963267948966        0.0000000000000000     
 (  1.8619629276035978     ,  9.6653321592382916E-004)
  -1.5707963267948966        1.5707963267948966     
 ( 0.99974179473259861     , -1.1822666295339462E-003)
  -1.5707963267948966        3.1415926535897931     
 ( 0.13666592171270317     , -1.1092859589303485E-003)
   0.0000000000000000       -1.5707963267948966     
 (  1.8476696371561019     ,  1.3856795499254037E-003)
   0.0000000000000000        0.0000000000000000     
 (  1.9397909516008864     , -1.2360457824585553E-004)
   0.0000000000000000        1.5707963267948966     
 (  1.8480951833787373     , -1.1706672585473166E-003)
   0.0000000000000000        3.1415926535897931     
 (  1.0171696436322577     ,  1.3891261102272080E-004)
   1.5707963267948966       -1.5707963267948966     
 (  1.0002582052656184     , -1.1822666303079104E-003)
   1.5707963267948966        0.0000000000000000     
 (  1.8633340782868799     , -1.1092859591376493E-003)
   1.5707963267948966        1.5707963267948966     
 ( 0.99993308681875392     , -3.7435357888610562E-004)
   1.5707963267948966        3.1415926535897931     
 ( 0.13803707239641869     ,  9.6653321786052400E-004)
   3.1415926535897931       -1.5707963267948966     
 ( 0.15190481662268127     , -1.1706672589188111E-003)
   3.1415926535897931        0.0000000000000000     
 ( 0.98283035636909855     ,  1.3891261064736946E-004)
   3.1415926535897931        1.5707963267948966     
 ( 0.15233036284223406     ,  1.3856795501464908E-003)
   3.1415926535897931        3.1415926535897931     
 (  6.0209048399610554E-002, -1.2360457920731501E-004)
   1.0000000000000000                1          16
 (  0.0000000000000000     ,  0.0000000000000000     )
  -1.5707963267948966       -1.5707963267948966     
 ( 0.99990719540040562     ,  4.2886529561387047E-005)
  -1.5707963267948966        0.0000000000000000     
 (  1.8614232875997592     , -4.2872746395867132E-003)
  -1.5707963267948966        1.5707963267948966     
 ( 0.99980939139867009     , -3.3740792719907898E-004)
  -1.5707963267948966        3.1415926535897931     
 ( 0.13843197486945263     ,  4.5248382570481577E-003)
   0.0000000000000000       -1.5707963267948966     
 (  1.8626023447141800     , -1.3478778208819741E-004)
   0.0000000000000000        0.0000000000000000     
 (  1.9401477326000636     ,  1.7682730020410968E-005)
   0.0000000000000000        1.5707963267948966     
 (  1.8627582537012721     ,  5.4911516395127170E-004)
   0.0000000000000000        3.1415926535897931     
 ( 0.99588196104287907     , -1.0479248701832016E-005)
   1.5707963267948966       -1.5707963267948966     
 (  1.0001906086028665     , -3.3740792665049003E-004)
   1.5707963267948966        0.0000000000000000     
 (  1.8615680251310864     ,  4.5248382574626968E-003)
   1.5707963267948966        1.5707963267948966     
 (  1.0000928045985473     ,  4.2886531455011193E-005)
   1.5707963267948966        3.1415926535897931     
 ( 0.13857671239980418     , -4.2872746406062683E-003)
   3.1415926535897931       -1.5707963267948966     
 ( 0.13724174629921954     ,  5.4911516360428537E-004)
   3.1415926535897931        0.0000000000000000     
 (  1.0041180389574431     , -1.0479247048199693E-005)
   3.1415926535897931        1.5707963267948966     
 ( 0.13739765528557604     , -1.3478778312964212E-004)
   3.1415926535897931        3.1415926535897931     
 (  5.9852267398885113E-002,  1.7682730086751130E-005)
   1.0000000000000000                1          16
 (  0.0000000000000000     ,  0.0000000000000000     )
  -1.5707963267948966       -1.5707963267948966     
 ( 0.99987456283963050     , -9.1484277682716048E-005)
  -1.5707963267948966        0.0000000000000000     
 (  1.8512405057971395     , -5.0773016711029714E-004)
  -1.5707963267948966        1.5707963267948966     
 ( 0.99991897394492046     ,  1.1296277918556830E-004)
  -1.5707963267948966        3.1415926535897931     
 ( 0.14872594916156018     ,  4.1978516795410700E-004)
   0.0000000000000000       -1.5707963267948966     
 (  1.8581236831355665     , -1.6112276138317391E-003)
   0.0000000000000000        0.0000000000000000     
 (  1.9349133670380432     , -4.4959716336896438E-006)
   0.0000000000000000        1.5707963267948966     
 (  1.8582368356377765     ,  1.5848668992787976E-003)
   0.0000000000000000        3.1415926535897931     
 (  1.0074924936839043     , -5.6649051704250120E-006)
   1.5707963267948966       -1.5707963267948966     
 (  1.0000810260549189     ,  1.1296277803951283E-004)
   1.5707963267948966        0.0000000000000000     
 (  1.8512740508384908     ,  4.1978516695199015E-004)
   1.5707963267948966        1.5707963267948966     
 (  1.0001254371616122     , -9.1484276039835772E-005)
   1.5707963267948966        3.1415926535897931     
 ( 0.14875949420307605     , -5.0773016409456884E-004)
   3.1415926535897931       -1.5707963267948966     
 ( 0.14176316436074693     ,  1.5848669011707425E-003)
   3.1415926535897931        0.0000000000000000     
 ( 0.99250750631602802     , -5.6649048159206697E-006)
   3.1415926535897931        1.5707963267948966     
 ( 0.14187631686475366     , -1.6112276133076445E-003)
   3.1415926535897931        3.1415926535897931     
 (  6.5086632961889629E-002, -4.4959692022855464E-006)
   1.0000000000000000                1          16
 (  0.0000000000000000     ,  0.0000000000000000     )
  -1.5707963267948966       -1.5707963267948966     
 ( 0.99971676899094664     ,  3.3139235236335574E-004)
  -1.5707963267948966        0.0000000000000000     
 (  1.8465251706670429     ,  7.8645418535470812E-003)
  -1.5707963267948966        1.5707963267948966     
 (  1.0000288015237717     , -4.1594223401294271E-005)
  -1.5707963267948966        3.1415926535897931     
 ( 0.15347964563839095     , -7.8548408938717545E-003)
   0.0000000000000000       -1.5707963267948966     
 (  1.8480066190434441     , -9.9768362283771481E-003)
   0.0000000000000000        0.0000000000000000     
 (  1.9348439506460751     , -2.8361717822264060E-005)
   0.0000000000000000        1.5707963267948966     
 (  1.8480382891186904     ,  1.0008345875885205E-002)
   0.0000000000000000        3.1415926535897931     
 (  1.0138165676199666     , -1.2997589379591676E-004)
   1.5707963267948966       -1.5707963267948966     
 ( 0.99997119847535509     , -4.1594225170767728E-005)
   1.5707963267948966        0.0000000000000000     
 (  1.8465203543614339     , -7.8548408911717719E-003)
   1.5707963267948966        1.5707963267948966     
 (  1.0002832310072729     ,  3.3139234835384080E-004)
   1.5707963267948966        3.1415926535897931     
 ( 0.15347482933450529     ,  7.8645418511252650E-003)
   3.1415926535897931       -1.5707963267948966     
 ( 0.15196171088262783     ,  1.0008345872798146E-002)
   3.1415926535897931        0.0000000000000000     
 ( 0.98618343237948369     , -1.2997588830347004E-004)
   3.1415926535897931        1.5707963267948966     
 ( 0.15199338095798981     , -9.9768362290638488E-003)
   3.1415926535897931        3.1415926535897931     
 (  6.5156049352958156E-002, -2.8361718111713535E-005)
   1.0000000000000000                1          16
 (  0.0000000000000000     ,  0.0000000000000000     )
  -1.5707963267948966       -1.5707963267948966     
 ( 0.99894912640485822     , -6.1510814796452253E-004)
  -1.5707963267948966        0.0000000000000000     
 (  1.8513914637628097     , -7.5544440880336433E-003)
  -1.5707963267948966        1.5707963267948966     
 (  1.0001441136540967     ,  7.3809157721811301E-004)
  -1.5707963267948966        3.1415926535897931     
 ( 0.14821235777320960     ,  7.6946546855818166E-003)
   0.0000000000000000       -1.5707963267948966     
 (  1.8621152754388921     , -3.7619369595803215E-003)
   0.0000000000000000        0.0000000000000000     
 (  1.9352148691874027     ,  2.2392907439437192E-004)
   0.0000000000000000        1.5707963267948966     
 (  1.8621075642268023     ,  4.1073214799811110E-003)
   0.0000000000000000        3.1415926535897931     
 ( 0.96101869407163121     , -7.1265675102730587E-004)
   1.5707963267948966       -1.5707963267948966     
 ( 0.99985588634804068     ,  7.3809157788674482E-004)
   1.5707963267948966        0.0000000000000000     
 (  1.8517876422257920     ,  7.6946546860548791E-003)
   1.5707963267948966        1.5707963267948966     
 (  1.0010508735982877     , -6.1510814818595651E-004)
   1.5707963267948966        3.1415926535897931     
 ( 0.14860853623552175     , -7.5544440889037208E-003)
   3.1415926535897931       -1.5707963267948966     
 ( 0.13789243577536825     ,  4.1073214792532627E-003)
   3.1415926535897931        0.0000000000000000     
 (  1.0389813059225710     , -7.1265675086888702E-004)
   3.1415926535897931        1.5707963267948966     
 ( 0.13788472456060830     , -3.7619369571781180E-003)
   3.1415926535897931        3.1415926535897931     
 (  6.4785130814090985E-002,  2.2392907291806765E-004)
