   -1.000000     -1.000000
  1    1        0.00090929        0.00063792        0.00002004        0.00007967
   -1.000000      0.000000
  1    1        0.33095110        0.00102996       -0.00009458        0.00003928
   -1.000000      1.000000
  1    1       -0.00054961        0.00112849        0.00002021        0.00002749
   -1.000000      2.000000
  1    1       -0.09693659        0.00222860       -0.00000246        0.00004154
    0.000000     -1.000000
  1    1        0.33091398        0.00162643       -0.00004618        0.00002938
    0.000000      0.000000
  1    1        1.00000000        0.00000000       -0.00002287        0.00004612
    0.000000      1.000000
  1    1        0.33091398        0.00162643        0.00004618        0.00002938
    0.000000      2.000000
  1    1       -0.00000000        0.00000000       -0.00000102        0.00004827
    1.000000     -1.000000
  1    1        0.00054961        0.00112849        0.00002021        0.00002749
    1.000000      0.000000
  1    1        0.33095110        0.00102996        0.00009458        0.00003928
    1.000000      1.000000
  1    1       -0.00090929        0.00063792        0.00002004        0.00007967
    1.000000      2.000000
  1    1       -0.09693659        0.00222860        0.00000246        0.00004154
    2.000000     -1.000000
  1    1       -0.09643740        0.00166683        0.00001025        0.00004554
    2.000000      0.000000
  1    1       -0.00000000        0.00000000        0.00004013        0.00006080
    2.000000      1.000000
  1    1       -0.09643740        0.00166683       -0.00001025        0.00004554
    2.000000      2.000000
  1    1       -0.00000000        0.00000000       -0.00007971        0.00004637
