   -1.570796     -1.570796
  1    1        0.99970291        0.00021967       -0.00014133        0.00018348
   -1.570796      0.000000
  1    1        1.85450867        0.00342338       -0.00070367        0.00291566
   -1.570796      1.570796
  1    1        0.99992862        0.00008127       -0.00014204        0.00035089
   -1.570796      3.141593
  1    1        0.14510317        0.00361117        0.00073503        0.00295895
    0.000000     -1.570796
  1    1        1.85570351        0.00369414       -0.00281982        0.00221454
    0.000000      0.000000
  1    1        1.93698217        0.00136669        0.00001703        0.00006379
    0.000000      1.570796
  1    1        1.85584723        0.00365495        0.00301580        0.00217580
    0.000000      3.141593
  1    1        0.99907587        0.01138547       -0.00014397        0.00016594
    1.570796     -1.570796
  1    1        1.00007138        0.00008127       -0.00014204        0.00035089
    1.570796      0.000000
  1    1        1.85489683        0.00361117        0.00073503        0.00295895
    1.570796      1.570796
  1    1        1.00029709        0.00021967       -0.00014133        0.00018348
    1.570796      3.141593
  1    1        0.14549133        0.00342338       -0.00070367        0.00291566
    3.141593     -1.570796
  1    1        0.14415277        0.00365495        0.00301580        0.00217580
    3.141593      0.000000
  1    1        1.00092413        0.01138547       -0.00014397        0.00016594
    3.141593      1.570796
  1    1        0.14429649        0.00369414       -0.00281982        0.00221454
    3.141593      3.141593
  1    1        0.06301783        0.00136669        0.00001703        0.00006379
