   1.0000000000000000                1          16
 (  0.0000000000000000     ,  0.0000000000000000     )
  -1.5707963267948966       -1.5707963267948966     
 ( 0.61665431107077073     , -1.2844777803949589E-012)
  -1.5707963267948966        0.0000000000000000     
 ( 0.35305427938165179     , -1.1167073764664273E-012)
  -1.5707963267948966        1.5707963267948966     
 ( 0.57863509328104490     ,  1.1944150567759454E-012)
  -1.5707963267948966        3.1415926535897931     
 ( 0.72721716915599666     , -1.3899447340572872E-012)
   0.0000000000000000       -1.5707963267948966     
 ( 0.47825175241391060     ,  9.9380020307854993E-013)
   0.0000000000000000        0.0000000000000000     
 ( 0.12837417918943719     ,  1.6447449289642442E-012)
   0.0000000000000000        1.5707963267948966     
 ( 0.47825175241391049     ,  9.9373006856384830E-013)
   0.0000000000000000        3.1415926535897931     
 ( 0.63424564004269623     , -1.6489009039051173E-012)
   1.5707963267948966       -1.5707963267948966     
 ( 0.57863509328104501     ,  1.1944705679271766E-012)
   1.5707963267948966        0.0000000000000000     
 ( 0.35305427938165179     , -1.1167067257640787E-012)
   1.5707963267948966        1.5707963267948966     
 ( 0.61665431107077073     , -1.2843652669411713E-012)
   1.5707963267948966        3.1415926535897931     
 ( 0.72721716915599688     , -1.3898516950347710E-012)
   3.1415926535897931       -1.5707963267948966     
 ( 0.83421653941508145     , -2.9682118171134853E-012)
   3.1415926535897931        0.0000000000000000     
 ( 0.56710760377079983     ,  1.4754210989072655E-012)
   3.1415926535897931        1.5707963267948966     
 ( 0.83421653941508123     , -2.9684762406574964E-012)
   3.1415926535897931        3.1415926535897931     
 (  3.8335756400182510     , -3.1331157533462996E-012)
   1.0000000000000000                1          16
 (  0.0000000000000000     ,  0.0000000000000000     )
  -1.5707963267948966       -1.5707963267948966     
 ( 0.63358448535593337     , -8.4123527735893519E-013)
  -1.5707963267948966        0.0000000000000000     
 ( 0.40432875749324382     , -5.1306210790738217E-012)
  -1.5707963267948966        1.5707963267948966     
 ( 0.48870667387126909     , -1.4210775762934347E-013)
  -1.5707963267948966        3.1415926535897931     
 ( 0.72426968250867618     ,  4.8059273383531859E-012)
   0.0000000000000000       -1.5707963267948966     
 ( 0.35993612578019873     , -6.7010748883704792E-013)
   0.0000000000000000        0.0000000000000000     
 ( 0.18518935986463600     ,  6.8602150242415182E-012)
   0.0000000000000000        1.5707963267948966     
 ( 0.35993612578019885     , -6.7032185898948797E-013)
   0.0000000000000000        3.1415926535897931     
 ( 0.68708425598440137     , -6.8923331178596600E-013)
   1.5707963267948966       -1.5707963267948966     
 ( 0.48870667387126920     , -1.4221877993180598E-013)
   1.5707963267948966        0.0000000000000000     
 ( 0.40432875749324382     , -5.1306798801574808E-012)
   1.5707963267948966        1.5707963267948966     
 ( 0.63358448535593337     , -8.4127838183952078E-013)
   1.5707963267948966        3.1415926535897931     
 ( 0.72426968250867618     ,  4.8059549351840936E-012)
   3.1415926535897931       -1.5707963267948966     
 ( 0.81454078582303591     , -1.3200521285757453E-012)
   3.1415926535897931        0.0000000000000000     
 ( 0.67719682906555079     ,  6.3250900562001324E-012)
   3.1415926535897931        1.5707963267948966     
 ( 0.81454078582303568     , -1.3202109875769539E-012)
   3.1415926535897931        3.1415926535897931     
 (  3.9370282482071803     , -6.4279158004399255E-012)
   1.0000000000000000                1          16
 (  0.0000000000000000     ,  0.0000000000000000     )
  -1.5707963267948966       -1.5707963267948966     
 ( 0.68035150773692310     ,  5.3380662218277550E-013)
  -1.5707963267948966        0.0000000000000000     
 ( 0.44597162874537938     ,  2.3360844431399759E-013)
  -1.5707963267948966        1.5707963267948966     
 ( 0.68799191983991803     , -1.6344084270411134E-013)
  -1.5707963267948966        3.1415926535897931     
 ( 0.86091471100765937     ,  3.0767878085160718E-013)
   0.0000000000000000       -1.5707963267948966     
 ( 0.45808362447864887     ,  1.4366725379965200E-012)
   0.0000000000000000        0.0000000000000000     
 (  4.4561370201529060E-002,  1.5138412142914434E-012)
   0.0000000000000000        1.5707963267948966     
 ( 0.45808362447864875     ,  1.4367970879334633E-012)
   0.0000000000000000        3.1415926535897931     
 ( 0.68100076058521331     ,  2.6574339976477861E-012)
   1.5707963267948966       -1.5707963267948966     
 ( 0.68799191983991803     , -1.6330206482603320E-013)
   1.5707963267948966        0.0000000000000000     
 ( 0.44597162874537927     ,  2.3344453651343299E-013)
   1.5707963267948966        1.5707963267948966     
 ( 0.68035150773692332     ,  5.3375181133819843E-013)
   1.5707963267948966        3.1415926535897931     
 ( 0.86091471100765937     ,  3.0762608174646769E-013)
   3.1415926535897931       -1.5707963267948966     
 ( 0.85442074375270227     , -1.5786935470387322E-012)
   3.1415926535897931        0.0000000000000000     
 ( 0.80450171757795053     , -2.5652906534228320E-012)
   3.1415926535897931        1.5707963267948966     
 ( 0.85442074375270227     , -1.5787494083432906E-012)
   3.1415926535897931        3.1415926535897931     
 (  2.8080362586915801     , -6.2223028014181368E-013)
   1.0000000000000000                1          16
 (  0.0000000000000000     ,  0.0000000000000000     )
  -1.5707963267948966       -1.5707963267948966     
 ( 0.73863229075550441     , -7.1188644303704743E-013)
  -1.5707963267948966        0.0000000000000000     
 ( 0.48976900724990574     , -3.2127852604257834E-013)
  -1.5707963267948966        1.5707963267948966     
 ( 0.72605979305989632     , -2.6990045825618870E-013)
  -1.5707963267948966        3.1415926535897931     
 ( 0.92375035795592120     ,  1.3566048971019800E-013)
   0.0000000000000000       -1.5707963267948966     
 ( 0.45539862735181008     ,  9.1241043862727047E-013)
   0.0000000000000000        0.0000000000000000     
 ( 0.14010267912593391     ,  5.4617674751891865E-013)
   0.0000000000000000        1.5707963267948966     
 ( 0.45539862735181008     ,  9.1245975110091781E-013)
   0.0000000000000000        3.1415926535897931     
 ( 0.74438612974018781     , -2.4296254509656407E-013)
   1.5707963267948966       -1.5707963267948966     
 ( 0.72605979305989643     , -2.6985882489276525E-013)
   1.5707963267948966        0.0000000000000000     
 ( 0.48976900724990574     , -3.2124595675522889E-013)
   1.5707963267948966        1.5707963267948966     
 ( 0.73863229075550441     , -7.1174914559160927E-013)
   1.5707963267948966        3.1415926535897931     
 ( 0.92375035795592120     ,  1.3561705669088721E-013)
   3.1415926535897931       -1.5707963267948966     
 ( 0.89553838533637531     , -1.1887067119412300E-012)
   3.1415926535897931        0.0000000000000000     
 ( 0.76082145687091429     , -3.1266900653059765E-013)
   3.1415926535897931        1.5707963267948966     
 ( 0.89553838533637531     , -1.1886435216797749E-012)
   3.1415926535897931        3.1415926535897931     
 (  2.2657125691323774     , -5.7120809917866623E-014)
   1.0000000000000000                1          16
 (  0.0000000000000000     ,  0.0000000000000000     )
  -1.5707963267948966       -1.5707963267948966     
 ( 0.65571273855225143     ,  1.0888721336365730E-013)
  -1.5707963267948966        0.0000000000000000     
 ( 0.43902983057344963     ,  1.2223437597917367E-012)
  -1.5707963267948966        1.5707963267948966     
 ( 0.67883693344847018     , -1.0533750609994242E-012)
  -1.5707963267948966        3.1415926535897931     
 ( 0.82748076365552581     ,  1.6466671994423053E-012)
   0.0000000000000000       -1.5707963267948966     
 ( 0.45805126235056343     ,  2.5453078665492072E-012)
   0.0000000000000000        0.0000000000000000     
 (  1.7082015647197343E-002, -8.0306779523746418E-013)
   0.0000000000000000        1.5707963267948966     
 ( 0.45805126235056332     ,  2.5454997010371369E-012)
   0.0000000000000000        3.1415926535897931     
 ( 0.63718349584373146     , -1.2973233174271614E-012)
   1.5707963267948966       -1.5707963267948966     
 ( 0.67883693344847018     , -1.0535138388775023E-012)
   1.5707963267948966        0.0000000000000000     
 ( 0.43902983057344963     ,  1.2219638368933563E-012)
   1.5707963267948966        1.5707963267948966     
 ( 0.65571273855225132     ,  1.0891987802203150E-013)
   1.5707963267948966        3.1415926535897931     
 ( 0.82748076365552559     ,  1.6466478485876921E-012)
   3.1415926535897931       -1.5707963267948966     
 ( 0.88366397655304174     ,  2.7286865001002877E-012)
   3.1415926535897931        0.0000000000000000     
 ( 0.71962815200108066     ,  2.5641319295826842E-012)
   3.1415926535897931        1.5707963267948966     
 ( 0.88366397655304152     ,  2.7286840455589088E-012)
   3.1415926535897931        3.1415926535897931     
 (  3.1469332648974015     ,  1.8283950056489320E-012)
   1.0000000000000000                1          16
 (  0.0000000000000000     ,  0.0000000000000000     )
  -1.5707963267948966       -1.5707963267948966     
 ( 0.54575181895648073     , -9.2539623344817242E-013)
  -1.5707963267948966        0.0000000000000000     
 ( 0.41672208415967782     ,  3.8322002352819688E-012)
  -1.5707963267948966        1.5707963267948966     
 ( 0.53611103470112398     , -5.1743208295905339E-012)
  -1.5707963267948966        3.1415926535897931     
 ( 0.86366980885304290     ,  1.9976635446778620E-012)
   0.0000000000000000       -1.5707963267948966     
 ( 0.38132707214617201     , -5.4235995148125746E-012)
   0.0000000000000000        0.0000000000000000     
 ( 0.11303117389218811     ,  3.3254931511003865E-012)
   0.0000000000000000        1.5707963267948966     
 ( 0.38132707214617201     , -5.4234429227594555E-012)
   0.0000000000000000        3.1415926535897931     
 ( 0.64343456514022579     ,  3.2674351809834099E-012)
   1.5707963267948966       -1.5707963267948966     
 ( 0.53611103470112376     , -5.1745983853466902E-012)
   1.5707963267948966        0.0000000000000000     
 ( 0.41672208415967782     ,  3.8319884754658526E-012)
   1.5707963267948966        1.5707963267948966     
 ( 0.54575181895648062     , -9.2543186179825326E-013)
   1.5707963267948966        3.1415926535897931     
 ( 0.86366980885304334     ,  1.9970462498709458E-012)
   3.1415926535897931       -1.5707963267948966     
 ( 0.79960845702312455     , -1.3603319639631549E-012)
   3.1415926535897931        0.0000000000000000     
 ( 0.55244964670240637     , -1.9758127140017575E-012)
   3.1415926535897931        1.5707963267948966     
 ( 0.79960845702312477     , -1.3604529276661927E-012)
   3.1415926535897931        3.1415926535897931     
 (  3.9125671155736121     ,  6.1810091990727783E-012)
