   -1.570796     -1.570796
  1    1        0.65080657        0.03530530       -0.00000000        0.00000000
   -1.570796      0.000000
  1    1        0.43916426        0.01643997       -0.00000000        0.00000000
   -1.570796      1.570796
  1    1        0.62354127        0.05216917       -0.00000000        0.00000000
   -1.570796      3.141593
  1    1        0.84001706        0.03671005        0.00000000        0.00000000
    0.000000     -1.570796
  1    1        0.42255934        0.02400760       -0.00000000        0.00000000
    0.000000      0.000000
  1    1        0.09999332        0.03444570        0.00000000        0.00000000
    0.000000      1.570796
  1    1        0.42255934        0.02400760       -0.00000000        0.00000000
    0.000000      3.141593
  1    1        0.67861784        0.02144396        0.00000000        0.00000000
    1.570796     -1.570796
  1    1        0.62354127        0.05216917       -0.00000000        0.00000000
    1.570796      0.000000
  1    1        0.43916426        0.01643997       -0.00000000        0.00000000
    1.570796      1.570796
  1    1        0.65080657        0.03530530       -0.00000000        0.00000000
    1.570796      3.141593
  1    1        0.84001706        0.03671005        0.00000000        0.00000000
    3.141593     -1.570796
  1    1        0.84955447        0.02094967       -0.00000000        0.00000000
    3.141593      0.000000
  1    1        0.70291956        0.04825298        0.00000000        0.00000000
    3.141593      1.570796
  1    1        0.84955447        0.02094967       -0.00000000        0.00000000
    3.141593      3.141593
  1    1        3.21405549        0.36049613        0.00000000        0.00000000
