   -1.000000     -1.000000
  1    1        0.11737380        0.02455200       -0.00000000        0.00000000
   -1.000000      0.000000
  1    1       -0.24952213        0.02086610        0.00000000        0.00000000
   -1.000000      1.000000
  1    1        0.12419013        0.02901755        0.00000000        0.00000000
   -1.000000      2.000000
  1    1       -0.14277335        0.02057366        0.00000000        0.00000000
    0.000000     -1.000000
  1    1       -0.24321663        0.02251228       -0.00000000        0.00000000
    0.000000      0.000000
  1    1        0.77167951        0.00128549        0.00000000        0.00000000
    0.000000      1.000000
  1    1       -0.24321663        0.02251228       -0.00000000        0.00000000
    0.000000      2.000000
  1    1        0.13506410        0.03056837        0.00000000        0.00000000
    1.000000     -1.000000
  1    1        0.12419013        0.02901755        0.00000000        0.00000000
    1.000000      0.000000
  1    1       -0.24952213        0.02086610        0.00000000        0.00000000
    1.000000      1.000000
  1    1        0.11737380        0.02455200       -0.00000000        0.00000000
    1.000000      2.000000
  1    1       -0.14277335        0.02057366        0.00000000        0.00000000
    2.000000     -1.000000
  1    1       -0.14300343        0.02481336        0.00000000        0.00000000
    2.000000      0.000000
  1    1        0.13329722        0.03080097        0.00000000        0.00000000
    2.000000      1.000000
  1    1       -0.14300343        0.02481336        0.00000000        0.00000000
    2.000000      2.000000
  1    1        0.13385573        0.02142779       -0.00000000        0.00000000
