   -1.570796     -1.570796
  1    1        0.57772617        0.07105006        0.00000000        0.00000000
   -1.570796      0.000000
  1    1        0.40806032        0.03843927        0.00000000        0.00000000
   -1.570796      1.570796
  1    1        0.60273573        0.09208460        0.00000000        0.00000000
   -1.570796      3.141593
  1    1        0.77268362        0.05418751        0.00000000        0.00000000
    0.000000     -1.570796
  1    1        0.41265579        0.03394376        0.00000000        0.00000000
    0.000000      0.000000
  1    1        0.04718168        0.03499514       -0.00000000        0.00000000
    0.000000      1.570796
  1    1        0.41265579        0.03394376        0.00000000        0.00000000
    0.000000      3.141593
  1    1        0.62094096        0.08974353        0.00000000        0.00000000
    1.570796     -1.570796
  1    1        0.60273573        0.09208460        0.00000000        0.00000000
    1.570796      0.000000
  1    1        0.40806032        0.03843927        0.00000000        0.00000000
    1.570796      1.570796
  1    1        0.57772617        0.07105006        0.00000000        0.00000000
    1.570796      3.141593
  1    1        0.77268362        0.05418751        0.00000000        0.00000000
    3.141593     -1.570796
  1    1        0.79066597        0.05910274       -0.00000000        0.00000000
    3.141593      0.000000
  1    1        0.61057153        0.08057414       -0.00000000        0.00000000
    3.141593      1.570796
  1    1        0.79066597        0.05910274       -0.00000000        0.00000000
    3.141593      3.141593
  1    1        3.93912279        0.88829828        0.00000000        0.00000000
