   1.0000000000000000                1          16
 (  0.0000000000000000     ,  0.0000000000000000     )
  -1.5707963267948966       -1.5707963267948966     
 ( 0.59960909404111007     , -1.4903033991414412E-012)
  -1.5707963267948966        0.0000000000000000     
 ( 0.44162756904135969     , -3.0212799485903251E-013)
  -1.5707963267948966        1.5707963267948966     
 ( 0.72222558471476406     , -1.4251531959892000E-012)
  -1.5707963267948966        3.1415926535897931     
 ( 0.84161242508539358     , -6.8562779837519768E-013)
   0.0000000000000000       -1.5707963267948966     
 ( 0.43399527115879177     , -5.9651736489860654E-013)
   0.0000000000000000        0.0000000000000000     
 ( 0.13685136970047723     , -4.7326484124144619E-014)
   0.0000000000000000        1.5707963267948966     
 ( 0.43399527115879200     , -5.9663625438342931E-013)
   0.0000000000000000        3.1415926535897931     
 ( 0.67858592186167421     , -4.2753361043498925E-013)
   1.5707963267948966       -1.5707963267948966     
 ( 0.72222558471476406     , -1.4254029961697407E-012)
   1.5707963267948966        0.0000000000000000     
 ( 0.44162756904135969     , -3.0217574386376793E-013)
   1.5707963267948966        1.5707963267948966     
 ( 0.59960909404111018     , -1.4903154203523363E-012)
   1.5707963267948966        3.1415926535897931     
 ( 0.84161242508539380     , -6.8620964959612216E-013)
   3.1415926535897931       -1.5707963267948966     
 ( 0.78584128590374891     , -4.8114530424679741E-013)
   3.1415926535897931        0.0000000000000000     
 ( 0.61963829606276821     ,  2.3415193813670559E-014)
   3.1415926535897931        1.5707963267948966     
 ( 0.78584128590374891     , -4.8143072718531395E-013)
   3.1415926535897931        3.1415926535897931     
 (  3.2544633049428424     , -3.8977733822943063E-013)
   1.0000000000000000                1          16
 (  0.0000000000000000     ,  0.0000000000000000     )
  -1.5707963267948966       -1.5707963267948966     
 ( 0.70643231408462559     , -9.3806066950522693E-013)
  -1.5707963267948966        0.0000000000000000     
 ( 0.47215771170089926     ,  1.5444362614326637E-013)
  -1.5707963267948966        1.5707963267948966     
 ( 0.71275909473729637     ,  7.4191378332858904E-013)
  -1.5707963267948966        3.1415926535897931     
 ( 0.83742486818869788     ,  1.2702054887464783E-012)
   0.0000000000000000       -1.5707963267948966     
 ( 0.46550568755327992     , -8.0290824711616410E-014)
   0.0000000000000000        0.0000000000000000     
 (  7.8065026373126359E-002,  5.0887080276510483E-014)
   0.0000000000000000        1.5707963267948966     
 ( 0.46550568755327970     , -8.0289674470453218E-014)
   0.0000000000000000        3.1415926535897931     
 ( 0.75074513978282553     , -9.4467406258289817E-013)
   1.5707963267948966       -1.5707963267948966     
 ( 0.71275909473729626     ,  7.4209419457009063E-013)
   1.5707963267948966        0.0000000000000000     
 ( 0.47215771170089926     ,  1.5441922139045282E-013)
   1.5707963267948966        1.5707963267948966     
 ( 0.70643231408462548     , -9.3799358104851404E-013)
   1.5707963267948966        3.1415926535897931     
 ( 0.83742486818869766     ,  1.2701331424802278E-012)
   3.1415926535897931       -1.5707963267948966     
 ( 0.87472157623843416     , -1.1317069065615368E-014)
   3.1415926535897931        0.0000000000000000     
 ( 0.81152730781953386     , -2.3884013958087183E-013)
   3.1415926535897931        1.5707963267948966     
 ( 0.87472157623843416     , -1.1537963429377257E-014)
   3.1415926535897931        3.1415926535897931     
 (  2.5588917358045333     , -1.6699618893763986E-012)
   1.0000000000000000                1          16
 (  0.0000000000000000     ,  0.0000000000000000     )
  -1.5707963267948966       -1.5707963267948966     
 ( 0.49205767930050681     ,  7.2412231737145815E-013)
  -1.5707963267948966        0.0000000000000000     
 ( 0.35585501501278949     ,  5.8080960093799585E-013)
  -1.5707963267948966        1.5707963267948966     
 ( 0.48495637959096460     ,  3.7140510790823705E-013)
  -1.5707963267948966        3.1415926535897931     
 ( 0.71676048271954640     , -5.8490380009572536E-014)
   0.0000000000000000       -1.5707963267948966     
 ( 0.37531139514483258     ,  3.2633129058568574E-014)
   0.0000000000000000        0.0000000000000000     
 (  2.7301100040666437E-004,  6.8168274345509713E-016)
   0.0000000000000000        1.5707963267948966     
 ( 0.37531139514483247     ,  3.2910039354533750E-014)
   0.0000000000000000        3.1415926535897931     
 ( 0.48133744008277546     ,  8.8701973552574509E-013)
   1.5707963267948966       -1.5707963267948966     
 ( 0.48495637959096477     ,  3.7184919711808711E-013)
   1.5707963267948966        0.0000000000000000     
 ( 0.35585501501278949     ,  5.8082202515045943E-013)
   1.5707963267948966        1.5707963267948966     
 ( 0.49205767930050670     ,  7.2390156368691539E-013)
   1.5707963267948966        3.1415926535897931     
 ( 0.71676048271954640     , -5.8630082217333195E-014)
   3.1415926535897931       -1.5707963267948966     
 ( 0.71335813926426117     ,  1.2089521405607739E-013)
   3.1415926535897931        0.0000000000000000     
 ( 0.50853423150690924     , -8.1292586309795433E-013)
   3.1415926535897931        1.5707963267948966     
 ( 0.71335813926426117     ,  1.2061701283972999E-013)
   3.1415926535897931        3.1415926535897931     
 (  5.0468255135228404     , -1.0937173132528242E-012)
   1.0000000000000000                1          16
 (  0.0000000000000000     ,  0.0000000000000000     )
  -1.5707963267948966       -1.5707963267948966     
 ( 0.42499378131575516     , -1.5108324364587264E-013)
  -1.5707963267948966        0.0000000000000000     
 ( 0.31195733775359119     , -5.1119223435910681E-013)
  -1.5707963267948966        1.5707963267948966     
 ( 0.41547268240059471     ,  3.1206359417945728E-013)
  -1.5707963267948966        3.1415926535897931     
 ( 0.62515162986970041     ,  3.2876970488063037E-013)
   0.0000000000000000       -1.5707963267948966     
 ( 0.31063627369165608     ,  1.2578926270856174E-013)
   0.0000000000000000        0.0000000000000000     
 (  5.1603556460722011E-004, -1.9334553660822380E-016)
   0.0000000000000000        1.5707963267948966     
 ( 0.31063627369165631     ,  1.2632707111792850E-013)
   0.0000000000000000        3.1415926535897931     
 ( 0.41460436540501766     , -4.2166550064249243E-013)
   1.5707963267948966       -1.5707963267948966     
 ( 0.41547268240059471     ,  3.1184154957453225E-013)
   1.5707963267948966        0.0000000000000000     
 ( 0.31195733775359097     , -5.1129016485844655E-013)
   1.5707963267948966        1.5707963267948966     
 ( 0.42499378131575505     , -1.5132619319613720E-013)
   1.5707963267948966        3.1415926535897931     
 ( 0.62515162986970041     ,  3.2822792897421118E-013)
   3.1415926535897931       -1.5707963267948966     
 ( 0.65543768496628463     , -1.9765463598245805E-012)
   3.1415926535897931        0.0000000000000000     
 ( 0.40959326957999725     , -1.6869935849218476E-012)
   3.1415926535897931        1.5707963267948966     
 ( 0.65543768496628485     , -1.9765081517762950E-012)
   3.1415926535897931        3.1415926535897931     
 (  6.0573073077434563     ,  2.9004771618121001E-012)
   1.0000000000000000                1          16
 (  0.0000000000000000     ,  0.0000000000000000     )
  -1.5707963267948966       -1.5707963267948966     
 ( 0.51526675441740588     ,  1.6839361312471836E-012)
  -1.5707963267948966        0.0000000000000000     
 ( 0.40530017062496271     ,  7.5361139491138062E-013)
  -1.5707963267948966        1.5707963267948966     
 ( 0.53349333746035088     , -4.7004765572606414E-013)
  -1.5707963267948966        3.1415926535897931     
 ( 0.77771600974309263     ,  3.8017564177000044E-012)
   0.0000000000000000       -1.5707963267948966     
 ( 0.44895475148627617     ,  1.3843101458436976E-012)
   0.0000000000000000        0.0000000000000000     
 (  1.1290056848919927E-004,  4.6716945814433267E-016)
   0.0000000000000000        1.5707963267948966     
 ( 0.44895475148627606     ,  1.3842114648636010E-012)
   0.0000000000000000        3.1415926535897931     
 ( 0.61370068303362946     ,  1.3915109633369104E-012)
   1.5707963267948966       -1.5707963267948966     
 ( 0.53349333746035088     , -4.7013092245291103E-013)
   1.5707963267948966        0.0000000000000000     
 ( 0.40530017062496271     ,  7.5384630082069398E-013)
   1.5707963267948966        1.5707963267948966     
 ( 0.51526675441740577     ,  1.6841334932073768E-012)
   1.5707963267948966        3.1415926535897931     
 ( 0.77771600974309218     ,  3.8009955832166051E-012)
   3.1415926535897931       -1.5707963267948966     
 ( 0.76460674477360402     , -5.5079624475558433E-013)
   3.1415926535897931        0.0000000000000000     
 ( 0.60044640032067065     ,  2.4015628574802948E-013)
   3.1415926535897931        1.5707963267948966     
 ( 0.76460674477360402     , -5.5122799264306848E-013)
   3.1415926535897931        3.1415926535897931     
 (  4.3014424177218418     ,  1.8519404064353643E-012)
   1.0000000000000000                1          16
 (  0.0000000000000000     ,  0.0000000000000000     )
  -1.5707963267948966       -1.5707963267948966     
 ( 0.74988032910586766     , -6.8193841478088865E-013)
  -1.5707963267948966        0.0000000000000000     
 ( 0.49503138946910386     , -5.0104549982079130E-013)
  -1.5707963267948966        1.5707963267948966     
 ( 0.86699715959145984     ,  9.4140443766876438E-013)
  -1.5707963267948966        3.1415926535897931     
 ( 0.90636512813994641     , -8.2980529318329359E-014)
   0.0000000000000000       -1.5707963267948966     
 ( 0.46287082655462963     , -6.8656867301746450E-014)
   0.0000000000000000        0.0000000000000000     
 ( 0.15694143638482150     , -1.8842257562876974E-013)
   0.0000000000000000        1.5707963267948966     
 ( 0.46287082655462986     , -6.8617735356687850E-014)
   0.0000000000000000        3.1415926535897931     
 ( 0.84431717280708996     , -1.1104501952340648E-013)
   1.5707963267948966       -1.5707963267948966     
 ( 0.86699715959145995     ,  9.4137668209314875E-013)
   1.5707963267948966        0.0000000000000000     
 ( 0.49503138946910386     , -5.0103874191886702E-013)
   1.5707963267948966        1.5707963267948966     
 ( 0.74988032910586777     , -6.8204443424662153E-013)
   1.5707963267948966        3.1415926535897931     
 ( 0.90636512813994619     , -8.3082744451057447E-014)
   3.1415926535897931       -1.5707963267948966     
 ( 0.94520568266203042     , -5.8760536600552510E-013)
   3.1415926535897931        0.0000000000000000     
 ( 0.72275642870472612     , -6.6040966823127023E-013)
   3.1415926535897931        1.5707963267948966     
 ( 0.94520568266203042     , -5.8765643968121732E-013)
   3.1415926535897931        3.1415926535897931     
 (  1.7311469840449636     , -3.8925681026276470E-013)
