   -1.000000     -1.000000
  1    1        0.17530069        0.06142079        0.00000000        0.00000000
   -1.000000      0.000000
  1    1       -0.28984950        0.05480838        0.00000000        0.00000000
   -1.000000      1.000000
  1    1        0.16904830        0.06634987        0.00000000        0.00000000
   -1.000000      2.000000
  1    1       -0.19534696        0.06216002       -0.00000000        0.00000000
    0.000000     -1.000000
  1    1       -0.28947232        0.05480484       -0.00000000        0.00000000
    0.000000      0.000000
  1    1        0.77167951        0.00128549        0.00000000        0.00000000
    0.000000      1.000000
  1    1       -0.28947232        0.05480484       -0.00000000        0.00000000
    0.000000      2.000000
  1    1        0.17573360        0.06314934        0.00000000        0.00000000
    1.000000     -1.000000
  1    1        0.16904830        0.06634987        0.00000000        0.00000000
    1.000000      0.000000
  1    1       -0.28984950        0.05480838        0.00000000        0.00000000
    1.000000      1.000000
  1    1        0.17530069        0.06142079        0.00000000        0.00000000
    1.000000      2.000000
  1    1       -0.19534696        0.06216002       -0.00000000        0.00000000
    2.000000     -1.000000
  1    1       -0.19831650        0.05852771        0.00000000        0.00000000
    2.000000      0.000000
  1    1        0.18137805        0.06378445       -0.00000000        0.00000000
    2.000000      1.000000
  1    1       -0.19831650        0.05852771        0.00000000        0.00000000
    2.000000      2.000000
  1    1        0.17566309        0.04609535       -0.00000000        0.00000000
