     0.0000000        0.06569218        0.00115841
     0.1000000        0.03909983        0.00124137
     0.2000000        0.02555482        0.00125064
     0.3000000        0.01747588        0.00096911
     0.4000000        0.01293065        0.00118082
     0.5000000        0.00857317        0.00112672
     0.6000000        0.00701019        0.00109811
     0.7000000        0.00610962        0.00096609
     0.8000000        0.00501841        0.00102544
     0.9000000        0.00547986        0.00131752
     1.0000000        0.00672681        0.00117715
     1.1000000        0.00517415        0.00111332
     1.2000000        0.00336415        0.00107134
     1.3000000        0.00399243        0.00115136
     1.4000000        0.00313022        0.00115911
     1.5000000        0.00347695        0.00126018
     1.6000000        0.00425956        0.00108860
     1.7000000        0.00389205        0.00093434
     1.8000000        0.00326666        0.00102104
     1.9000000        0.00281033        0.00106096
     2.0000000        0.00248585        0.00128133
     2.1000000        0.00293881        0.00147373
     2.2000000        0.00446686        0.00122263
     2.3000000        0.00520423        0.00088738
     2.4000000        0.00413727        0.00094546
     2.5000000        0.00392736        0.00094897
     2.6000000        0.00420243        0.00108682
     2.7000000        0.00492245        0.00123121
     2.8000000        0.00372318        0.00110185
     2.9000000        0.00479973        0.00102807
     3.0000000        0.00667316        0.00118035
     3.1000000        0.00615487        0.00111940
     3.2000000        0.00732587        0.00102066
     3.3000000        0.00853164        0.00075106
     3.4000000        0.01017740        0.00084685
     3.5000000        0.01183957        0.00098773
     3.6000000        0.01350480        0.00110862
     3.7000000        0.01721959        0.00096958
     3.8000000        0.02184136        0.00117986
     3.9000000        0.03026187        0.00142454
     4.0000000        0.04241326        0.00139508
     4.1000000        0.05900781        0.00122673
     4.2000000        0.08199914        0.00111031
     4.3000000        0.11635836        0.00123102
     4.4000000        0.16994998        0.00107849
     4.5000000        0.24674152        0.00143549
     4.6000000        0.36660114        0.00141020
     4.7000000        0.54742569        0.00140388
     4.8000000        0.82694992        0.00171229
     4.9000000        1.25787213        0.00136071
     5.0000000        1.93430782        0.00115841
