     0.0000000        2.62877337        0.02857081
     0.0500000        2.09396300        0.02030388
     0.1000000        1.68105635        0.02569833
     0.1500000        1.35213719        0.02493469
     0.2000000        1.09655515        0.02881016
     0.2500000        0.90208939        0.03092645
     0.3000000        0.75488055        0.03287693
     0.3500000        0.63716650        0.03412290
     0.4000000        0.53713805        0.02967818
     0.4500000        0.45961676        0.02887190
     0.5000000        0.38107456        0.02867844
     0.5500000        0.31622300        0.03122804
     0.6000000        0.26781782        0.03033556
     0.6500000        0.23462873        0.02784701
     0.7000000        0.20634771        0.02680737
     0.7500000        0.17533523        0.02343015
     0.8000000        0.15367024        0.02285314
     0.8500000        0.13105476        0.02068549
     0.9000000        0.11412635        0.01767081
     0.9500000        0.10357594        0.01432614
     1.0000000        0.09207230        0.01372897
     1.0500000        0.07901243        0.01512537
     1.1000000        0.07044965        0.01448142
     1.1500000        0.06223236        0.01637489
     1.2000000        0.05208290        0.01789625
     1.2500000        0.04902518        0.01632155
     1.3000000        0.04874638        0.01457787
     1.3500000        0.05009534        0.01297087
     1.4000000        0.04015617        0.01273284
     1.4500000        0.02842174        0.01238165
     1.5000000        0.03019336        0.01558305
     1.5500000        0.02411727        0.01493957
     1.6000000        0.02396307        0.01460172
     1.6500000        0.02043844        0.01373870
     1.7000000        0.01931425        0.01349625
     1.7500000        0.02150987        0.01301326
     1.8000000        0.01999643        0.01365024
     1.8500000        0.01774723        0.01283908
     1.9000000        0.01264818        0.01067874
     1.9500000        0.00890688        0.00852772
     2.0000000        0.00565044        0.00721408
     2.0500000        0.00650975        0.00720882
     2.1000000        0.00862645        0.00685124
     2.1500000        0.00495784        0.00625832
     2.2000000        0.00150842        0.00644310
     2.2500000        0.00099194        0.00559153
     2.3000000        0.00424145        0.00526839
     2.3500000        0.00485020        0.00616770
     2.4000000        0.00249545        0.00568543
     2.4500000       -0.00121103        0.00636272
     2.5000000       -0.00429774        0.00664835
     2.5500000       -0.00387187        0.00685112
     2.6000000       -0.00168611        0.00706003
     2.6500000       -0.00478321        0.00724205
     2.7000000       -0.00533794        0.00625933
     2.7500000       -0.00296791        0.00548893
     2.8000000       -0.00242342        0.00460327
     2.8500000       -0.00427502        0.00458191
     2.9000000       -0.00258744        0.00508096
     2.9500000       -0.00600137        0.00521082
     3.0000000       -0.00472022        0.00453924
     3.0500000       -0.00490154        0.00419040
     3.1000000       -0.00308820        0.00436188
     3.1500000       -0.00316669        0.00490560
     3.2000000       -0.00262239        0.00525186
     3.2500000       -0.00059937        0.00663327
     3.3000000        0.00088892        0.00673554
     3.3500000       -0.00008278        0.00708454
     3.4000000       -0.00019444        0.00741859
     3.4500000       -0.00105616        0.00863969
     3.5000000        0.00293518        0.00893267
     3.5500000        0.00211833        0.01061967
     3.6000000        0.00073461        0.00844301
     3.6500000       -0.00189323        0.00629265
     3.7000000       -0.00330776        0.00428353
     3.7500000       -0.00172267        0.00397731
     3.8000000       -0.00083104        0.00380066
     3.8500000       -0.00264170        0.00426543
     3.9000000       -0.00321888        0.00448221
     3.9500000       -0.00561412        0.00527694
     4.0000000       -0.00571404        0.00534425
     4.0500000       -0.00869503        0.00491024
     4.1000000       -0.01050768        0.00572879
     4.1500000       -0.00787380        0.00601108
     4.2000000       -0.00754486        0.00636168
     4.2500000       -0.00720654        0.00645742
     4.3000000       -0.00511907        0.00705876
     4.3500000       -0.00342947        0.00593852
     4.4000000       -0.00352725        0.00607555
     4.4500000       -0.00217704        0.00640592
     4.5000000       -0.00324710        0.00608532
     4.5500000       -0.00281311        0.00595757
     4.6000000       -0.00442191        0.00561654
     4.6500000       -0.00455386        0.00592756
     4.7000000        0.00143115        0.00833735
     4.7500000        0.00027178        0.00621140
     4.8000000       -0.00147547        0.00547135
     4.8500000       -0.00058739        0.00678852
     4.9000000       -0.00066703        0.00696494
     4.9500000        0.00079291        0.00578071
     5.0000000        0.00349996        0.00566308
     5.0500000        0.00252665        0.00580300
     5.1000000        0.00099410        0.00754333
     5.1500000       -0.00097492        0.00825470
     5.2000000       -0.00463691        0.00908541
     5.2500000       -0.00424686        0.00689304
     5.3000000       -0.00579170        0.00743819
     5.3500000       -0.00600908        0.00713508
     5.4000000       -0.00628808        0.00677027
     5.4500000       -0.00592889        0.00762910
     5.5000000       -0.00469892        0.00795618
     5.5500000       -0.00427577        0.00842896
     5.6000000       -0.00615063        0.00610644
     5.6500000       -0.00528130        0.00468145
     5.7000000       -0.00185222        0.00438807
     5.7500000       -0.00137094        0.00355743
     5.8000000       -0.00677419        0.00565650
     5.8500000       -0.00681252        0.00560462
     5.9000000       -0.00615845        0.00396705
     5.9500000       -0.00350057        0.00248873
     6.0000000       -0.00118761        0.00238851
     6.0500000       -0.00030758        0.00245729
     6.1000000       -0.00002009        0.00294923
     6.1500000        0.00096078        0.00299796
     6.2000000        0.00182667        0.00345036
     6.2500000        0.00033258        0.00376299
     6.3000000       -0.00164923        0.00392063
     6.3500000       -0.00280499        0.00443440
     6.4000000       -0.00360683        0.00509707
     6.4500000       -0.00396492        0.00575084
     6.5000000       -0.00177801        0.00564353
     6.5500000       -0.00196275        0.00559457
     6.6000000       -0.00641861        0.00479659
     6.6500000       -0.00707107        0.00488213
     6.7000000       -0.00534480        0.00454889
     6.7500000       -0.00576242        0.00519796
     6.8000000       -0.00611183        0.00477860
     6.8500000       -0.00595046        0.00439303
     6.9000000       -0.00651117        0.00487900
     6.9500000       -0.00755054        0.00501877
     7.0000000       -0.00666372        0.00557589
     7.0500000       -0.00361588        0.00615937
     7.1000000        0.00045703        0.00558956
     7.1500000       -0.00059009        0.00576599
     7.2000000       -0.00035340        0.00561142
     7.2500000        0.00107944        0.00550388
     7.3000000        0.00188071        0.00476044
     7.3500000        0.00209877        0.00413120
     7.4000000        0.00361274        0.00448081
     7.4500000        0.00293191        0.00404938
     7.5000000        0.00252911        0.00395405
     7.5500000        0.00309468        0.00419288
     7.6000000        0.00017549        0.00357005
     7.6500000       -0.00102326        0.00416801
     7.7000000       -0.00167592        0.00443447
     7.7500000       -0.00311906        0.00452272
     7.8000000       -0.00199097        0.00379121
     7.8500000       -0.00318159        0.00380756
     7.9000000       -0.00354267        0.00466525
     7.9500000       -0.00248985        0.00487105
     8.0000000       -0.00468608        0.00529632
     8.0500000       -0.00461691        0.00545835
     8.1000000       -0.00563012        0.00492108
     8.1500000       -0.00477318        0.00478429
     8.2000000       -0.00389516        0.00493643
     8.2500000       -0.00363849        0.00513388
     8.3000000       -0.00177549        0.00405252
     8.3500000       -0.00193371        0.00352038
     8.4000000       -0.00265244        0.00289834
     8.4500000       -0.00253157        0.00350210
     8.5000000        0.00000785        0.00317333
     8.5500000        0.00046831        0.00295416
     8.6000000       -0.00011341        0.00283628
     8.6500000       -0.00172919        0.00447261
     8.7000000       -0.00184665        0.00399299
     8.7500000       -0.00404904        0.00353780
     8.8000000       -0.00535367        0.00370166
     8.8500000       -0.00671038        0.00403227
     8.9000000       -0.00795230        0.00457988
     8.9500000       -0.00899478        0.00474452
     9.0000000       -0.00926867        0.00453171
     9.0500000       -0.01204063        0.00477296
     9.1000000       -0.01102583        0.00493798
     9.1500000       -0.01058679        0.00402972
     9.2000000       -0.01142759        0.00422333
     9.2500000       -0.01045518        0.00396177
     9.3000000       -0.01069472        0.00414833
     9.3500000       -0.00999298        0.00364375
     9.4000000       -0.00638279        0.00456137
     9.4500000       -0.00354502        0.00476787
     9.5000000       -0.00497710        0.00477491
     9.5500000       -0.00781593        0.00511333
     9.6000000       -0.00861818        0.00532672
     9.6500000       -0.00930939        0.00478617
     9.7000000       -0.01160441        0.00559223
     9.7500000       -0.01109321        0.00546683
     9.8000000       -0.01085876        0.00589283
     9.8500000       -0.01115045        0.00596226
     9.9000000       -0.01399537        0.00545616
     9.9500000       -0.01634547        0.00659502
    10.0000000       -0.01524124        0.00813918
    10.0500000       -0.00994859        0.00471221
    10.1000000        0.00281070        0.00843822
    10.1500000        0.00517108        0.00761263
    10.2000000        0.00472967        0.00701423
    10.2500000        0.00194247        0.00649004
    10.3000000        0.00269495        0.00540743
    10.3500000        0.01019773        0.00402717
    10.4000000        0.01020614        0.00332927
    10.4500000        0.00726952        0.00365268
    10.5000000        0.00746907        0.00329169
    10.5500000        0.00385489        0.00290449
    10.6000000        0.00312366        0.00301806
    10.6500000        0.00410423        0.00286375
    10.7000000        0.00248844        0.00301374
    10.7500000        0.00057885        0.00327619
    10.8000000        0.00113389        0.00303241
    10.8500000        0.00262374        0.00310801
    10.9000000        0.00164730        0.00331583
    10.9500000        0.00062414        0.00303330
    11.0000000       -0.00136229        0.00358177
    11.0500000       -0.00047597        0.00288629
    11.1000000        0.00175809        0.00223294
    11.1500000        0.00050206        0.00214141
    11.2000000        0.00443897        0.00268743
    11.2500000        0.00737642        0.00335778
    11.3000000        0.00863852        0.00378658
    11.3500000        0.00772921        0.00384317
    11.4000000        0.00675427        0.00400797
    11.4500000        0.00678630        0.00414844
    11.5000000        0.00548178        0.00429057
    11.5500000        0.00480323        0.00354107
    11.6000000        0.00508737        0.00418687
    11.6500000        0.00439371        0.00429965
    11.7000000        0.00699760        0.00448854
    11.7500000        0.00441744        0.00446566
    11.8000000        0.00483440        0.00416897
    11.8500000        0.00397661        0.00470170
    11.9000000        0.00213059        0.00492421
    11.9500000        0.00605012        0.00439898
    12.0000000        0.00538789        0.00365894
    12.0500000        0.00598325        0.00393331
    12.1000000        0.00875985        0.00460571
    12.1500000        0.00989881        0.00484833
    12.2000000        0.00868758        0.00461551
    12.2500000        0.00577000        0.00424551
    12.3000000        0.00305432        0.00433530
    12.3500000        0.00599737        0.00436208
    12.4000000        0.00498660        0.00421554
    12.4500000        0.00190476        0.00479970
    12.5000000       -0.00343174        0.00442469
    12.5500000       -0.00464041        0.00446018
    12.6000000       -0.00657271        0.00487663
    12.6500000       -0.00697783        0.00488374
    12.7000000       -0.00556474        0.00352153
    12.7500000       -0.00541437        0.00340777
    12.8000000       -0.00412364        0.00252444
    12.8500000       -0.00306024        0.00233388
    12.9000000       -0.00176604        0.00268655
    12.9500000       -0.00167411        0.00302957
    13.0000000        0.00033489        0.00301617
    13.0500000        0.00229155        0.00276681
    13.1000000        0.00075398        0.00292054
    13.1500000        0.00096647        0.00244495
    13.2000000       -0.00247798        0.00220169
    13.2500000       -0.00068409        0.00237893
    13.3000000        0.00051778        0.00181430
    13.3500000        0.00080643        0.00278232
    13.4000000        0.00069777        0.00281426
    13.4500000        0.00134139        0.00327344
    13.5000000        0.00310140        0.00309015
    13.5500000        0.00416808        0.00333914
    13.6000000        0.00446196        0.00376918
    13.6500000        0.00416361        0.00398504
    13.7000000        0.00263795        0.00432423
    13.7500000        0.00326652        0.00442289
    13.8000000        0.00355273        0.00422944
    13.8500000        0.00577078        0.00344708
    13.9000000        0.00587834        0.00371986
    13.9500000        0.00163467        0.00349023
    14.0000000        0.00118469        0.00262787
    14.0500000       -0.00054912        0.00326423
    14.1000000       -0.00244993        0.00473785
    14.1500000       -0.00309177        0.00448799
    14.2000000       -0.00292634        0.00464860
    14.2500000       -0.00255186        0.00428473
    14.3000000       -0.00202355        0.00381664
    14.3500000       -0.00190397        0.00453035
    14.4000000       -0.00313006        0.00494945
    14.4500000       -0.00349095        0.00503146
    14.5000000       -0.00337116        0.00514962
    14.5500000       -0.00592934        0.00502674
    14.6000000       -0.00712502        0.00511021
    14.6500000       -0.00821224        0.00517302
    14.7000000       -0.00770725        0.00501673
    14.7500000       -0.00775145        0.00506734
    14.8000000       -0.00754961        0.00608128
    14.8500000       -0.00784010        0.00610081
    14.9000000       -0.00923719        0.00534037
    14.9500000       -0.00662420        0.00463619
    15.0000000       -0.00842837        0.00398105
    15.0500000       -0.00905898        0.00336314
    15.1000000       -0.00874253        0.00336426
    15.1500000       -0.00641360        0.00354688
    15.2000000       -0.00306223        0.00151124
    15.2500000       -0.00617486        0.00174068
    15.3000000       -0.00764694        0.00215390
    15.3500000       -0.00669621        0.00148452
    15.4000000       -0.00716459        0.00195270
    15.4500000       -0.00645218        0.00232369
    15.5000000       -0.00452804        0.00350444
    15.5500000       -0.00261978        0.00373202
    15.6000000        0.00028628        0.00640995
    15.6500000       -0.00254429        0.00467082
    15.7000000       -0.00190713        0.00469692
    15.7500000       -0.00062655        0.00318492
    15.8000000        0.00211749        0.00384166
    15.8500000        0.00506529        0.00400730
    15.9000000        0.00594100        0.00374134
    15.9500000        0.00946666        0.00398276
    16.0000000        0.00929406        0.00498658
    16.0500000        0.00790353        0.00392038
    16.1000000        0.00611916        0.00355406
    16.1500000        0.00555128        0.00484725
    16.2000000        0.00417075        0.00417719
    16.2500000        0.00409485        0.00472333
    16.3000000        0.00257647        0.00486329
    16.3500000        0.00742139        0.00805556
    16.4000000        0.00723846        0.00780413
    16.4500000        0.00589815        0.00865676
    16.5000000        0.00391008        0.00872748
    16.5500000        0.00465706        0.01036945
    16.6000000        0.00380849        0.01020154
    16.6500000        0.00347711        0.01052295
    16.7000000        0.00649725        0.01071236
    16.7500000        0.00565596        0.00926950
    16.8000000        0.00502309        0.01165863
    16.8500000        0.00494978        0.01179372
    16.9000000        0.00741215        0.01176314
    16.9500000        0.00977098        0.01189055
    17.0000000        0.00739451        0.01140213
    17.0500000        0.00976624        0.01223964
    17.1000000        0.00626705        0.01109808
    17.1500000        0.00511736        0.00943616
    17.2000000        0.00428468        0.00745340
    17.2500000        0.00359445        0.00666106
    17.3000000        0.00974565        0.00542251
    17.3500000        0.00806109        0.00375313
    17.4000000        0.00773753        0.00412414
    17.4500000        0.00627591        0.00585642
    17.5000000        0.00845588        0.00709209
    17.5500000        0.01118466        0.00626331
    17.6000000        0.01586318        0.00583574
    17.6500000        0.02004475        0.00550197
    17.7000000        0.01941974        0.00619306
    17.7500000        0.01769056        0.00764311
    17.8000000        0.02554569        0.00808028
    17.8500000        0.03088851        0.00942742
    17.9000000        0.03371969        0.00939805
    17.9500000        0.03392567        0.01032600
    18.0000000        0.03687768        0.00931318
    18.0500000        0.03624017        0.00904966
    18.1000000        0.03710744        0.00814306
    18.1500000        0.03664491        0.00833825
    18.2000000        0.02917496        0.00962247
    18.2500000        0.03187150        0.01101086
    18.3000000        0.03266900        0.01190299
    18.3500000        0.03195933        0.01086974
    18.4000000        0.03674787        0.01191856
    18.4500000        0.04006551        0.01319846
    18.5000000        0.04681140        0.01209962
    18.5500000        0.04624044        0.01428539
    18.6000000        0.05076984        0.01614535
    18.6500000        0.05714590        0.01503641
    18.7000000        0.06533116        0.01601961
    18.7500000        0.06791182        0.01455806
    18.8000000        0.06969932        0.01595535
    18.8500000        0.07266053        0.01553992
    18.9000000        0.07855994        0.01789887
    18.9500000        0.08851418        0.01808408
    19.0000000        0.09604981        0.01870957
    19.0500000        0.11071294        0.02099334
    19.1000000        0.12679749        0.02425046
    19.1500000        0.14718288        0.02687401
    19.2000000        0.16365917        0.02639007
    19.2500000        0.17769290        0.02980911
    19.3000000        0.19577244        0.03041136
    19.3500000        0.22904665        0.03298609
    19.4000000        0.28119711        0.02926855
    19.4500000        0.33568905        0.02921723
    19.5000000        0.40615582        0.03257183
    19.5500000        0.46957838        0.03516985
    19.6000000        0.55591818        0.03651921
    19.6500000        0.64458514        0.03712103
    19.7000000        0.76493030        0.03764116
    19.7500000        0.92323472        0.03839435
    19.8000000        1.11072789        0.03630106
    19.8500000        1.36708292        0.03062954
    19.9000000        1.70567410        0.02311252
    19.9500000        2.10236022        0.02230584
    20.0000000        2.62877337        0.02857081
