         401           6   40.0000000000000                2
     0.0000000        1.00000000        0.00000000
     0.1000000        0.84577401        0.00008138
     0.2000000        0.72203256        0.00007299
     0.3000000        0.62138470        0.00010117
     0.4000000        0.53861145        0.00007787
     0.5000000        0.47000664        0.00006998
     0.6000000        0.41254171        0.00013574
     0.7000000        0.36429360        0.00021061
     0.8000000        0.32325975        0.00015487
     0.9000000        0.28821176        0.00013122
     1.0000000        0.25823456        0.00015872
     1.1000000        0.23259174        0.00013299
     1.2000000        0.21034310        0.00012244
     1.3000000        0.19096193        0.00015265
     1.4000000        0.17414726        0.00008759
     1.5000000        0.15934677        0.00010067
     1.6000000        0.14647900        0.00010224
     1.7000000        0.13499519        0.00011684
     1.8000000        0.12486238        0.00010880
     1.9000000        0.11589227        0.00010714
     2.0000000        0.10788698        0.00009459
     2.1000000        0.10081953        0.00006177
     2.2000000        0.09455935        0.00008510
     2.3000000        0.08889389        0.00011990
     2.4000000        0.08385492        0.00009669
     2.5000000        0.07932939        0.00011330
     2.6000000        0.07526749        0.00013022
     2.7000000        0.07150049        0.00011496
     2.8000000        0.06815565        0.00014780
     2.9000000        0.06511739        0.00014092
     3.0000000        0.06237339        0.00011985
     3.1000000        0.05986718        0.00011546
     3.2000000        0.05750978        0.00011687
     3.3000000        0.05543050        0.00011287
     3.4000000        0.05355333        0.00012683
     3.5000000        0.05179129        0.00012293
     3.6000000        0.05019654        0.00013042
     3.7000000        0.04874705        0.00012870
     3.8000000        0.04738540        0.00012537
     3.9000000        0.04611973        0.00011449
     4.0000000        0.04497862        0.00010344
     4.1000000        0.04390742        0.00012054
     4.2000000        0.04295042        0.00011167
     4.3000000        0.04201681        0.00011424
     4.4000000        0.04113375        0.00012716
     4.5000000        0.04031917        0.00011255
     4.6000000        0.03957529        0.00013367
     4.7000000        0.03887325        0.00011263
     4.8000000        0.03821076        0.00011342
     4.9000000        0.03757728        0.00012461
     5.0000000        0.03701803        0.00012448
     5.1000000        0.03646926        0.00012646
     5.2000000        0.03591086        0.00011429
     5.3000000        0.03545320        0.00012999
     5.4000000        0.03501354        0.00009870
     5.5000000        0.03457574        0.00008776
     5.6000000        0.03413737        0.00009404
     5.7000000        0.03371785        0.00009850
     5.8000000        0.03332291        0.00010159
     5.9000000        0.03299208        0.00011084
     6.0000000        0.03263975        0.00011366
     6.1000000        0.03228987        0.00011055
     6.2000000        0.03197081        0.00012041
     6.3000000        0.03163065        0.00012708
     6.4000000        0.03132737        0.00010728
     6.5000000        0.03101065        0.00010677
     6.6000000        0.03071034        0.00009509
     6.7000000        0.03043382        0.00008183
     6.8000000        0.03013434        0.00009728
     6.9000000        0.02987587        0.00011040
     7.0000000        0.02960444        0.00013395
     7.1000000        0.02932032        0.00013149
     7.2000000        0.02907975        0.00013015
     7.3000000        0.02881484        0.00013124
     7.4000000        0.02858333        0.00013698
     7.5000000        0.02836994        0.00013781
     7.6000000        0.02815543        0.00014863
     7.7000000        0.02792154        0.00015128
     7.8000000        0.02771751        0.00014415
     7.9000000        0.02750970        0.00015986
     8.0000000        0.02728232        0.00016553
     8.1000000        0.02705826        0.00015673
     8.2000000        0.02688582        0.00016954
     8.3000000        0.02673247        0.00015801
     8.4000000        0.02652463        0.00016033
     8.5000000        0.02632929        0.00016804
     8.6000000        0.02612985        0.00015879
     8.7000000        0.02594463        0.00013733
     8.8000000        0.02578721        0.00013343
     8.9000000        0.02556936        0.00015043
     9.0000000        0.02536082        0.00015091
     9.1000000        0.02519889        0.00015258
     9.2000000        0.02505581        0.00014312
     9.3000000        0.02491089        0.00014354
     9.4000000        0.02476357        0.00013667
     9.5000000        0.02460674        0.00013538
     9.6000000        0.02444260        0.00014927
     9.7000000        0.02428837        0.00015350
     9.8000000        0.02414152        0.00014838
     9.9000000        0.02403662        0.00015202
    10.0000000        0.02391621        0.00014963
    10.1000000        0.02377283        0.00014735
    10.2000000        0.02360964        0.00015727
    10.3000000        0.02344894        0.00016616
    10.4000000        0.02329400        0.00017777
    10.5000000        0.02316530        0.00019015
    10.6000000        0.02305524        0.00018453
    10.7000000        0.02290778        0.00019706
    10.8000000        0.02278486        0.00019503
    10.9000000        0.02262742        0.00018145
    11.0000000        0.02252001        0.00015793
    11.1000000        0.02233994        0.00016345
    11.2000000        0.02221632        0.00017318
    11.3000000        0.02211335        0.00018135
    11.4000000        0.02199415        0.00017834
    11.5000000        0.02188760        0.00017423
    11.6000000        0.02175458        0.00015735
    11.7000000        0.02162678        0.00015384
    11.8000000        0.02148481        0.00016709
    11.9000000        0.02135557        0.00015665
    12.0000000        0.02123939        0.00015309
    12.1000000        0.02114366        0.00016331
    12.2000000        0.02104945        0.00015943
    12.3000000        0.02094841        0.00015440
    12.4000000        0.02083351        0.00015430
    12.5000000        0.02071228        0.00016474
    12.6000000        0.02064726        0.00016295
    12.7000000        0.02057973        0.00015550
    12.8000000        0.02049602        0.00017586
    12.9000000        0.02037857        0.00017728
    13.0000000        0.02026536        0.00018386
    13.1000000        0.02017948        0.00017200
    13.2000000        0.02006824        0.00017970
    13.3000000        0.01994857        0.00018938
    13.4000000        0.01985552        0.00019664
    13.5000000        0.01980786        0.00019290
    13.6000000        0.01972620        0.00019980
    13.7000000        0.01958725        0.00020015
    13.8000000        0.01952962        0.00019897
    13.9000000        0.01944033        0.00019246
    14.0000000        0.01935610        0.00020266
    14.1000000        0.01930859        0.00020171
    14.2000000        0.01921137        0.00018649
    14.3000000        0.01913314        0.00019513
    14.4000000        0.01910417        0.00018317
    14.5000000        0.01902522        0.00017078
    14.6000000        0.01897453        0.00017861
    14.7000000        0.01890128        0.00018512
    14.8000000        0.01884052        0.00017282
    14.9000000        0.01875712        0.00019055
    15.0000000        0.01868281        0.00017627
    15.1000000        0.01860524        0.00018289
    15.2000000        0.01853228        0.00019175
    15.3000000        0.01849374        0.00018874
    15.4000000        0.01846103        0.00017871
    15.5000000        0.01840191        0.00017812
    15.6000000        0.01833022        0.00017757
    15.7000000        0.01829478        0.00015861
    15.8000000        0.01824987        0.00015982
    15.9000000        0.01820105        0.00014512
    16.0000000        0.01816061        0.00015178
    16.1000000        0.01811811        0.00017529
    16.2000000        0.01804906        0.00016933
    16.3000000        0.01799525        0.00018061
    16.4000000        0.01797650        0.00017696
    16.5000000        0.01790464        0.00018222
    16.6000000        0.01785993        0.00018465
    16.7000000        0.01783099        0.00017519
    16.8000000        0.01778520        0.00017705
    16.9000000        0.01775536        0.00017970
    17.0000000        0.01771121        0.00018781
    17.1000000        0.01765918        0.00017919
    17.2000000        0.01763753        0.00018729
    17.3000000        0.01761081        0.00017901
    17.4000000        0.01758303        0.00018376
    17.5000000        0.01754893        0.00018372
    17.6000000        0.01752504        0.00019989
    17.7000000        0.01750049        0.00019947
    17.8000000        0.01748186        0.00020291
    17.9000000        0.01747879        0.00020762
    18.0000000        0.01746351        0.00021189
    18.1000000        0.01744239        0.00020856
    18.2000000        0.01741813        0.00019218
    18.3000000        0.01737323        0.00021055
    18.4000000        0.01736195        0.00022034
    18.5000000        0.01730853        0.00023709
    18.6000000        0.01726162        0.00023575
    18.7000000        0.01725797        0.00023886
    18.8000000        0.01726512        0.00023558
    18.9000000        0.01724202        0.00021421
    19.0000000        0.01724649        0.00020669
    19.1000000        0.01722305        0.00020418
    19.2000000        0.01721489        0.00021573
    19.3000000        0.01720519        0.00021444
    19.4000000        0.01720975        0.00022781
    19.5000000        0.01719591        0.00022729
    19.6000000        0.01718683        0.00022914
    19.7000000        0.01718732        0.00023568
    19.8000000        0.01720890        0.00022691
    19.9000000        0.01720133        0.00021151
    20.0000000        0.01720449        0.00021219
    20.1000000        0.01720790        0.00022412
    20.2000000        0.01722553        0.00022533
    20.3000000        0.01720851        0.00021546
    20.4000000        0.01719596        0.00022316
    20.5000000        0.01717120        0.00021129
    20.6000000        0.01717562        0.00020338
    20.7000000        0.01716896        0.00020267
    20.8000000        0.01718147        0.00021040
    20.9000000        0.01718263        0.00022892
    21.0000000        0.01718428        0.00023847
    21.1000000        0.01720824        0.00024207
    21.2000000        0.01722371        0.00024105
    21.3000000        0.01725256        0.00022894
    21.4000000        0.01723655        0.00022114
    21.5000000        0.01726814        0.00021908
    21.6000000        0.01730636        0.00021485
    21.7000000        0.01735679        0.00021189
    21.8000000        0.01737841        0.00021110
    21.9000000        0.01739710        0.00021566
    22.0000000        0.01743832        0.00021256
    22.1000000        0.01749946        0.00021632
    22.2000000        0.01754334        0.00021769
    22.3000000        0.01758021        0.00021037
    22.4000000        0.01762713        0.00019723
    22.5000000        0.01763825        0.00019595
    22.6000000        0.01766576        0.00018927
    22.7000000        0.01768563        0.00018417
    22.8000000        0.01771042        0.00018406
    22.9000000        0.01777597        0.00019596
    23.0000000        0.01783197        0.00020250
    23.1000000        0.01787342        0.00021627
    23.2000000        0.01790692        0.00020492
    23.3000000        0.01794679        0.00017797
    23.4000000        0.01798023        0.00017354
    23.5000000        0.01800867        0.00016307
    23.6000000        0.01806320        0.00016210
    23.7000000        0.01812135        0.00017254
    23.8000000        0.01816973        0.00016030
    23.9000000        0.01817954        0.00015313
    24.0000000        0.01827109        0.00016389
    24.1000000        0.01834815        0.00017815
    24.2000000        0.01840754        0.00016971
    24.3000000        0.01846475        0.00016275
    24.4000000        0.01851312        0.00014958
    24.5000000        0.01856497        0.00016198
    24.6000000        0.01862782        0.00016484
    24.7000000        0.01867153        0.00017216
    24.8000000        0.01875422        0.00018495
    24.9000000        0.01882580        0.00020040
    25.0000000        0.01890248        0.00020806
    25.1000000        0.01896027        0.00019906
    25.2000000        0.01900868        0.00017816
    25.3000000        0.01908184        0.00017976
    25.4000000        0.01917461        0.00017473
    25.5000000        0.01926113        0.00018171
    25.6000000        0.01934025        0.00019010
    25.7000000        0.01939399        0.00019102
    25.8000000        0.01947519        0.00018855
    25.9000000        0.01954813        0.00017380
    26.0000000        0.01961342        0.00017261
    26.1000000        0.01966264        0.00018177
    26.2000000        0.01975666        0.00019339
    26.3000000        0.01987131        0.00018202
    26.4000000        0.01992768        0.00017691
    26.5000000        0.02003841        0.00018442
    26.6000000        0.02010291        0.00018442
    26.7000000        0.02017596        0.00017649
    26.8000000        0.02025322        0.00018186
    26.9000000        0.02033622        0.00019010
    27.0000000        0.02043949        0.00018716
    27.1000000        0.02051911        0.00018922
    27.2000000        0.02062924        0.00017622
    27.3000000        0.02074282        0.00018913
    27.4000000        0.02084656        0.00018899
    27.5000000        0.02097492        0.00018072
    27.6000000        0.02108786        0.00019003
    27.7000000        0.02119046        0.00017327
    27.8000000        0.02127994        0.00015917
    27.9000000        0.02137657        0.00017160
    28.0000000        0.02148409        0.00017318
    28.1000000        0.02160011        0.00017499
    28.2000000        0.02173216        0.00016272
    28.3000000        0.02185851        0.00016561
    28.4000000        0.02196992        0.00016801
    28.5000000        0.02211954        0.00017725
    28.6000000        0.02226283        0.00018102
    28.7000000        0.02238270        0.00017748
    28.8000000        0.02254072        0.00017838
    28.9000000        0.02266481        0.00017716
    29.0000000        0.02281090        0.00016536
    29.1000000        0.02291747        0.00017053
    29.2000000        0.02308432        0.00017107
    29.3000000        0.02319427        0.00017521
    29.4000000        0.02333171        0.00016785
    29.5000000        0.02343398        0.00016234
    29.6000000        0.02356107        0.00017664
    29.7000000        0.02368659        0.00015795
    29.8000000        0.02382034        0.00014178
    29.9000000        0.02395471        0.00014796
    30.0000000        0.02409446        0.00014144
    30.1000000        0.02424072        0.00014402
    30.2000000        0.02440019        0.00014990
    30.3000000        0.02454508        0.00016601
    30.4000000        0.02470938        0.00016140
    30.5000000        0.02484506        0.00015902
    30.6000000        0.02498771        0.00016207
    30.7000000        0.02517613        0.00015476
    30.8000000        0.02531481        0.00014126
    30.9000000        0.02547184        0.00013601
    31.0000000        0.02565067        0.00015338
    31.1000000        0.02581856        0.00016433
    31.2000000        0.02600574        0.00016829
    31.3000000        0.02619056        0.00016310
    31.4000000        0.02635184        0.00016925
    31.5000000        0.02653226        0.00016854
    31.6000000        0.02671269        0.00017974
    31.7000000        0.02689992        0.00018169
    31.8000000        0.02708690        0.00017674
    31.9000000        0.02727099        0.00016947
    32.0000000        0.02745357        0.00017624
    32.1000000        0.02766918        0.00017667
    32.2000000        0.02784140        0.00016774
    32.3000000        0.02806092        0.00015897
    32.4000000        0.02828813        0.00017335
    32.5000000        0.02855745        0.00018373
    32.6000000        0.02877419        0.00018382
    32.7000000        0.02897696        0.00016243
    32.8000000        0.02923416        0.00016101
    32.9000000        0.02947325        0.00014559
    33.0000000        0.02974996        0.00015958
    33.1000000        0.03000390        0.00015134
    33.2000000        0.03026772        0.00017310
    33.3000000        0.03056163        0.00016736
    33.4000000        0.03084695        0.00015911
    33.5000000        0.03110413        0.00016526
    33.6000000        0.03142571        0.00014207
    33.7000000        0.03169848        0.00013884
    33.8000000        0.03203141        0.00011987
    33.9000000        0.03234750        0.00014566
    34.0000000        0.03273219        0.00013470
    34.1000000        0.03310482        0.00014573
    34.2000000        0.03348932        0.00015215
    34.3000000        0.03385462        0.00014995
    34.4000000        0.03426327        0.00014424
    34.5000000        0.03470206        0.00015895
    34.6000000        0.03511955        0.00018102
    34.7000000        0.03556690        0.00018066
    34.8000000        0.03611884        0.00016817
    34.9000000        0.03663860        0.00015976
    35.0000000        0.03716041        0.00016633
    35.1000000        0.03771288        0.00017413
    35.2000000        0.03833793        0.00017051
    35.3000000        0.03901877        0.00017392
    35.4000000        0.03969019        0.00016330
    35.5000000        0.04042786        0.00016624
    35.6000000        0.04124439        0.00016101
    35.7000000        0.04207556        0.00017072
    35.8000000        0.04299238        0.00017709
    35.9000000        0.04398227        0.00015732
    36.0000000        0.04501789        0.00014943
    36.1000000        0.04618221        0.00013131
    36.2000000        0.04745914        0.00013942
    36.3000000        0.04881124        0.00014251
    36.4000000        0.05029330        0.00013633
    36.5000000        0.05191241        0.00012563
    36.6000000        0.05365361        0.00012916
    36.7000000        0.05552967        0.00013783
    36.8000000        0.05764422        0.00013282
    36.9000000        0.05996576        0.00016124
    37.0000000        0.06245004        0.00016243
    37.1000000        0.06518575        0.00019130
    37.2000000        0.06815267        0.00017032
    37.3000000        0.07146363        0.00016173
    37.4000000        0.07516746        0.00015144
    37.5000000        0.07930523        0.00013476
    37.6000000        0.08383299        0.00012563
    37.7000000        0.08888510        0.00013320
    37.8000000        0.09454274        0.00015721
    37.9000000        0.10087284        0.00013517
    38.0000000        0.10797414        0.00015094
    38.1000000        0.11587485        0.00015336
    38.2000000        0.12485530        0.00015981
    38.3000000        0.13501234        0.00019729
    38.4000000        0.14642829        0.00021203
    38.5000000        0.15943670        0.00023452
    38.6000000        0.17426284        0.00021315
    38.7000000        0.19111848        0.00022359
    38.8000000        0.21048564        0.00023345
    38.9000000        0.23266133        0.00022438
    39.0000000        0.25834425        0.00017317
    39.1000000        0.28824464        0.00020387
    39.2000000        0.32316934        0.00019716
    39.3000000        0.36412525        0.00019611
    39.4000000        0.41238068        0.00018439
    39.5000000        0.46973136        0.00017077
    39.6000000        0.53837818        0.00012162
    39.7000000        0.62111437        0.00015945
    39.8000000        0.72195152        0.00010979
    39.9000000        0.84591760        0.00016658
    40.0000000        1.00000000        0.00000000
