     0.0000000        0.45545347        0.02389493
     0.1000000        0.35670531        0.04530860
     0.2000000        0.31792736        0.02026295
     0.3000000        0.27879747        0.03561684
     0.4000000        0.24469025        0.02742437
     0.5000000        0.17449604        0.02922208
     0.6000000        0.15290378        0.04652161
     0.7000000        0.09102808        0.05421179
     0.8000000        0.00193514        0.10014845
     0.9000000       -0.01796406        0.07354429
     1.0000000        0.04377656        0.03798822
     1.1000000       -0.02975217        0.07470818
     1.2000000       -0.09546289        0.13388399
     1.3000000       -0.04948046        0.06980432
     1.4000000        0.00638807        0.02214948
     1.5000000        0.08580136        0.03022325
     1.6000000        0.05430978        0.02340454
     1.7000000        0.09844058        0.01760214
     1.8000000        0.08238401        0.02827831
     1.9000000        0.05211569        0.03548989
     2.0000000        0.03748297        0.03593897
     2.1000000        0.08934012        0.04161718
     2.2000000        0.04376432        0.01166481
     2.3000000        0.04466639        0.02122867
     2.4000000        0.04638566        0.04647198
     2.5000000       -0.06828368        0.06643131
     2.6000000       -0.07084721        0.05322593
     2.7000000       -0.06499569        0.06625656
     2.8000000        0.37019284        0.41982398
     2.9000000        0.16342619        0.15028844
     3.0000000        0.06454377        0.05880701
     3.1000000        0.08368216        0.04968697
     3.2000000        0.09465612        0.05890292
     3.3000000        0.03135049        0.03045106
     3.4000000       -0.00686345        0.02772881
     3.5000000        0.00712740        0.02775986
     3.6000000        0.05637760        0.03300936
     3.7000000        0.01025800        0.04523462
     3.8000000        0.01309095        0.02383061
     3.9000000       -0.07719642        0.07680268
     4.0000000        0.04140892        0.03965818
     4.1000000        0.01267216        0.03393615
     4.2000000        0.00310677        0.01632181
     4.3000000       -0.00193049        0.02761808
     4.4000000        0.01723384        0.02056212
     4.5000000       -0.00714744        0.02689676
     4.6000000        0.02769810        0.02513534
     4.7000000        0.04498615        0.02343346
     4.8000000       -0.11647284        0.14503754
     4.9000000        0.05187090        0.02910541
     5.0000000       -0.00263393        0.08814175
     5.1000000        0.06015326        0.11650657
     5.2000000        0.17467088        0.40925246
     5.3000000        0.04915126        0.14293225
     5.4000000        0.27367102        0.30043762
     5.5000000        0.13956972        0.12940179
     5.6000000        0.25910695        0.21338545
     5.7000000        0.53132142        0.56943548
     5.8000000        0.19047094        0.20945232
     5.9000000       -0.00977604        0.02884409
     6.0000000        0.08908571        0.06317955
     6.1000000        0.11293387        0.05559916
     6.2000000        0.05981977        0.06504515
     6.3000000        0.00727064        0.03782833
     6.4000000       -0.09191249        0.08604553
     6.5000000       -0.00871031        0.04581186
     6.6000000        0.01106262        0.03867712
     6.7000000       -0.02324859        0.04669911
     6.8000000        0.12870059        0.12339785
     6.9000000        0.05516783        0.03806884
     7.0000000        0.05451401        0.03553671
     7.1000000       -0.04028245        0.09616700
     7.2000000       -0.27795885        0.27401480
     7.3000000       -0.05826342        0.16164528
     7.4000000       -0.08487397        0.14010473
     7.5000000        0.82360510        0.85999633
     7.6000000       -0.01556381        0.05633488
     7.7000000       -0.03333693        0.09176401
     7.8000000        0.02040979        0.06866380
     7.9000000        0.00888459        0.05610115
     8.0000000        0.00927225        0.03950482
     8.1000000        0.10103313        0.06027589
     8.2000000        0.06142506        0.08515023
     8.3000000        0.05679777        0.04380495
     8.4000000        0.03930381        0.02592380
     8.5000000        0.04233877        0.04252780
     8.6000000        0.08309261        0.04913825
     8.7000000        0.07528790        0.06467001
     8.8000000        0.18150588        0.24038595
     8.9000000        0.10259035        0.08839226
     9.0000000        0.10254880        0.09490605
     9.1000000        0.17836258        0.02878457
     9.2000000        0.17804918        0.06491977
     9.3000000        0.26147548        0.04948559
     9.4000000        0.18523302        0.03436608
     9.5000000        0.25063870        0.03532961
     9.6000000        0.34163903        0.05814301
     9.7000000        0.26736833        0.02166439
     9.8000000        0.34442529        0.03542073
     9.9000000        0.38140178        0.03626335
    10.0000000        0.45545347        0.02389493
