     0.0000000        2.00000000        0.00000000
     0.1000000        1.41275407        0.00099209
     0.2000000        1.00785756        0.00247474
     0.3000000        0.72121252        0.00401580
     0.4000000        0.51836296        0.00292601
     0.5000000        0.37582645        0.00292456
     0.6000000        0.28220046        0.00376074
     0.7000000        0.20643436        0.00363202
     0.8000000        0.15681317        0.00348090
     0.9000000        0.11340687        0.00356334
     1.0000000        0.08573849        0.00391120
     1.1000000        0.06068343        0.00245728
     1.2000000        0.04415293        0.00207874
     1.3000000        0.02978546        0.00284766
     1.4000000        0.02364056        0.00156356
     1.5000000        0.01630719        0.00232527
     1.6000000        0.01478739        0.00250559
     1.7000000        0.00874862        0.00340792
     1.8000000        0.00789324        0.00269744
     1.9000000        0.00599902        0.00141951
     2.0000000        0.00328290        0.00292830
     2.1000000       -0.00291105        0.00297614
     2.2000000       -0.00082518        0.00373877
     2.3000000        0.00374667        0.00110754
     2.4000000        0.00552646        0.00250029
     2.5000000        0.00479416        0.00142707
     2.6000000        0.00400613        0.00267715
     2.7000000        0.00006532        0.00385702
     2.8000000        0.00152371        0.00298002
     2.9000000       -0.00126519        0.00301255
     3.0000000       -0.00114083        0.00376623
     3.1000000        0.00327576        0.00291472
     3.2000000        0.00404963        0.00113504
     3.3000000        0.00034557        0.00129985
     3.4000000        0.00278508        0.00407455
     3.5000000        0.00276350        0.00277263
     3.6000000       -0.00165238        0.00171678
     3.7000000       -0.00320614        0.00160448
     3.8000000        0.00180491        0.00299577
     3.9000000        0.00303880        0.00214595
     4.0000000       -0.00027550        0.00108952
     4.1000000       -0.00085455        0.00274544
     4.2000000       -0.00013474        0.00250649
     4.3000000        0.00207042        0.00318523
     4.4000000        0.00372455        0.00263472
     4.5000000        0.00230483        0.00398030
     4.6000000       -0.00151288        0.00451799
     4.7000000        0.00027713        0.00361348
     4.8000000        0.00052933        0.00315568
     4.9000000        0.00170725        0.00422253
     5.0000000        0.00433028        0.00270124
     5.1000000        0.00066666        0.00159440
     5.2000000        0.00136312        0.00166141
     5.3000000       -0.00036588        0.00278541
     5.4000000        0.00352771        0.00144950
     5.5000000       -0.00020146        0.00090379
     5.6000000        0.00085209        0.00248805
     5.7000000        0.00230530        0.00356693
     5.8000000        0.00237034        0.00390455
     5.9000000        0.00424873        0.00437634
     6.0000000        0.00380786        0.00338457
     6.1000000        0.00266100        0.00469777
     6.2000000       -0.00195926        0.00304022
     6.3000000       -0.00173748        0.00202619
     6.4000000       -0.00034348        0.00212483
     6.5000000       -0.00228769        0.00166310
     6.6000000       -0.00359639        0.00253085
     6.7000000       -0.00264661        0.00140705
     6.8000000       -0.00188081        0.00145929
     6.9000000       -0.00235249        0.00244015
     7.0000000       -0.00500663        0.00338330
     7.1000000       -0.00121357        0.00199676
     7.2000000       -0.00002117        0.00168401
     7.3000000        0.00180959        0.00137255
     7.4000000       -0.00001049        0.00240424
     7.5000000        0.00096104        0.00292170
     7.6000000       -0.00187445        0.00184670
     7.7000000       -0.00102647        0.00120832
     7.8000000       -0.00134679        0.00252244
     7.9000000       -0.00055006        0.00395017
     8.0000000        0.00114770        0.00409025
     8.1000000        0.00582922        0.00447636
     8.2000000        0.00481325        0.00305633
     8.3000000        0.01014162        0.00226507
     8.4000000        0.01516054        0.00297014
     8.5000000        0.01910884        0.00277607
     8.6000000        0.02634617        0.00199373
     8.7000000        0.03279055        0.00408710
     8.8000000        0.04568398        0.00655339
     8.9000000        0.06399311        0.00458859
     9.0000000        0.08461838        0.00479947
     9.1000000        0.11635298        0.00399922
     9.2000000        0.15248613        0.00439442
     9.3000000        0.20622340        0.00342175
     9.4000000        0.27758149        0.00465591
     9.5000000        0.38451011        0.00300730
     9.6000000        0.52725079        0.00541624
     9.7000000        0.72856486        0.00384437
     9.8000000        1.01129940        0.00277697
     9.9000000        1.41436892        0.00296542
    10.0000000        2.00000000        0.00000000
