     0.0000000        0.67695081        0.03217632
     0.1000000        0.57321350        0.02761924
     0.2000000        0.48561489        0.02753257
     0.3000000        0.31438361        0.06186325
     0.4000000        0.30467110        0.03193837
     0.5000000        0.24808847        0.06705101
     0.6000000        0.27108525        0.02862433
     0.7000000        0.28966922        0.03634255
     0.8000000        0.31984708        0.06642368
     0.9000000        0.25958143        0.03886414
     1.0000000        0.22881017        0.03135219
     1.1000000        0.21913890        0.04329106
     1.2000000        0.29614640        0.10430953
     1.3000000        0.01565799        0.13948335
     1.4000000        0.28327028        0.10208505
     1.5000000        0.66713790        0.49967866
     1.6000000        0.38881476        0.20331908
     1.7000000        0.27916496        0.14679087
     1.8000000        0.35070756        0.26911714
     1.9000000        0.18848858        0.11285419
     2.0000000       -0.06897164        0.13348658
     2.1000000       -0.11642952        0.22109303
     2.2000000        0.08704189        0.07723951
     2.3000000        0.09000328        0.06983619
     2.4000000        0.08274254        0.03502997
     2.5000000        0.10948347        0.04411018
     2.6000000        0.11433896        0.02986598
     2.7000000        0.12282122        0.02448016
     2.8000000        0.14373142        0.04470435
     2.9000000        0.18680250        0.04104262
     3.0000000        0.16050672        0.02284202
     3.1000000        0.19958532        0.04180202
     3.2000000        0.25032727        0.07684660
     3.3000000        0.09379453        0.06702343
     3.4000000        0.01042009        0.11213458
     3.5000000        0.04100957        0.07243681
     3.6000000        0.12358103        0.07066331
     3.7000000        0.22383445        0.05070492
     3.8000000        0.29747885        0.12045599
     3.9000000        0.21473604        0.06490597
     4.0000000        0.29156237        0.12073241
     4.1000000        0.24388989        0.07120411
     4.2000000        0.28391975        0.09228659
     4.3000000        0.28671079        0.04350390
     4.4000000        0.25974111        0.02277399
     4.5000000        0.29842103        0.03792180
     4.6000000        0.41717122        0.03902191
     4.7000000        0.44543498        0.04059628
     4.8000000        0.50803791        0.03610280
     4.9000000        0.59448908        0.05704487
     5.0000000        0.67695081        0.03217632
