     0.0000000        0.41315144        0.01489208
     0.1000000        0.31307178        0.01905670
     0.2000000        0.24863107        0.02857955
     0.3000000        0.19597897        0.02628413
     0.4000000        0.15510754        0.02147964
     0.5000000        0.11906234        0.01096417
     0.6000000        0.08659846        0.00019059
     0.7000000        0.06241883        0.01128031
     0.8000000        0.04407143        0.01627817
     0.9000000        0.03166975        0.01982803
     1.0000000        0.02168723        0.02026596
     1.1000000        0.01129475        0.02428784
     1.2000000        0.00375054        0.02718041
     1.3000000        0.00183754        0.02260613
     1.4000000       -0.00072141        0.02030654
     1.5000000       -0.00103863        0.01579425
     1.6000000        0.00198898        0.00930029
     1.7000000        0.00422375        0.00434172
     1.8000000        0.00523999        0.00166417
     1.9000000        0.00430923        0.00126975
     2.0000000        0.00192181        0.00229280
     2.1000000       -0.00141374        0.00526890
     2.2000000       -0.00273683        0.00589944
     2.3000000       -0.00281621        0.00651064
     2.4000000       -0.00195127        0.00535518
     2.5000000       -0.00167436        0.00597814
     2.6000000       -0.00137853        0.00524178
     2.7000000       -0.00119453        0.00599220
     2.8000000       -0.00168072        0.00671455
     2.9000000       -0.00279730        0.00677427
     3.0000000       -0.00278703        0.00557521
     3.1000000       -0.00297578        0.00439514
     3.2000000       -0.00249024        0.00332065
     3.3000000       -0.00161675        0.00145189
     3.4000000       -0.00133171        0.00093937
     3.5000000       -0.00085292        0.00071028
     3.6000000       -0.00124467        0.00176309
     3.7000000       -0.00121567        0.00217776
     3.8000000       -0.00033234        0.00285358
     3.9000000        0.00042714        0.00346326
     4.0000000        0.00122548        0.00308862
     4.1000000        0.00194353        0.00185149
     4.2000000        0.00142370        0.00185182
     4.3000000        0.00094932        0.00125682
     4.4000000        0.00013225        0.00078848
     4.5000000       -0.00039388        0.00023088
     4.6000000       -0.00042753        0.00011180
     4.7000000       -0.00053198        0.00006138
     4.8000000       -0.00039209        0.00030189
     4.9000000       -0.00026209        0.00030071
     5.0000000       -0.00072045        0.00040042
     5.1000000       -0.00121951        0.00048105
     5.2000000       -0.00118503        0.00012537
     5.3000000       -0.00089325        0.00015223
     5.4000000       -0.00089330        0.00011292
     5.5000000       -0.00088231        0.00020807
     5.6000000       -0.00064860        0.00114230
     5.7000000       -0.00060334        0.00105996
     5.8000000        0.00026236        0.00145295
     5.9000000        0.00106767        0.00227790
     6.0000000        0.00131330        0.00205056
     6.1000000        0.00077374        0.00182037
     6.2000000       -0.00016753        0.00135524
     6.3000000       -0.00092993        0.00119972
     6.4000000       -0.00187110        0.00041183
     6.5000000       -0.00181994        0.00095879
     6.6000000       -0.00161067        0.00151554
     6.7000000       -0.00174810        0.00188546
     6.8000000       -0.00140847        0.00267706
     6.9000000       -0.00057436        0.00403790
     7.0000000       -0.00004329        0.00443900
     7.1000000        0.00022439        0.00475089
     7.2000000       -0.00029541        0.00576470
     7.3000000       -0.00164470        0.00599300
     7.4000000       -0.00231868        0.00525868
     7.5000000       -0.00229214        0.00366422
     7.6000000       -0.00288824        0.00194040
     7.7000000       -0.00294186        0.00150823
     7.8000000       -0.00217647        0.00009232
     7.9000000       -0.00069827        0.00030493
     8.0000000        0.00147089        0.00048295
     8.1000000        0.00374245        0.00011229
     8.2000000        0.00584417        0.00046281
     8.3000000        0.00801005        0.00003172
     8.4000000        0.00936768        0.00005433
     8.5000000        0.01096477        0.00162923
     8.6000000        0.01367612        0.00188577
     8.7000000        0.01833841        0.00142850
     8.8000000        0.02244271        0.00283251
     8.9000000        0.02636873        0.00416649
     9.0000000        0.03263448        0.00528221
     9.1000000        0.03973575        0.00506493
     9.2000000        0.05187499        0.00223645
     9.3000000        0.06794046        0.00039010
     9.4000000        0.08855970        0.00059441
     9.5000000        0.11313038        0.00212901
     9.6000000        0.14164900        0.00539898
     9.7000000        0.19003750        0.00723908
     9.8000000        0.24175793        0.00742017
     9.9000000        0.31673940        0.01225041
    10.0000000        0.41315144        0.01489208
