     0.0000000        2.00000000        0.00000005
     0.1000000        1.58312500        0.00504879
     0.2000000        1.26888156        0.00524701
     0.3000000        1.02307362        0.00713840
     0.4000000        0.82860065        0.00468724
     0.5000000        0.67943057        0.00747969
     0.6000000        0.55880513        0.01211114
     0.7000000        0.46530563        0.01025241
     0.8000000        0.38911706        0.00092283
     0.9000000        0.32164813        0.00499182
     1.0000000        0.26733975        0.00148617
     1.1000000        0.21915787        0.00474396
     1.2000000        0.17738100        0.00584187
     1.3000000        0.14390322        0.00195998
     1.4000000        0.11739930        0.00214680
     1.5000000        0.09689684        0.00188085
     1.6000000        0.07955927        0.00109507
     1.7000000        0.06699309        0.00425759
     1.8000000        0.05605186        0.00187222
     1.9000000        0.05138590        0.00406068
     2.0000000        0.04158586        0.00689867
     2.1000000        0.03689353        0.00430614
     2.2000000        0.03230540        0.00180616
     2.3000000        0.02071913        0.00374919
     2.4000000        0.01466977        0.00256852
     2.5000000        0.01308015        0.00162100
     2.6000000        0.01075657        0.00202869
     2.7000000        0.01103621        0.00258778
     2.8000000        0.01235329        0.00335398
     2.9000000        0.01173366        0.00405450
     3.0000000        0.01223117        0.00094708
     3.1000000        0.00801788        0.00152997
     3.2000000        0.00645661        0.00333449
     3.3000000        0.00588433        0.00394473
     3.4000000        0.00327950        0.00156254
     3.5000000        0.00404543        0.00352246
     3.6000000        0.00231560        0.00672859
     3.7000000        0.00203733        0.00145277
     3.8000000        0.00707966        0.00080981
     3.9000000        0.00525456        0.00117047
     4.0000000        0.00766533        0.00140005
     4.1000000        0.00492867        0.00216012
     4.2000000        0.00451761        0.00433094
     4.3000000        0.00409962        0.00542038
     4.4000000       -0.00184329        0.00715853
     4.5000000       -0.00356649        0.00911574
     4.6000000       -0.00069221        0.00693862
     4.7000000        0.00152837        0.00277778
     4.8000000        0.00186162        0.00087551
     4.9000000        0.00015030        0.00183329
     5.0000000       -0.00016700        0.00137152
     5.1000000       -0.00047199        0.00737524
     5.2000000       -0.00219071        0.00406406
     5.3000000       -0.00189797        0.00360558
     5.4000000       -0.00266624        0.00497913
     5.5000000       -0.00128968        0.00455929
     5.6000000        0.00092535        0.00582726
     5.7000000       -0.00384854        0.00442270
     5.8000000       -0.00417623        0.00434562
     5.9000000       -0.00160694        0.00182315
     6.0000000       -0.00018102        0.00168335
     6.1000000        0.00179256        0.00315510
     6.2000000        0.00263848        0.00466521
     6.3000000        0.00672887        0.00639585
     6.4000000        0.00711177        0.00733295
     6.5000000        0.00677103        0.00512973
     6.6000000        0.00796599        0.00558563
     6.7000000        0.00914136        0.00431096
     6.8000000        0.00709916        0.00384805
     6.9000000        0.01014979        0.00230842
     7.0000000        0.01004471        0.00257335
     7.1000000        0.01383558        0.00485958
     7.2000000        0.01984275        0.00551896
     7.3000000        0.01991955        0.00633778
     7.4000000        0.02700984        0.00755529
     7.5000000        0.02685281        0.00514984
     7.6000000        0.02717644        0.00271071
     7.7000000        0.03031130        0.00327501
     7.8000000        0.02947825        0.00497433
     7.9000000        0.03827730        0.00460287
     8.0000000        0.04475614        0.00270316
     8.1000000        0.05382679        0.00736853
     8.2000000        0.07000143        0.00259714
     8.3000000        0.07560532        0.00261550
     8.4000000        0.09277962        0.00238678
     8.5000000        0.10845133        0.00497630
     8.6000000        0.13012370        0.00494382
     8.7000000        0.15632282        0.00265682
     8.8000000        0.18440840        0.00238716
     8.9000000        0.21944852        0.00147970
     9.0000000        0.26336363        0.00441091
     9.1000000        0.31749328        0.00936710
     9.2000000        0.38656262        0.00255808
     9.3000000        0.45575096        0.00534081
     9.4000000        0.56078240        0.00839643
     9.5000000        0.68437824        0.00802876
     9.6000000        0.83635958        0.00561638
     9.7000000        1.02828607        0.00348323
     9.8000000        1.27745459        0.00343670
     9.9000000        1.58645735        0.00252720
    10.0000000        2.00000000        0.00000005
