     0.0000000        0.22629003        0.00250619
     0.1000000        0.13001300        0.00208922
     0.2000000        0.07628331        0.00165314
     0.3000000        0.04576415        0.00123270
     0.4000000        0.02806716        0.00087430
     0.5000000        0.01768609        0.00052143
     0.6000000        0.01121852        0.00041632
     0.7000000        0.00732931        0.00029511
     0.8000000        0.00492183        0.00017017
     0.9000000        0.00321458        0.00012965
     1.0000000        0.00211799        0.00011830
     1.1000000        0.00137672        0.00010425
     1.2000000        0.00094627        0.00009036
     1.3000000        0.00064847        0.00008446
     1.4000000        0.00044845        0.00008983
     1.5000000        0.00034587        0.00007083
     1.6000000        0.00025253        0.00007853
     1.7000000        0.00018292        0.00005908
     1.8000000        0.00011190        0.00005819
     1.9000000        0.00010755        0.00007205
     2.0000000        0.00009523        0.00007900
     2.1000000        0.00009035        0.00007175
     2.2000000        0.00009654        0.00006471
     2.3000000        0.00008443        0.00004960
     2.4000000        0.00008356        0.00004916
     2.5000000        0.00007881        0.00005348
     2.6000000        0.00007508        0.00005157
     2.7000000        0.00005387        0.00005469
     2.8000000        0.00003159        0.00004379
     2.9000000        0.00001600        0.00003506
     3.0000000        0.00000538        0.00003372
     3.1000000       -0.00001218        0.00004127
     3.2000000       -0.00001341        0.00003628
     3.3000000       -0.00001782        0.00003467
     3.4000000       -0.00002970        0.00003432
     3.5000000       -0.00003275        0.00003061
     3.6000000       -0.00003309        0.00002323
     3.7000000       -0.00003764        0.00001934
     3.8000000       -0.00003514        0.00001790
     3.9000000       -0.00002315        0.00001439
     4.0000000       -0.00001090        0.00001133
     4.1000000        0.00001312        0.00001656
     4.2000000        0.00001828        0.00001984
     4.3000000        0.00002475        0.00002180
     4.4000000        0.00002458        0.00001984
     4.5000000        0.00002075        0.00001755
     4.6000000        0.00001827        0.00001668
     4.7000000        0.00001701        0.00001556
     4.8000000        0.00002171        0.00001820
     4.9000000        0.00002761        0.00002482
     5.0000000        0.00002517        0.00002590
     5.1000000        0.00003159        0.00001890
     5.2000000        0.00002490        0.00002251
     5.3000000        0.00001328        0.00002897
     5.4000000        0.00001501        0.00002227
     5.5000000        0.00002102        0.00001828
     5.6000000        0.00002608        0.00001622
     5.7000000        0.00003152        0.00001339
     5.8000000        0.00003441        0.00001395
     5.9000000        0.00003605        0.00001840
     6.0000000        0.00002637        0.00002414
     6.1000000        0.00002227        0.00002534
     6.2000000        0.00002057        0.00003571
     6.3000000        0.00003358        0.00003180
     6.4000000        0.00003171        0.00003196
     6.5000000        0.00004417        0.00002681
     6.6000000        0.00005580        0.00002709
     6.7000000        0.00005725        0.00003121
     6.8000000        0.00004814        0.00003312
     6.9000000        0.00004057        0.00003777
     7.0000000        0.00004771        0.00005061
     7.1000000        0.00004234        0.00005299
     7.2000000        0.00003396        0.00005085
     7.3000000        0.00001727        0.00003935
     7.4000000        0.00003832        0.00004936
     7.5000000        0.00002591        0.00004594
     7.6000000       -0.00001022        0.00006194
     7.7000000       -0.00002979        0.00009442
     7.8000000       -0.00007734        0.00015005
     7.9000000       -0.00014167        0.00018718
     8.0000000       -0.00028751        0.00031941
     8.1000000       -0.00037256        0.00040805
     8.2000000       -0.00030722        0.00045298
     8.3000000       -0.00017435        0.00045876
     8.4000000       -0.00011729        0.00045031
     8.5000000        0.00005565        0.00045770
     8.6000000        0.00033372        0.00037524
     8.7000000        0.00052046        0.00036585
     8.8000000        0.00069517        0.00048786
     8.9000000        0.00095082        0.00062094
     9.0000000        0.00133957        0.00070754
     9.1000000        0.00232867        0.00073219
     9.2000000        0.00387534        0.00082013
     9.3000000        0.00623499        0.00093138
     9.4000000        0.00981193        0.00133622
     9.5000000        0.01641794        0.00133254
     9.6000000        0.02698556        0.00167475
     9.7000000        0.04467077        0.00200135
     9.8000000        0.07546590        0.00212664
     9.9000000        0.12975499        0.00225985
    10.0000000        0.22629003        0.00250619
