     0.0000000        0.34319008        0.03498471
     0.1000000        0.12752862        0.04470032
     0.2000000        0.05203028        0.02948953
     0.3000000        0.02487780        0.02037845
     0.4000000        0.01588262        0.01465587
     0.5000000        0.01654333        0.01375970
     0.6000000        0.01290265        0.02618243
     0.7000000        0.00546868        0.03633550
     0.8000000       -0.00072521        0.03982293
     0.9000000       -0.00250604        0.03732153
     1.0000000       -0.00382358        0.04278426
     1.1000000       -0.01539703        0.04849162
     1.2000000       -0.02143148        0.05494385
     1.3000000       -0.02062490        0.05508339
     1.4000000       -0.02489281        0.05685018
     1.5000000       -0.02031061        0.05054872
     1.6000000       -0.01384624        0.03566989
     1.7000000       -0.00747185        0.01241815
     1.8000000        0.00004969        0.00873509
     1.9000000       -0.00413253        0.01367431
     2.0000000       -0.01028691        0.01618976
     2.1000000       -0.01615650        0.01038249
     2.2000000       -0.01113093        0.00561332
     2.3000000       -0.00902223        0.00600863
     2.4000000       -0.01308655        0.00642599
     2.5000000       -0.01381116        0.00872516
     2.6000000       -0.00769663        0.00991327
     2.7000000       -0.00978676        0.01256222
     2.8000000       -0.00987969        0.01037779
     2.9000000       -0.01240483        0.00936032
     3.0000000       -0.01615406        0.01006587
     3.1000000       -0.01699927        0.00972938
     3.2000000       -0.01404127        0.01087480
     3.3000000       -0.01868963        0.00729610
     3.4000000       -0.01583376        0.00007408
     3.5000000       -0.01080625        0.00038177
     3.6000000       -0.00965061        0.00076196
     3.7000000       -0.01019507        0.01767404
     3.8000000       -0.00909606        0.02584610
     3.9000000       -0.01635563        0.02795879
     4.0000000       -0.01850749        0.02645686
     4.1000000       -0.02195474        0.01921220
     4.2000000       -0.01639661        0.01912578
     4.3000000       -0.01866276        0.01444877
     4.4000000       -0.01642051        0.00545143
     4.5000000       -0.01626190        0.00266560
     4.6000000       -0.01349132        0.00906799
     4.7000000       -0.01274299        0.00555585
     4.8000000       -0.00547529        0.00618181
     4.9000000       -0.00467189        0.00126388
     5.0000000       -0.00685547        0.00693292
     5.1000000       -0.01378313        0.00556400
     5.2000000       -0.01324817        0.00798701
     5.3000000       -0.01034676        0.00348877
     5.4000000       -0.00739123        0.00027917
     5.5000000       -0.00989815        0.00471486
     5.6000000       -0.00824627        0.01048656
     5.7000000       -0.00367483        0.00848407
     5.8000000        0.00065329        0.00967378
     5.9000000        0.00054857        0.00745018
     6.0000000       -0.00066661        0.00409367
     6.1000000       -0.00197692        0.00798162
     6.2000000        0.00065122        0.01025398
     6.3000000        0.00283750        0.01215974
     6.4000000        0.00203278        0.00376780
     6.5000000       -0.00168787        0.00417886
     6.6000000       -0.00164914        0.00396996
     6.7000000        0.00269458        0.00216813
     6.8000000        0.00547173        0.01048338
     6.9000000        0.01084722        0.01761214
     7.0000000        0.01164935        0.01088847
     7.1000000        0.01442351        0.00301933
     7.2000000        0.01245646        0.00131797
     7.3000000        0.00749334        0.00290964
     7.4000000        0.00725910        0.00848214
     7.5000000        0.00679981        0.00357724
     7.6000000        0.00105270        0.00244042
     7.7000000       -0.00272541        0.00245216
     7.8000000       -0.00431864        0.00413223
     7.9000000       -0.00411390        0.00359301
     8.0000000       -0.00058206        0.01013296
     8.1000000        0.00281574        0.02220232
     8.2000000        0.00537746        0.02084857
     8.3000000        0.00146601        0.01953135
     8.4000000        0.00432904        0.02060011
     8.5000000       -0.00303756        0.02095543
     8.6000000       -0.01046728        0.02698701
     8.7000000       -0.01653535        0.02329961
     8.8000000       -0.02200884        0.01208291
     8.9000000       -0.02025168        0.01347575
     9.0000000       -0.01441878        0.01003273
     9.1000000       -0.00478150        0.00353843
     9.2000000        0.00402370        0.00063031
     9.3000000        0.00392254        0.00408743
     9.4000000       -0.00758888        0.02127398
     9.5000000       -0.01607071        0.04676610
     9.6000000       -0.02573099        0.06772701
     9.7000000        0.00500893        0.04424000
     9.8000000        0.03588754        0.04363536
     9.9000000        0.11322073        0.03345102
    10.0000000        0.34319008        0.03498471
