     0.0000000        2.00000000        0.00000004
     0.1000000        1.40973349        0.01136741
     0.2000000        1.00752650        0.01225044
     0.3000000        0.71859620        0.00753063
     0.4000000        0.51191700        0.00586898
     0.5000000        0.36830528        0.00824700
     0.6000000        0.26665489        0.01111981
     0.7000000        0.19541040        0.00796207
     0.8000000        0.14556468        0.00291260
     0.9000000        0.10694282        0.00326237
     1.0000000        0.08356952        0.00774858
     1.1000000        0.06026001        0.00474928
     1.2000000        0.04284032        0.00568876
     1.3000000        0.03427107        0.00580741
     1.4000000        0.02863843        0.00254897
     1.5000000        0.02379551        0.00037528
     1.6000000        0.01698195        0.00160440
     1.7000000        0.01143635        0.00228789
     1.8000000        0.00618400        0.00145146
     1.9000000        0.00795212        0.00320060
     2.0000000        0.00612708        0.00266426
     2.1000000        0.00552790        0.00827863
     2.2000000        0.00725043        0.00685378
     2.3000000        0.00520886        0.00490103
     2.4000000        0.00408735        0.00305180
     2.5000000        0.00483374        0.00220348
     2.6000000        0.00200860        0.00283781
     2.7000000        0.00326872        0.00124542
     2.8000000        0.00418050        0.00085563
     2.9000000        0.00078903        0.00564465
     3.0000000        0.00332157        0.00193373
     3.1000000       -0.00776879        0.00097021
     3.2000000       -0.00339119        0.00187139
     3.3000000       -0.00296659        0.00194794
     3.4000000       -0.00199313        0.00447537
     3.5000000        0.00001473        0.00303545
     3.6000000       -0.00167807        0.00186694
     3.7000000       -0.00315899        0.00078696
     3.8000000       -0.00063975        0.00108643
     3.9000000       -0.00413675        0.00342883
     4.0000000       -0.00306466        0.00175715
     4.1000000       -0.00317344        0.00229025
     4.2000000       -0.00391408        0.00115653
     4.3000000       -0.00004269        0.00491024
     4.4000000       -0.00042612        0.00503467
     4.5000000        0.00426839        0.01061179
     4.6000000        0.00451082        0.00772143
     4.7000000        0.00888339        0.00515500
     4.8000000        0.00842680        0.00130879
     4.9000000        0.00838787        0.00541959
     5.0000000        0.00430789        0.00147336
     5.1000000        0.00061092        0.00064137
     5.2000000        0.00041872        0.00138187
     5.3000000        0.00208425        0.00152718
     5.4000000       -0.00004174        0.00154442
     5.5000000       -0.00436212        0.00230647
     5.6000000        0.00051814        0.00187809
     5.7000000        0.00160414        0.00286759
     5.8000000        0.00146230        0.00275623
     5.9000000        0.00282597        0.00043746
     6.0000000        0.00156721        0.00484299
     6.1000000        0.00159607        0.00562154
     6.2000000       -0.00089083        0.00492530
     6.3000000       -0.00249637        0.00312694
     6.4000000       -0.00565264        0.00176438
     6.5000000       -0.00552716        0.00640353
     6.6000000       -0.00052675        0.00368352
     6.7000000       -0.00351615        0.00299854
     6.8000000       -0.00234246        0.00365536
     6.9000000       -0.00402457        0.00481880
     7.0000000       -0.00086477        0.00470253
     7.1000000       -0.00040241        0.00388978
     7.2000000       -0.00084898        0.00366819
     7.3000000        0.00006169        0.00307502
     7.4000000       -0.00008170        0.00207616
     7.5000000        0.00241598        0.00234246
     7.6000000        0.00418027        0.00362544
     7.7000000        0.00350717        0.00586044
     7.8000000        0.00344181        0.00360311
     7.9000000        0.00375131        0.00337020
     8.0000000        0.00274550        0.00248077
     8.1000000        0.00207982        0.00752302
     8.2000000        0.00360028        0.00349896
     8.3000000        0.00640713        0.00163199
     8.4000000        0.01776704        0.00306513
     8.5000000        0.01930640        0.00531164
     8.6000000        0.02587547        0.00809353
     8.7000000        0.03583631        0.00908687
     8.8000000        0.04151162        0.00906963
     8.9000000        0.06182296        0.01122202
     9.0000000        0.08566994        0.00859607
     9.1000000        0.10861714        0.00590508
     9.2000000        0.14066481        0.00450524
     9.3000000        0.19809521        0.00618707
     9.4000000        0.27716088        0.00615545
     9.5000000        0.37764059        0.00101508
     9.6000000        0.51448092        0.00081883
     9.7000000        0.71418033        0.00548901
     9.8000000        0.99958382        0.00341960
     9.9000000        1.41106487        0.00054382
    10.0000000        2.00000000        0.00000000
