     0.0000000        0.43305273        0.02860214
     0.0500000        0.37487727        0.02711776
     0.1000000        0.32854203        0.02581271
     0.1500000        0.29157544        0.02463581
     0.2000000        0.26209682        0.02342196
     0.2500000        0.23792118        0.02224981
     0.3000000        0.21780013        0.02130895
     0.3500000        0.20116510        0.02042611
     0.4000000        0.18671472        0.01987070
     0.4500000        0.17431666        0.01955453
     0.5000000        0.16380193        0.01935484
     0.5500000        0.15506883        0.01905961
     0.6000000        0.14749903        0.01887245
     0.6500000        0.13996255        0.01862279
     0.7000000        0.13380698        0.01870384
     0.7500000        0.12865201        0.01897570
     0.8000000        0.12506005        0.01907569
     0.8500000        0.12219971        0.01938161
     0.9000000        0.12108411        0.01933125
     0.9500000        0.11883849        0.01898044
     1.0000000        0.11659675        0.01861007
     1.0500000        0.11411295        0.01816630
     1.1000000        0.11132669        0.01796618
     1.1500000        0.10841109        0.01803993
     1.2000000        0.10499073        0.01828524
     1.2500000        0.10179249        0.01841594
     1.3000000        0.09877382        0.01841320
     1.3500000        0.09508091        0.01861044
     1.4000000        0.09194848        0.01843377
     1.4500000        0.08884422        0.01814503
     1.5000000        0.08501983        0.01770943
     1.5500000        0.08129940        0.01722103
     1.6000000        0.07835254        0.01682166
     1.6500000        0.07555154        0.01642664
     1.7000000        0.07243536        0.01608111
     1.7500000        0.06887604        0.01583586
     1.8000000        0.06545741        0.01574926
     1.8500000        0.06216773        0.01593962
     1.9000000        0.05904206        0.01579491
     1.9500000        0.05556852        0.01570847
     2.0000000        0.05252393        0.01569418
     2.0500000        0.05001648        0.01580329
     2.1000000        0.04736675        0.01570422
     2.1500000        0.04558138        0.01544512
     2.2000000        0.04408070        0.01527432
     2.2500000        0.04226395        0.01523094
     2.3000000        0.04121052        0.01492648
     2.3500000        0.04014380        0.01445494
     2.4000000        0.03910287        0.01417197
     2.4500000        0.03797821        0.01388262
     2.5000000        0.03734111        0.01372196
     2.5500000        0.03729528        0.01354302
     2.6000000        0.03726770        0.01338030
     2.6500000        0.03725758        0.01309919
     2.7000000        0.03714828        0.01295697
     2.7500000        0.03704362        0.01296407
     2.8000000        0.03649561        0.01297602
     2.8500000        0.03658699        0.01298865
     2.9000000        0.03681804        0.01276458
     2.9500000        0.03684360        0.01255417
     3.0000000        0.03596386        0.01179550
     3.0500000        0.03550240        0.01103517
     3.1000000        0.03603751        0.01047822
     3.1500000        0.03584829        0.00989378
     3.2000000        0.03544331        0.00935044
     3.2500000        0.03490692        0.00889645
     3.3000000        0.03423794        0.00855611
     3.3500000        0.03396341        0.00840728
     3.4000000        0.03351711        0.00841546
     3.4500000        0.03332874        0.00827346
     3.5000000        0.03377394        0.00815949
     3.5500000        0.03493824        0.00823713
     3.6000000        0.03614011        0.00835169
     3.6500000        0.03592285        0.00821884
     3.7000000        0.03534143        0.00790801
     3.7500000        0.03454544        0.00756640
     3.8000000        0.03414134        0.00735401
     3.8500000        0.03356533        0.00686816
     3.9000000        0.03214604        0.00634905
     3.9500000        0.02981424        0.00565778
     4.0000000        0.02712375        0.00525656
     4.0500000        0.02382561        0.00513723
     4.1000000        0.02132531        0.00555523
     4.1500000        0.01964167        0.00594593
     4.2000000        0.01875564        0.00639990
     4.2500000        0.01882090        0.00640425
     4.3000000        0.01880990        0.00634273
     4.3500000        0.01876289        0.00626568
     4.4000000        0.01922218        0.00643461
     4.4500000        0.01979046        0.00673304
     4.5000000        0.01977804        0.00691029
     4.5500000        0.01972381        0.00703668
     4.6000000        0.01930126        0.00706684
     4.6500000        0.01943234        0.00701110
     4.7000000        0.01905118        0.00696571
     4.7500000        0.01811924        0.00688202
     4.8000000        0.01730792        0.00677343
     4.8500000        0.01630208        0.00669784
     4.9000000        0.01502849        0.00668095
     4.9500000        0.01354733        0.00675125
     5.0000000        0.01254250        0.00679101
     5.0500000        0.01196329        0.00685423
     5.1000000        0.01137102        0.00702480
     5.1500000        0.01039795        0.00718578
     5.2000000        0.00938619        0.00727340
     5.2500000        0.00846155        0.00745401
     5.3000000        0.00770131        0.00741961
     5.3500000        0.00726779        0.00744840
     5.4000000        0.00666410        0.00740097
     5.4500000        0.00603022        0.00740726
     5.5000000        0.00605492        0.00737674
     5.5500000        0.00635790        0.00742604
     5.6000000        0.00694632        0.00738641
     5.6500000        0.00762897        0.00725495
     5.7000000        0.00808898        0.00697563
     5.7500000        0.00859720        0.00662438
     5.8000000        0.00909157        0.00640718
     5.8500000        0.00930258        0.00619413
     5.9000000        0.00901405        0.00607553
     5.9500000        0.00855613        0.00599111
     6.0000000        0.00837498        0.00589154
     6.0500000        0.00796582        0.00597742
     6.1000000        0.00730566        0.00595881
     6.1500000        0.00645760        0.00608331
     6.2000000        0.00626524        0.00623711
     6.2500000        0.00589041        0.00640949
     6.3000000        0.00579144        0.00614135
     6.3500000        0.00581215        0.00586981
     6.4000000        0.00582483        0.00563914
     6.4500000        0.00578449        0.00554920
     6.5000000        0.00551618        0.00552488
     6.5500000        0.00547040        0.00553180
     6.6000000        0.00541560        0.00561865
     6.6500000        0.00553684        0.00585763
     6.7000000        0.00612320        0.00588963
     6.7500000        0.00646904        0.00596866
     6.8000000        0.00668380        0.00608848
     6.8500000        0.00648844        0.00611050
     6.9000000        0.00623081        0.00617176
     6.9500000        0.00580030        0.00639623
     7.0000000        0.00519692        0.00678417
     7.0500000        0.00516240        0.00718555
     7.1000000        0.00571213        0.00734988
     7.1500000        0.00532955        0.00745461
     7.2000000        0.00483624        0.00715203
     7.2500000        0.00464093        0.00683008
     7.3000000        0.00475360        0.00656250
     7.3500000        0.00478086        0.00621884
     7.4000000        0.00443013        0.00599603
     7.4500000        0.00450700        0.00586336
     7.5000000        0.00489447        0.00584047
     7.5500000        0.00543530        0.00580053
     7.6000000        0.00617073        0.00581750
     7.6500000        0.00713208        0.00605148
     7.7000000        0.00810090        0.00636183
     7.7500000        0.00857465        0.00661049
     7.8000000        0.00891452        0.00684388
     7.8500000        0.00882537        0.00681182
     7.9000000        0.00854975        0.00665566
     7.9500000        0.00845083        0.00672705
     8.0000000        0.00822729        0.00664920
     8.0500000        0.00806952        0.00655044
     8.1000000        0.00787736        0.00637459
     8.1500000        0.00785507        0.00628914
     8.2000000        0.00774929        0.00615813
     8.2500000        0.00736466        0.00585042
     8.3000000        0.00676375        0.00565146
     8.3500000        0.00618525        0.00541934
     8.4000000        0.00564640        0.00522886
     8.4500000        0.00537651        0.00508629
     8.5000000        0.00565055        0.00506453
     8.5500000        0.00612879        0.00501305
     8.6000000        0.00646248        0.00489801
     8.6500000        0.00667559        0.00467877
     8.7000000        0.00639270        0.00447449
     8.7500000        0.00541655        0.00428737
     8.8000000        0.00456517        0.00418872
     8.8500000        0.00387186        0.00412548
     8.9000000        0.00318824        0.00415471
     8.9500000        0.00303000        0.00432435
     9.0000000        0.00312415        0.00442832
     9.0500000        0.00269134        0.00460732
     9.1000000        0.00223406        0.00481686
     9.1500000        0.00170933        0.00477839
     9.2000000        0.00090393        0.00466455
     9.2500000       -0.00065015        0.00441400
     9.3000000       -0.00185812        0.00420126
     9.3500000       -0.00288409        0.00392992
     9.4000000       -0.00328515        0.00359275
     9.4500000       -0.00325012        0.00333731
     9.5000000       -0.00308712        0.00316650
     9.5500000       -0.00256048        0.00300120
     9.6000000       -0.00193928        0.00285980
     9.6500000       -0.00194839        0.00281298
     9.7000000       -0.00188205        0.00295788
     9.7500000       -0.00238293        0.00389755
     9.8000000       -0.00362112        0.00552290
     9.8500000       -0.00546710        0.00727650
     9.9000000       -0.00724576        0.00935086
     9.9500000       -0.00984628        0.01163125
    10.0000000       -0.01207814        0.01420416
    10.0500000       -0.01147036        0.01422641
    10.1000000       -0.01048604        0.01413890
    10.1500000       -0.00941961        0.01414843
    10.2000000       -0.00856451        0.01418408
    10.2500000       -0.00632684        0.01213018
    10.3000000       -0.00423423        0.01032063
    10.3500000       -0.00203922        0.00888493
    10.4000000       -0.00030904        0.00769626
    10.4500000        0.00083707        0.00667805
    10.5000000        0.00107005        0.00610554
    10.5500000        0.00114004        0.00567850
    10.6000000        0.00097688        0.00543052
    10.6500000        0.00150575        0.00535566
    10.7000000        0.00242147        0.00547493
    10.7500000        0.00362297        0.00531565
    10.8000000        0.00486451        0.00499915
    10.8500000        0.00596779        0.00482690
    10.9000000        0.00673236        0.00457180
    10.9500000        0.00731260        0.00443987
    11.0000000        0.00794180        0.00466221
    11.0500000        0.00829396        0.00512253
    11.1000000        0.00813245        0.00587493
    11.1500000        0.00724780        0.00598455
    11.2000000        0.00489076        0.00483911
    11.2500000        0.00295126        0.00412877
    11.3000000        0.00150491        0.00389967
    11.3500000        0.00025690        0.00409955
    11.4000000       -0.00064096        0.00459539
    11.4500000       -0.00117916        0.00500689
    11.5000000       -0.00159994        0.00535471
    11.5500000       -0.00189964        0.00559981
    11.6000000       -0.00235675        0.00582084
    11.6500000       -0.00245773        0.00595150
    11.7000000       -0.00270776        0.00595495
    11.7500000       -0.00294391        0.00600893
    11.8000000       -0.00312246        0.00612969
    11.8500000       -0.00355152        0.00638728
    11.9000000       -0.00401591        0.00666017
    11.9500000       -0.00497895        0.00684710
    12.0000000       -0.00580244        0.00713033
    12.0500000       -0.00643615        0.00744824
    12.1000000       -0.00716302        0.00779332
    12.1500000       -0.00773443        0.00788843
    12.2000000       -0.00834611        0.00806962
    12.2500000       -0.00902547        0.00824689
    12.3000000       -0.01014407        0.00845172
    12.3500000       -0.01068184        0.00813259
    12.4000000       -0.01084074        0.00762136
    12.4500000       -0.01082718        0.00737619
    12.5000000       -0.01080459        0.00712038
    12.5500000       -0.01038668        0.00696672
    12.6000000       -0.01006931        0.00667116
    12.6500000       -0.00997944        0.00672239
    12.7000000       -0.00986639        0.00696165
    12.7500000       -0.00952434        0.00716431
    12.8000000       -0.00899836        0.00743105
    12.8500000       -0.00823233        0.00755129
    12.9000000       -0.00713297        0.00751893
    12.9500000       -0.00617001        0.00739529
    13.0000000       -0.00542030        0.00708621
    13.0500000       -0.00531468        0.00657219
    13.1000000       -0.00527215        0.00623357
    13.1500000       -0.00584846        0.00586803
    13.2000000       -0.00624574        0.00557486
    13.2500000       -0.00627170        0.00556686
    13.3000000       -0.00635842        0.00563665
    13.3500000       -0.00624010        0.00591477
    13.4000000       -0.00582150        0.00619932
    13.4500000       -0.00576629        0.00647402
    13.5000000       -0.00564096        0.00682262
    13.5500000       -0.00578675        0.00704414
    13.6000000       -0.00612307        0.00728403
    13.6500000       -0.00652606        0.00745981
    13.7000000       -0.00687215        0.00768227
    13.7500000       -0.00684088        0.00774484
    13.8000000       -0.00666878        0.00773732
    13.8500000       -0.00658801        0.00784682
    13.9000000       -0.00610917        0.00807876
    13.9500000       -0.00494484        0.00812517
    14.0000000       -0.00398396        0.00816624
    14.0500000       -0.00325470        0.00824463
    14.1000000       -0.00274710        0.00845195
    14.1500000       -0.00298266        0.00890671
    14.2000000       -0.00337512        0.00946461
    14.2500000       -0.00362752        0.00980222
    14.3000000       -0.00471465        0.00997568
    14.3500000       -0.00563673        0.01012387
    14.4000000       -0.00712950        0.01061441
    14.4500000       -0.00909458        0.01144990
    14.5000000       -0.01222234        0.01297846
    14.5500000       -0.01579350        0.01506583
    14.6000000       -0.01887116        0.01719459
    14.6500000       -0.02197371        0.01978593
    14.7000000       -0.02464558        0.02238997
    14.7500000       -0.02433103        0.02207380
    14.8000000       -0.02377024        0.02170647
    14.8500000       -0.02074832        0.02004517
    14.9000000       -0.01897164        0.01892109
    14.9500000       -0.01644757        0.01683607
    15.0000000       -0.01380576        0.01477832
    15.0500000       -0.01121010        0.01313555
    15.1000000       -0.00836646        0.01168799
    15.1500000       -0.00676900        0.01047133
    15.2000000       -0.00595936        0.00951487
    15.2500000       -0.00566796        0.00875298
    15.3000000       -0.00497322        0.00804562
    15.3500000       -0.00462785        0.00746800
    15.4000000       -0.00443806        0.00718989
    15.4500000       -0.00413614        0.00715756
    15.5000000       -0.00501278        0.00693395
    15.5500000       -0.00610685        0.00691668
    15.6000000       -0.00694555        0.00702626
    15.6500000       -0.00765764        0.00714741
    15.7000000       -0.00833359        0.00701318
    15.7500000       -0.00936032        0.00672133
    15.8000000       -0.00970375        0.00678434
    15.8500000       -0.00931597        0.00713080
    15.9000000       -0.00856223        0.00740698
    15.9500000       -0.00731126        0.00770523
    16.0000000       -0.00596708        0.00799852
    16.0500000       -0.00496659        0.00847456
    16.1000000       -0.00462770        0.00916214
    16.1500000       -0.00453173        0.00987551
    16.2000000       -0.00422856        0.00983877
    16.2500000       -0.00381941        0.00973007
    16.3000000       -0.00318540        0.00970494
    16.3500000       -0.00232076        0.00960232
    16.4000000       -0.00101111        0.00922231
    16.4500000        0.00051565        0.00901479
    16.5000000        0.00107831        0.00899414
    16.5500000        0.00120777        0.00933194
    16.6000000        0.00105012        0.00979655
    16.6500000        0.00104886        0.01020701
    16.7000000        0.00151819        0.01077616
    16.7500000        0.00139725        0.01139732
    16.8000000        0.00111348        0.01187289
    16.8500000        0.00134542        0.01241356
    16.9000000        0.00216747        0.01284267
    16.9500000        0.00398111        0.01296413
    17.0000000        0.00616175        0.01293469
    17.0500000        0.00835092        0.01326353
    17.1000000        0.00958688        0.01336476
    17.1500000        0.01072807        0.01325124
    17.2000000        0.01268800        0.01347290
    17.2500000        0.01377609        0.01358913
    17.3000000        0.01435568        0.01380444
    17.3500000        0.01443236        0.01387820
    17.4000000        0.01335184        0.01388845
    17.4500000        0.01248840        0.01413616
    17.5000000        0.01196463        0.01452003
    17.5500000        0.01159988        0.01517479
    17.6000000        0.01231872        0.01603494
    17.6500000        0.01304318        0.01666553
    17.7000000        0.01400482        0.01749820
    17.7500000        0.01522350        0.01833453
    17.8000000        0.01685427        0.01917453
    17.8500000        0.01878166        0.02010823
    17.9000000        0.02060335        0.02095057
    17.9500000        0.02219076        0.02165910
    18.0000000        0.02312225        0.02242050
    18.0500000        0.02310737        0.02322911
    18.1000000        0.02359241        0.02392002
    18.1500000        0.02453028        0.02465755
    18.2000000        0.02539049        0.02560156
    18.2500000        0.02619631        0.02629662
    18.3000000        0.02543548        0.02662849
    18.3500000        0.02517766        0.02692482
    18.4000000        0.02570194        0.02723675
    18.4500000        0.02658259        0.02771973
    18.5000000        0.02796181        0.02837799
    18.5500000        0.02902133        0.02914406
    18.6000000        0.03002377        0.03013395
    18.6500000        0.03074337        0.03101142
    18.7000000        0.03096115        0.03174632
    18.7500000        0.03169380        0.03216517
    18.8000000        0.03318871        0.03245483
    18.8500000        0.03456317        0.03274201
    18.9000000        0.03702727        0.03295442
    18.9500000        0.04008533        0.03299045
    19.0000000        0.04482708        0.03285322
    19.0500000        0.05036905        0.03273445
    19.1000000        0.05760869        0.03247772
    19.1500000        0.06639478        0.03167610
    19.2000000        0.07579311        0.03084747
    19.2500000        0.08521925        0.03032778
    19.3000000        0.09435526        0.02977883
    19.3500000        0.10291382        0.02915900
    19.4000000        0.11165684        0.02874216
    19.4500000        0.12148980        0.02846864
    19.5000000        0.13201850        0.02832408
    19.5500000        0.14454771        0.02783907
    19.6000000        0.15934517        0.02728427
    19.6500000        0.17724260        0.02680130
    19.7000000        0.19788192        0.02620022
    19.7500000        0.22208782        0.02583988
    19.8000000        0.25010438        0.02570647
    19.8500000        0.28382376        0.02562939
    19.9000000        0.32448216        0.02602864
    19.9500000        0.37344848        0.02697253
    20.0000000        0.43305273        0.02860214
