     0.0000000        1.00000000        0.00000006
     0.1000000        0.80101524        0.00097657
     0.2000000        0.65393534        0.00109334
     0.3000000        0.54320323        0.00148869
     0.4000000        0.45847342        0.00155120
     0.5000000        0.39286723        0.00136563
     0.6000000        0.34047105        0.00144821
     0.7000000        0.30047398        0.00159739
     0.8000000        0.26528720        0.00149623
     0.9000000        0.23677975        0.00145356
     1.0000000        0.21304866        0.00121703
     1.1000000        0.19269842        0.00164497
     1.2000000        0.17615568        0.00183307
     1.3000000        0.16107562        0.00196956
     1.4000000        0.14747992        0.00209384
     1.5000000        0.13663344        0.00191677
     1.6000000        0.12713691        0.00205452
     1.7000000        0.11822449        0.00230143
     1.8000000        0.11337580        0.00234384
     1.9000000        0.10686296        0.00242695
     2.0000000        0.10114908        0.00251285
     2.1000000        0.09846142        0.00244702
     2.2000000        0.09565408        0.00256794
     2.3000000        0.09366474        0.00250254
     2.4000000        0.09251925        0.00227776
     2.5000000        0.09214701        0.00234266
     2.6000000        0.09188724        0.00219570
     2.7000000        0.09307445        0.00216594
     2.8000000        0.09469229        0.00210591
     2.9000000        0.09639104        0.00211067
     3.0000000        0.10002179        0.00208832
     3.1000000        0.10638377        0.00220075
     3.2000000        0.11123688        0.00209498
     3.3000000        0.11744345        0.00233253
     3.4000000        0.12570830        0.00254164
     3.5000000        0.13373705        0.00238058
     3.6000000        0.14482694        0.00201629
     3.7000000        0.15942357        0.00214581
     3.8000000        0.17411791        0.00175646
     3.9000000        0.19215281        0.00207775
     4.0000000        0.21234277        0.00199994
     4.1000000        0.23610298        0.00195880
     4.2000000        0.26483743        0.00198837
     4.3000000        0.30027093        0.00177194
     4.4000000        0.34300571        0.00181688
     4.5000000        0.39541514        0.00168044
     4.6000000        0.46271498        0.00167976
     4.7000000        0.54541208        0.00136140
     4.8000000        0.65566160        0.00138149
     4.9000000        0.80122624        0.00108615
     5.0000000        1.00000000        0.00000006
