     0.0000000        1.51574274        0.00186284
     0.1000000        1.29213385        0.00401588
     0.2000000        1.11833040        0.00482427
     0.3000000        0.97633194        0.00329422
     0.4000000        0.86093993        0.00426125
     0.5000000        0.76614886        0.00575925
     0.6000000        0.68581081        0.00523805
     0.7000000        0.62002313        0.00376226
     0.8000000        0.56451868        0.00343667
     0.9000000        0.51771212        0.00117792
     1.0000000        0.47818520        0.00165367
     1.1000000        0.44445836        0.00432843
     1.2000000        0.41455052        0.00791063
     1.3000000        0.38648482        0.01252843
     1.4000000        0.36064944        0.01592439
     1.5000000        0.33693475        0.01704241
     1.6000000        0.31778716        0.01760183
     1.7000000        0.30392603        0.01892157
     1.8000000        0.29239654        0.01793813
     1.9000000        0.28089410        0.01563981
     2.0000000        0.26953892        0.01601746
     2.1000000        0.26015799        0.01660040
     2.2000000        0.25359051        0.01580188
     2.3000000        0.24764925        0.01670969
     2.4000000        0.24000437        0.01774268
     2.5000000        0.23479367        0.01816642
     2.6000000        0.22834626        0.01721271
     2.7000000        0.22569114        0.01657748
     2.8000000        0.22194669        0.01536108
     2.9000000        0.21774544        0.01521901
     3.0000000        0.21517875        0.01566012
     3.1000000        0.21217678        0.01350309
     3.2000000        0.20761514        0.01370806
     3.3000000        0.20592945        0.01348191
     3.4000000        0.20590678        0.01294504
     3.5000000        0.20254927        0.01073317
     3.6000000        0.19884713        0.01061797
     3.7000000        0.19625859        0.01242205
     3.8000000        0.19265995        0.01282293
     3.9000000        0.18954258        0.01424358
     4.0000000        0.18622094        0.01428774
     4.1000000        0.18229730        0.01386387
     4.2000000        0.17950690        0.01518058
     4.3000000        0.18037671        0.01576537
     4.4000000        0.18284615        0.01742994
     4.5000000        0.18316118        0.01975470
     4.6000000        0.18256875        0.01952596
     4.7000000        0.18317440        0.01763933
     4.8000000        0.18363127        0.01545175
     4.9000000        0.18406775        0.01363235
     5.0000000        0.18409745        0.01294863
     5.1000000        0.18291110        0.01377896
     5.2000000        0.18279757        0.01601799
     5.3000000        0.18174795        0.01417750
     5.4000000        0.18177542        0.01369509
     5.5000000        0.18219678        0.01294818
     5.6000000        0.18345671        0.01359658
     5.7000000        0.18391358        0.01463297
     5.8000000        0.18290827        0.01409875
     5.9000000        0.18255560        0.01257645
     6.0000000        0.18221369        0.01183449
     6.1000000        0.18267259        0.01070825
     6.2000000        0.18378225        0.00945968
     6.3000000        0.18649306        0.00888550
     6.4000000        0.18859660        0.00767432
     6.5000000        0.19065903        0.00622413
     6.6000000        0.19473348        0.00404583
     6.7000000        0.19630721        0.00177383
     6.8000000        0.19812861        0.00149358
     6.9000000        0.20048074        0.00304935
     7.0000000        0.20465770        0.00416014
     7.1000000        0.20941680        0.00697559
     7.2000000        0.21560996        0.00827400
     7.3000000        0.21813485        0.00799727
     7.4000000        0.21879782        0.00923418
     7.5000000        0.22378427        0.00899784
     7.6000000        0.22959094        0.00762174
     7.7000000        0.23667014        0.00662278
     7.8000000        0.24474940        0.00348603
     7.9000000        0.25423772        0.00186804
     8.0000000        0.26532314        0.00177073
     8.1000000        0.27698834        0.00436435
     8.2000000        0.28998394        0.00658091
     8.3000000        0.30351019        0.00628815
     8.4000000        0.31945302        0.00739601
     8.5000000        0.33665588        0.00905773
     8.6000000        0.35803050        0.01200563
     8.7000000        0.38240063        0.01432194
     8.8000000        0.41186129        0.01497643
     8.9000000        0.44410548        0.01433909
     9.0000000        0.48013254        0.01477429
     9.1000000        0.52170327        0.01359386
     9.2000000        0.56936911        0.01200575
     9.3000000        0.62670774        0.01130291
     9.4000000        0.69103963        0.01201436
     9.5000000        0.76811972        0.01058547
     9.6000000        0.85980443        0.00838610
     9.7000000        0.97349358        0.00475347
     9.8000000        1.11521023        0.00347172
     9.9000000        1.29232445        0.00178887
    10.0000000        1.51574274        0.00186284
