     0.0000000        0.40045101        0.07979217
     0.1000000        0.20991608        0.07756555
     0.2000000        0.09593545        0.07697629
     0.3000000        0.03286496        0.07198389
     0.4000000       -0.00699051        0.06910152
     0.5000000       -0.03293982        0.07038311
     0.6000000       -0.04566287        0.06829226
     0.7000000       -0.05138659        0.06287153
     0.8000000       -0.05812828        0.06264010
     0.9000000       -0.06208608        0.06287372
     1.0000000       -0.06621835        0.06597767
     1.1000000       -0.07035510        0.06859798
     1.2000000       -0.07019678        0.06719964
     1.3000000       -0.07844910        0.07511235
     1.4000000       -0.08333156        0.08078760
     1.5000000       -0.07710857        0.07493289
     1.6000000       -0.06913342        0.06706776
     1.7000000       -0.06706989        0.06539377
     1.8000000       -0.06101837        0.05916033
     1.9000000       -0.05702120        0.05507809
     2.0000000       -0.05407293        0.05208340
     2.1000000       -0.05031744        0.04841456
     2.2000000       -0.04721817        0.04524222
     2.3000000       -0.04647362        0.04458276
     2.4000000       -0.04475593        0.04290811
     2.5000000       -0.04404367        0.04328965
     2.6000000       -0.04669854        0.04577439
     2.7000000       -0.04626563        0.04483503
     2.8000000       -0.04560460        0.04436027
     2.9000000       -0.04400793        0.04328621
     3.0000000       -0.04301814        0.04259731
     3.1000000       -0.04204106        0.04150106
     3.2000000       -0.04354726        0.04239110
     3.3000000       -0.04918412        0.04733664
     3.4000000       -0.05367758        0.05169031
     3.5000000       -0.05190274        0.04955795
     3.6000000       -0.05496060        0.05292602
     3.7000000       -0.06069722        0.05901071
     3.8000000       -0.05531173        0.05386759
     3.9000000       -0.04872063        0.04729578
     4.0000000       -0.04606566        0.04415672
     4.1000000       -0.04218989        0.03964912
     4.2000000       -0.03969499        0.03664155
     4.3000000       -0.03664463        0.03288053
     4.4000000       -0.03381081        0.03016504
     4.5000000       -0.03293531        0.02864212
     4.6000000       -0.03345916        0.02854287
     4.7000000       -0.03268149        0.02922702
     4.8000000       -0.03129184        0.02934077
     4.9000000       -0.03179012        0.03100735
     5.0000000       -0.03281614        0.03219158
     5.1000000       -0.03347822        0.03360596
     5.2000000       -0.03664068        0.03685003
     5.3000000       -0.03855329        0.03928577
     5.4000000       -0.03831605        0.03938901
     5.5000000       -0.03646070        0.03802491
     5.6000000       -0.03608192        0.03700566
     5.7000000       -0.03873605        0.03882145
     5.8000000       -0.03871057        0.03892098
     5.9000000       -0.03917055        0.03965206
     6.0000000       -0.03752527        0.03833342
     6.1000000       -0.03880581        0.03995601
     6.2000000       -0.04067884        0.04164716
     6.3000000       -0.04340609        0.04409769
     6.4000000       -0.04700055        0.04619488
     6.5000000       -0.05322717        0.05133219
     6.6000000       -0.05871787        0.05565407
     6.7000000       -0.06171290        0.05746569
     6.8000000       -0.06251581        0.05667991
     6.9000000       -0.06545271        0.05775195
     7.0000000       -0.06919551        0.05964395
     7.1000000       -0.07328414        0.06141014
     7.2000000       -0.07419271        0.06356069
     7.3000000       -0.06577397        0.05635224
     7.4000000       -0.06087115        0.05289280
     7.5000000       -0.05872243        0.05295563
     7.6000000       -0.05504059        0.05023322
     7.7000000       -0.05181495        0.04734452
     7.8000000       -0.05360384        0.04892102
     7.9000000       -0.04990103        0.04568425
     8.0000000       -0.05290165        0.04912044
     8.1000000       -0.04950972        0.04559015
     8.2000000       -0.04207834        0.03926592
     8.3000000       -0.03694506        0.03442178
     8.4000000       -0.03251818        0.03055235
     8.5000000       -0.03027937        0.02803082
     8.6000000       -0.02942013        0.02748547
     8.7000000       -0.02798762        0.02695861
     8.8000000       -0.03074180        0.03125323
     8.9000000       -0.03505302        0.03688416
     9.0000000       -0.03888455        0.04182152
     9.1000000       -0.04261016        0.04748108
     9.2000000       -0.04328225        0.05256318
     9.3000000       -0.03828778        0.05454769
     9.4000000       -0.03118777        0.05798144
     9.5000000       -0.01970920        0.06246952
     9.6000000       -0.00048925        0.06818661
     9.7000000        0.03641914        0.07144118
     9.8000000        0.09934224        0.07649666
     9.9000000        0.21076775        0.07811162
    10.0000000        0.40045101        0.07979217
