   -1.000000     -1.000000
  1    1        0.07409471        0.00011438       -0.00000000        0.00000000
   -1.000000      0.000000
  1    1       -0.17343119        0.00020400       -0.00000000        0.00000000
   -1.000000      1.000000
  1    1        0.07409660        0.00011532       -0.00000000        0.00000000
   -1.000000      2.000000
  1    1       -0.07628666        0.00012945       -0.00000000        0.00000000
    0.000000     -1.000000
  1    1       -0.17401820        0.00019335       -0.00000000        0.00000000
    0.000000      0.000000
  1    1        0.50000000        0.00000000        0.00000000        0.00000000
    0.000000      1.000000
  1    1       -0.17401820        0.00019335        0.00000000        0.00000000
    0.000000      2.000000
  1    1        0.07418417        0.00012484        0.00000000        0.00000000
    1.000000     -1.000000
  1    1        0.07409660        0.00011532       -0.00000000        0.00000000
    1.000000      0.000000
  1    1       -0.17343119        0.00020400        0.00000000        0.00000000
    1.000000      1.000000
  1    1        0.07409471        0.00011438       -0.00000000        0.00000000
    1.000000      2.000000
  1    1       -0.07628666        0.00012945        0.00000000        0.00000000
    2.000000     -1.000000
  1    1       -0.07616492        0.00013449        0.00000000        0.00000000
    2.000000      0.000000
  1    1        0.07397422        0.00013214        0.00000000        0.00000000
    2.000000      1.000000
  1    1       -0.07616492        0.00013449        0.00000000        0.00000000
    2.000000      2.000000
  1    1        0.05666717        0.00011667        0.00000000        0.00000000
