   -1.000000     -1.000000
  1    1       -0.00011595        0.00004655        0.00000000        0.00000000
   -1.000000      0.000000
  1    1        0.32853945        0.00051771       -0.00000000        0.00000000
   -1.000000      1.000000
  1    1       -0.00000092        0.00003888        0.00000000        0.00000000
   -1.000000      2.000000
  1    1       -0.08997760        0.00041537       -0.00000000        0.00000000
    0.000000     -1.000000
  1    1        0.32931375        0.00053624       -0.00000000        0.00000000
    0.000000      0.000000
  1    1        1.00000000        0.00000000       -0.00000000        0.00000000
    0.000000      1.000000
  1    1        0.32931375        0.00053624        0.00000000        0.00000000
    0.000000      2.000000
  1    1        0.00000000        0.00000000       -0.00000000        0.00000000
    1.000000     -1.000000
  1    1        0.00000092        0.00003888        0.00000000        0.00000000
    1.000000      0.000000
  1    1        0.32853945        0.00051771        0.00000000        0.00000000
    1.000000      1.000000
  1    1        0.00011595        0.00004655        0.00000000        0.00000000
    1.000000      2.000000
  1    1       -0.08997760        0.00041537       -0.00000000        0.00000000
    2.000000     -1.000000
  1    1       -0.08932842        0.00041084       -0.00000000        0.00000000
    2.000000      0.000000
  1    1        0.00000000        0.00000000       -0.00000000        0.00000000
    2.000000      1.000000
  1    1       -0.08932842        0.00041084       -0.00000000        0.00000000
    2.000000      2.000000
  1    1        0.00000000        0.00000000       -0.00000000        0.00000000
