   -1.570796     -1.570796
  1    1        1.00000000        0.00000000       -0.00000000        0.00000000
   -1.570796      0.000000
  1    1        1.83728433        0.00037099        0.00023375        0.00011668
   -1.570796      1.570796
  1    1        1.00000000        0.00000000       -0.00000000        0.00000000
   -1.570796      3.141593
  1    1        0.16271567        0.00037099       -0.00023375        0.00011668
    0.000000     -1.570796
  1    1        1.83703409        0.00032377        0.00023006        0.00012573
    0.000000      0.000000
  1    1        1.95709434        0.00011437        0.00000000        0.00000000
    0.000000      1.570796
  1    1        1.83703409        0.00032377       -0.00023006        0.00012573
    0.000000      3.141593
  1    1        0.99715304        0.00372185       -0.00000000        0.00000000
    1.570796     -1.570796
  1    1        1.00000000        0.00000000        0.00000000        0.00000000
    1.570796      0.000000
  1    1        1.83728433        0.00037099       -0.00023375        0.00011668
    1.570796      1.570796
  1    1        1.00000000        0.00000000        0.00000000        0.00000000
    1.570796      3.141593
  1    1        0.16271567        0.00037099        0.00023375        0.00011668
    3.141593     -1.570796
  1    1        0.16296591        0.00032377       -0.00023006        0.00012573
    3.141593      0.000000
  1    1        1.00284696        0.00372185       -0.00000000        0.00000000
    3.141593      1.570796
  1    1        0.16296591        0.00032377        0.00023006        0.00012573
    3.141593      3.141593
  1    1        0.04290566        0.00011437        0.00000000        0.00000000
