   -1.570796     -1.570796
  1    1        0.40851256        0.00012743        0.00000000        0.00000000
   -1.570796      0.000000
  1    1        0.24783623        0.00035147       -0.00000000        0.00000000
   -1.570796      1.570796
  1    1        0.40850500        0.00013229        0.00000000        0.00000000
   -1.570796      3.141593
  1    1        0.63924933        0.00061949        0.00000000        0.00000000
    0.000000     -1.570796
  1    1        0.24883381        0.00036706       -0.00000000        0.00000000
    0.000000      0.000000
  1    1        0.00140626        0.00002746        0.00000000        0.00000000
    0.000000      1.570796
  1    1        0.24883381        0.00036706        0.00000000        0.00000000
    0.000000      3.141593
  1    1        0.40937345        0.00053933       -0.00000000        0.00000000
    1.570796     -1.570796
  1    1        0.40850500        0.00013229       -0.00000000        0.00000000
    1.570796      0.000000
  1    1        0.24783623        0.00035147        0.00000000        0.00000000
    1.570796      1.570796
  1    1        0.40851256        0.00012743       -0.00000000        0.00000000
    1.570796      3.141593
  1    1        0.63924933        0.00061949       -0.00000000        0.00000000
    3.141593     -1.570796
  1    1        0.63741195        0.00061108        0.00000000        0.00000000
    3.141593      0.000000
  1    1        0.40751240        0.00052279       -0.00000000        0.00000000
    3.141593      1.570796
  1    1        0.63741195        0.00061108       -0.00000000        0.00000000
    3.141593      3.141593
  1    1        2.00101012        0.00160325        0.00000000        0.00000000
