     0.0000000        2.00000000        0.00000000
     0.1000000        1.58977246        0.00230951
     0.2000000        1.27959096        0.00283619
     0.3000000        1.03911214        0.00310034
     0.4000000        0.85672169        0.00373295
     0.5000000        0.70768872        0.00492987
     0.6000000        0.58779249        0.00512640
     0.7000000        0.49340384        0.00580216
     0.8000000        0.41495872        0.00436549
     0.9000000        0.34539617        0.00475794
     1.0000000        0.29295326        0.00402179
     1.1000000        0.24648771        0.00420301
     1.2000000        0.21039073        0.00278929
     1.3000000        0.17685337        0.00265976
     1.4000000        0.15308596        0.00294383
     1.5000000        0.13001928        0.00303576
     1.6000000        0.11538482        0.00353707
     1.7000000        0.10031175        0.00232817
     1.8000000        0.08781497        0.00302409
     1.9000000        0.07853855        0.00365429
     2.0000000        0.07530078        0.00394413
     2.1000000        0.06664940        0.00354064
     2.2000000        0.06465515        0.00280801
     2.3000000        0.06260939        0.00349678
     2.4000000        0.05649095        0.00427142
     2.5000000        0.05706342        0.00303618
     2.6000000        0.05829847        0.00435883
     2.7000000        0.05748378        0.00401737
     2.8000000        0.05972967        0.00393538
     2.9000000        0.06293386        0.00343454
     3.0000000        0.06986363        0.00362851
     3.1000000        0.07945047        0.00394603
     3.2000000        0.08503322        0.00398380
     3.3000000        0.09669957        0.00338993
     3.4000000        0.11055808        0.00285805
     3.5000000        0.12873618        0.00256531
     3.6000000        0.15163380        0.00235468
     3.7000000        0.17455283        0.00354649
     3.8000000        0.20414463        0.00357436
     3.9000000        0.24090355        0.00218533
     4.0000000        0.28617042        0.00322991
     4.1000000        0.34002560        0.00295349
     4.2000000        0.40598694        0.00386604
     4.3000000        0.48402058        0.00416400
     4.4000000        0.57791434        0.00308171
     4.5000000        0.69951896        0.00318631
     4.6000000        0.84966880        0.00331605
     4.7000000        1.03980663        0.00177111
     4.8000000        1.28079907        0.00186033
     4.9000000        1.58983303        0.00220527
     5.0000000        2.00000000        0.00000000
