     0.0000000        0.26459128        0.03889665
     0.1000000        0.12772617        0.02303302
     0.2000000        0.07864199        0.00172623
     0.3000000        0.04153478        0.01198761
     0.4000000        0.02027277        0.01116007
     0.5000000        0.01934547        0.00358305
     0.6000000        0.01914610        0.01540833
     0.7000000        0.01374102        0.01040389
     0.8000000       -0.00168658        0.00428151
     0.9000000       -0.00613764        0.00659931
     1.0000000       -0.00582054        0.00326029
     1.1000000       -0.00548286        0.00380486
     1.2000000       -0.00257797        0.00322595
     1.3000000       -0.00474479        0.01260562
     1.4000000       -0.01105352        0.01529672
     1.5000000       -0.00796191        0.00235982
     1.6000000       -0.00349677        0.00613323
     1.7000000       -0.00496162        0.00632185
     1.8000000       -0.00951228        0.02705240
     1.9000000       -0.01653199        0.02923771
     2.0000000       -0.02564289        0.03817976
     2.1000000       -0.03200161        0.04138185
     2.2000000       -0.03113441        0.03746443
     2.3000000       -0.03452135        0.03549338
     2.4000000       -0.03478906        0.03654326
     2.5000000       -0.02368576        0.02722245
     2.6000000       -0.01694795        0.01888545
     2.7000000       -0.01865261        0.01857787
     2.8000000       -0.01423502        0.02317463
     2.9000000       -0.01236268        0.02440592
     3.0000000       -0.00818536        0.01563901
     3.1000000       -0.00275268        0.01131506
     3.2000000       -0.00103284        0.00307655
     3.3000000       -0.00409615        0.00936043
     3.4000000       -0.00397664        0.01329666
     3.5000000       -0.00241266        0.01630923
     3.6000000       -0.00078088        0.00974843
     3.7000000        0.00478408        0.00220431
     3.8000000        0.00376740        0.00081090
     3.9000000        0.00328052        0.00101488
     4.0000000        0.00531150        0.00084647
     4.1000000        0.00384111        0.00043055
     4.2000000        0.00374473        0.00005855
     4.3000000        0.00031529        0.00186327
     4.4000000       -0.00109714        0.00466284
     4.5000000       -0.00064698        0.00915213
     4.6000000       -0.00248554        0.01021646
     4.7000000       -0.00747435        0.00093806
     4.8000000       -0.00710279        0.00531535
     4.9000000       -0.00127402        0.00251622
     5.0000000       -0.00715141        0.00338017
     5.1000000       -0.00966053        0.00024557
     5.2000000       -0.01012916        0.00062030
     5.3000000       -0.00217740        0.00431939
     5.4000000        0.00255319        0.01071253
     5.5000000        0.00326918        0.01095384
     5.6000000        0.00719301        0.00188089
     5.7000000        0.00476370        0.00740355
     5.8000000        0.00163244        0.00846174
     5.9000000       -0.00033882        0.01024586
     6.0000000        0.00226617        0.01291925
     6.1000000       -0.00070610        0.01377138
     6.2000000       -0.00406638        0.01000535
     6.3000000       -0.00456224        0.01185309
     6.4000000       -0.00290949        0.01649803
     6.5000000       -0.00439493        0.01743645
     6.6000000       -0.00321550        0.01984523
     6.7000000       -0.00063113        0.02113185
     6.8000000        0.00491954        0.01544462
     6.9000000        0.00781078        0.01012328
     7.0000000        0.00794608        0.01068042
     7.1000000        0.00475746        0.00808258
     7.2000000        0.00292578        0.00601192
     7.3000000        0.00681280        0.00576961
     7.4000000        0.01148558        0.00174627
     7.5000000        0.01307803        0.00565676
     7.6000000        0.00697352        0.01058843
     7.7000000        0.00584974        0.01131632
     7.8000000       -0.00045549        0.01604607
     7.9000000        0.00305356        0.01366418
     8.0000000        0.00066740        0.01226343
     8.1000000        0.00421867        0.01531038
     8.2000000       -0.00029572        0.02231950
     8.3000000       -0.00251017        0.02604479
     8.4000000       -0.00190821        0.02217441
     8.5000000        0.00018244        0.02176533
     8.6000000       -0.00399003        0.01845954
     8.7000000       -0.00890038        0.02039338
     8.8000000       -0.01395751        0.01557622
     8.9000000       -0.01604948        0.01779412
     9.0000000       -0.01229272        0.02343102
     9.1000000       -0.00523929        0.01721922
     9.2000000        0.00046298        0.00349127
     9.3000000       -0.00012346        0.00242450
     9.4000000        0.01333274        0.00613498
     9.5000000        0.02108831        0.00360839
     9.6000000        0.01719367        0.01776694
     9.7000000        0.02398143        0.02947146
     9.8000000        0.04699807        0.03859356
     9.9000000        0.10489220        0.05164523
    10.0000000        0.26459128        0.03889665
