     0.0000000        2.89934610        0.04784306
     0.0500000        2.22786354        0.04663979
     0.1000000        1.73053544        0.04714395
     0.1500000        1.34809829        0.04589340
     0.2000000        1.05537387        0.05128124
     0.2500000        0.84457595        0.04991419
     0.3000000        0.68112425        0.04565636
     0.3500000        0.54627256        0.04052538
     0.4000000        0.45248146        0.03644367
     0.4500000        0.38318257        0.03377701
     0.5000000        0.30341584        0.03120447
     0.5500000        0.25180651        0.03122598
     0.6000000        0.20890404        0.02981842
     0.6500000        0.18239476        0.03029140
     0.7000000        0.15270292        0.02748351
     0.7500000        0.12563961        0.02545451
     0.8000000        0.10324019        0.02398001
     0.8500000        0.07782845        0.02352910
     0.9000000        0.07791460        0.02144268
     0.9500000        0.05563622        0.01545937
     1.0000000        0.04139784        0.01777550
     1.0500000        0.03573912        0.01948578
     1.1000000        0.03271720        0.01868611
     1.1500000        0.03494141        0.01829103
     1.2000000        0.01391726        0.01904997
     1.2500000        0.02232016        0.02332854
     1.3000000        0.02521515        0.02170419
     1.3500000        0.03396463        0.02062302
     1.4000000        0.03060611        0.02020145
     1.4500000        0.01164716        0.01583269
     1.5000000        0.01523749        0.01608805
     1.5500000        0.01571413        0.01645668
     1.6000000        0.01576878        0.02055588
     1.6500000        0.01595117        0.02022257
     1.7000000        0.01449570        0.02481763
     1.7500000        0.02802018        0.02716611
     1.8000000        0.01976346        0.02451406
     1.8500000        0.02225775        0.02144649
     1.9000000        0.02147940        0.01743309
     1.9500000        0.02778392        0.01590880
     2.0000000        0.02716177        0.01240784
     2.0500000        0.02395836        0.01248792
     2.1000000        0.03673134        0.01505108
     2.1500000        0.02391191        0.01470211
     2.2000000        0.01694468        0.01497773
     2.2500000        0.00745083        0.01176860
     2.3000000        0.00999571        0.01155349
     2.3500000        0.00831337        0.01013381
     2.4000000       -0.00316961        0.00841122
     2.4500000       -0.00230221        0.01025056
     2.5000000       -0.00337026        0.01210164
     2.5500000        0.00068186        0.01026523
     2.6000000       -0.00457204        0.01112737
     2.6500000       -0.00367126        0.01034994
     2.7000000       -0.00017983        0.00759165
     2.7500000        0.00964351        0.01009167
     2.8000000       -0.00036281        0.00826815
     2.8500000        0.00770576        0.01028904
     2.9000000        0.00721192        0.01318106
     2.9500000        0.00999534        0.01426915
     3.0000000        0.03392574        0.01772479
     3.0500000        0.03609624        0.01729829
     3.1000000        0.02740579        0.01617925
     3.1500000        0.03952577        0.01667372
     3.2000000        0.04116508        0.00924456
     3.2500000        0.04696786        0.01179340
     3.3000000        0.05366453        0.01226060
     3.3500000        0.04804794        0.01377876
     3.4000000        0.04398614        0.01391719
     3.4500000        0.03159376        0.01555101
     3.5000000        0.03320841        0.01534239
     3.5500000        0.03288222        0.01875181
     3.6000000        0.03009363        0.01966568
     3.6500000        0.02000266        0.01768643
     3.7000000        0.00395662        0.02158936
     3.7500000       -0.00009868        0.02130157
     3.8000000        0.01108574        0.02263040
     3.8500000        0.01083801        0.02062809
     3.9000000        0.00675349        0.01543810
     3.9500000       -0.01589423        0.01266968
     4.0000000       -0.02094884        0.01178237
     4.0500000       -0.02341944        0.01209864
     4.1000000       -0.01448027        0.01073189
     4.1500000       -0.01642228        0.01354891
     4.2000000       -0.02490360        0.01909150
     4.2500000       -0.01765366        0.02017310
     4.3000000       -0.01124648        0.02046864
     4.3500000       -0.01326078        0.02194593
     4.4000000       -0.01858453        0.01966957
     4.4500000       -0.01892335        0.02247783
     4.5000000       -0.02800828        0.02481666
     4.5500000       -0.03466721        0.02776262
     4.6000000       -0.04133423        0.02662119
     4.6500000       -0.04231964        0.02613234
     4.7000000       -0.02000891        0.01054885
     4.7500000       -0.00113075        0.01672621
     4.8000000       -0.00410545        0.01728740
     4.8500000        0.00091990        0.02215284
     4.9000000        0.00546040        0.02091615
     4.9500000        0.00835640        0.02352634
     5.0000000        0.01314148        0.02286839
     5.0500000        0.01543500        0.02121978
     5.1000000        0.01885569        0.02503855
     5.1500000        0.02067278        0.02709847
     5.2000000        0.01471774        0.02678091
     5.2500000        0.01545568        0.02432798
     5.3000000        0.00549439        0.01222219
     5.3500000       -0.00397185        0.01616855
     5.4000000       -0.00248921        0.01416765
     5.4500000       -0.01159595        0.01088322
     5.5000000       -0.01110020        0.00890424
     5.5500000        0.00153034        0.00960773
     5.6000000       -0.00652135        0.00881137
     5.6500000       -0.00572077        0.01185384
     5.7000000        0.00155898        0.01492696
     5.7500000        0.00333596        0.01549206
     5.8000000       -0.00163667        0.02049779
     5.8500000        0.00183315        0.01811733
     5.9000000       -0.00583197        0.01444739
     5.9500000       -0.00768673        0.01223586
     6.0000000       -0.01309862        0.01176680
     6.0500000       -0.01079390        0.01019770
     6.1000000       -0.01111519        0.00843762
     6.1500000       -0.00481337        0.01067873
     6.2000000       -0.00295062        0.01277580
     6.2500000       -0.00103652        0.01412769
     6.3000000        0.00740460        0.01501046
     6.3500000        0.00770748        0.01333163
     6.4000000        0.00643529        0.01241491
     6.4500000        0.00375174        0.01251080
     6.5000000        0.00595667        0.01128118
     6.5500000        0.01345199        0.01056283
     6.6000000        0.01444027        0.00857571
     6.6500000        0.01352221        0.00902888
     6.7000000        0.00990276        0.01131102
     6.7500000        0.01173027        0.00915780
     6.8000000        0.01546444        0.00907101
     6.8500000        0.01283420        0.01248045
     6.9000000        0.00918005        0.00955653
     6.9500000        0.00764798        0.00730856
     7.0000000        0.00688768        0.00632249
     7.0500000        0.01291714        0.00846499
     7.1000000        0.01937257        0.01010042
     7.1500000        0.02156912        0.01194861
     7.2000000        0.01084314        0.01110539
     7.2500000        0.01044446        0.01375762
     7.3000000        0.01530730        0.01574694
     7.3500000        0.01629722        0.01600803
     7.4000000        0.00318258        0.01612164
     7.4500000        0.00217549        0.01760177
     7.5000000        0.00664704        0.01723077
     7.5500000       -0.00142472        0.01071952
     7.6000000       -0.00506824        0.01011781
     7.6500000       -0.00551525        0.01080941
     7.7000000       -0.00472093        0.01221616
     7.7500000       -0.00307388        0.00795244
     7.8000000       -0.00742006        0.00719409
     7.8500000       -0.02860849        0.01350783
     7.9000000       -0.03870489        0.01664390
     7.9500000       -0.03363725        0.01595665
     8.0000000       -0.03926338        0.01792050
     8.0500000       -0.02971339        0.01724004
     8.1000000       -0.02314194        0.01463866
     8.1500000       -0.02304498        0.01512628
     8.2000000       -0.01930976        0.01412187
     8.2500000       -0.01731526        0.01381000
     8.3000000       -0.00989465        0.01233842
     8.3500000       -0.00923212        0.01205400
     8.4000000       -0.01120496        0.01146299
     8.4500000       -0.01483139        0.01161910
     8.5000000       -0.00402956        0.00926031
     8.5500000        0.00160062        0.00772030
     8.6000000        0.00470457        0.00804125
     8.6500000        0.00728077        0.01146348
     8.7000000        0.00679282        0.00852655
     8.7500000        0.00173474        0.00917734
     8.8000000       -0.00014565        0.01005143
     8.8500000       -0.00637366        0.00881868
     8.9000000       -0.00646259        0.00751738
     8.9500000       -0.00453262        0.00730332
     9.0000000       -0.00321817        0.00619103
     9.0500000       -0.01467567        0.00701996
     9.1000000       -0.00755459        0.00738339
     9.1500000       -0.00719641        0.00963336
     9.2000000       -0.01185277        0.00981623
     9.2500000       -0.01620953        0.00925804
     9.3000000       -0.00728911        0.00702749
     9.3500000       -0.00925094        0.00657947
     9.4000000       -0.00753951        0.00535578
     9.4500000       -0.00563006        0.00610419
     9.5000000       -0.00589651        0.00727495
     9.5500000       -0.00627660        0.00618577
     9.6000000       -0.00261436        0.00674084
     9.6500000        0.00893581        0.01252856
     9.7000000        0.00510331        0.01459638
     9.7500000       -0.00735668        0.00810084
     9.8000000       -0.01103650        0.00804224
     9.8500000       -0.01247620        0.01065108
     9.9000000       -0.01004576        0.01081650
     9.9500000       -0.00448258        0.01329514
    10.0000000       -0.00552559        0.01136626
    10.0500000       -0.01782309        0.01462777
    10.1000000       -0.00258700        0.00964396
    10.1500000       -0.00157987        0.00706970
    10.2000000        0.00107806        0.00886422
    10.2500000       -0.00690612        0.01157183
    10.3000000       -0.00527797        0.01093747
    10.3500000       -0.00196168        0.00894992
    10.4000000        0.00040309        0.01069086
    10.4500000       -0.00458608        0.01370693
    10.5000000       -0.00624010        0.01194066
    10.5500000       -0.00758657        0.01346500
    10.6000000       -0.00660129        0.01336042
    10.6500000        0.00686142        0.01185537
    10.7000000        0.00957035        0.01327097
    10.7500000        0.01106264        0.01289539
    10.8000000        0.01490868        0.01164792
    10.8500000        0.01475095        0.01022621
    10.9000000        0.01066064        0.00868933
    10.9500000        0.00559040        0.00983023
    11.0000000        0.00052267        0.01245600
    11.0500000        0.00500378        0.01365232
    11.1000000        0.00467008        0.01356533
    11.1500000       -0.00329061        0.01028926
    11.2000000       -0.00552806        0.01137422
    11.2500000        0.00147239        0.00865921
    11.3000000        0.00780957        0.00805899
    11.3500000        0.00637525        0.00895122
    11.4000000        0.00836292        0.00887501
    11.4500000       -0.00008365        0.00729111
    11.5000000       -0.00139260        0.00912865
    11.5500000       -0.00053200        0.00788999
    11.6000000        0.00171603        0.00916372
    11.6500000       -0.00183221        0.01027903
    11.7000000        0.00496165        0.01042650
    11.7500000        0.00346444        0.00913687
    11.8000000        0.00656308        0.00877088
    11.8500000       -0.00268515        0.00423562
    11.9000000       -0.00828707        0.00555318
    11.9500000       -0.00396899        0.00626280
    12.0000000       -0.00781827        0.00814486
    12.0500000       -0.00361248        0.00725017
    12.1000000       -0.00271562        0.00751126
    12.1500000       -0.00268905        0.00960226
    12.2000000       -0.00210011        0.01038725
    12.2500000       -0.00388952        0.00766892
    12.3000000       -0.01064429        0.01068899
    12.3500000       -0.00343969        0.00685304
    12.4000000        0.00552116        0.00581312
    12.4500000        0.00517689        0.00749963
    12.5000000       -0.00170914        0.00717146
    12.5500000       -0.00731946        0.00616350
    12.6000000       -0.00179935        0.00647731
    12.6500000       -0.00305218        0.00653715
    12.7000000        0.00039774        0.00646649
    12.7500000       -0.00028101        0.00930139
    12.8000000       -0.00087302        0.00984472
    12.8500000       -0.00135210        0.01040191
    12.9000000       -0.00470651        0.00978498
    12.9500000       -0.00465647        0.00703320
    13.0000000       -0.00403012        0.00976933
    13.0500000        0.00069573        0.00950735
    13.1000000        0.00290251        0.00854386
    13.1500000        0.00423210        0.00801763
    13.2000000       -0.00447477        0.00656540
    13.2500000       -0.00715987        0.00666036
    13.3000000       -0.01018847        0.00725797
    13.3500000       -0.02230997        0.00933232
    13.4000000       -0.01381079        0.00723166
    13.4500000       -0.00648952        0.00872754
    13.5000000        0.00173992        0.01035849
    13.5500000       -0.00159978        0.00818578
    13.6000000       -0.00542463        0.01066711
    13.6500000        0.00093881        0.00959812
    13.7000000        0.01115655        0.00994319
    13.7500000        0.01052699        0.00923176
    13.8000000        0.01234198        0.00944130
    13.8500000        0.01694809        0.01015742
    13.9000000        0.01339543        0.00912346
    13.9500000        0.01570050        0.00668419
    14.0000000        0.01563637        0.00457391
    14.0500000        0.01767979        0.00580643
    14.1000000        0.02117013        0.00842357
    14.1500000        0.02052392        0.00816109
    14.2000000        0.01991845        0.01013902
    14.2500000        0.00431585        0.00540816
    14.3000000        0.00439038        0.00675799
    14.3500000        0.00154585        0.01084205
    14.4000000        0.00289013        0.01089320
    14.4500000        0.00467206        0.01066635
    14.5000000        0.00048539        0.01024101
    14.5500000       -0.00551200        0.01022236
    14.6000000       -0.00758170        0.01023957
    14.6500000       -0.01120036        0.01006662
    14.7000000       -0.01384284        0.01010305
    14.7500000       -0.02215236        0.01094083
    14.8000000       -0.02491831        0.01295801
    14.8500000       -0.02036453        0.01000939
    14.9000000       -0.01733037        0.01050805
    14.9500000       -0.01617854        0.00961114
    15.0000000       -0.01688142        0.00795348
    15.0500000       -0.01085186        0.00670448
    15.1000000       -0.00713246        0.00904476
    15.1500000        0.01296449        0.01469208
    15.2000000        0.01032744        0.01271791
    15.2500000        0.00408859        0.01213460
    15.3000000        0.00204717        0.01567812
    15.3500000        0.00123787        0.01606881
    15.4000000        0.00097442        0.01772555
    15.4500000        0.00171133        0.01460802
    15.5000000        0.01986445        0.02478695
    15.5500000        0.01154027        0.02143000
    15.6000000        0.01201097        0.02315138
    15.6500000        0.00708286        0.02360446
    15.7000000        0.00548873        0.02422626
    15.7500000        0.00317271        0.02291759
    15.8000000        0.00542293        0.02423890
    15.8500000        0.00864222        0.02230329
    15.9000000        0.01527605        0.02042886
    15.9500000        0.01893654        0.01804219
    16.0000000        0.01588001        0.01438766
    16.0500000        0.01321951        0.01276045
    16.1000000        0.01878138        0.01207579
    16.1500000        0.01426794        0.01059642
    16.2000000        0.00935355        0.00833574
    16.2500000        0.00881140        0.00835501
    16.3000000        0.00547137        0.00930188
    16.3500000        0.00461766        0.01381737
    16.4000000        0.01111099        0.02123831
    16.4500000        0.00386700        0.01523590
    16.5000000       -0.00065010        0.01674420
    16.5500000       -0.00636377        0.01614689
    16.6000000       -0.00808667        0.01390509
    16.6500000       -0.00588815        0.01320390
    16.7000000       -0.00244563        0.01189090
    16.7500000       -0.00418168        0.00966985
    16.8000000       -0.00242605        0.01168249
    16.8500000       -0.00199825        0.01422587
    16.9000000       -0.00591711        0.01261064
    16.9500000       -0.00910223        0.01294528
    17.0000000       -0.01141590        0.01466739
    17.0500000       -0.00869625        0.02008909
    17.1000000       -0.00081885        0.01927244
    17.1500000        0.00041965        0.01968013
    17.2000000       -0.00372547        0.01824023
    17.2500000       -0.01095791        0.01751365
    17.3000000       -0.02591420        0.01745800
    17.3500000       -0.02937426        0.02310280
    17.4000000       -0.03276255        0.02169203
    17.4500000       -0.03828495        0.01980493
    17.5000000       -0.04161806        0.02330326
    17.5500000       -0.03386029        0.02127952
    17.6000000       -0.02278106        0.02197321
    17.6500000       -0.01430905        0.02024410
    17.7000000       -0.00797267        0.01801831
    17.7500000       -0.00194559        0.01267881
    17.8000000        0.00650000        0.01080944
    17.8500000        0.00832795        0.00965449
    17.9000000        0.00972408        0.01001909
    17.9500000        0.00985527        0.01101601
    18.0000000        0.01831190        0.01374267
    18.0500000        0.01052196        0.01134534
    18.1000000        0.01666414        0.01424801
    18.1500000        0.01912405        0.01730178
    18.2000000        0.02244628        0.01949829
    18.2500000        0.01589935        0.01317259
    18.3000000        0.00908638        0.01783106
    18.3500000        0.00430071        0.02130426
    18.4000000        0.02195534        0.02272715
    18.4500000        0.02686873        0.02323681
    18.5000000        0.03296860        0.01983433
    18.5500000        0.02897416        0.02584653
    18.6000000        0.03390875        0.02417131
    18.6500000        0.05411552        0.01858070
    18.7000000        0.05069438        0.02062803
    18.7500000        0.05069926        0.01730557
    18.8000000        0.03651783        0.01885708
    18.8500000        0.04016775        0.01930741
    18.9000000        0.05092231        0.02027214
    18.9500000        0.05586184        0.02276502
    19.0000000        0.05376011        0.02594161
    19.0500000        0.05649897        0.02626424
    19.1000000        0.06993458        0.02861348
    19.1500000        0.09339756        0.02721689
    19.2000000        0.10866174        0.02761084
    19.2500000        0.11775937        0.03060439
    19.3000000        0.12835343        0.03391625
    19.3500000        0.15435704        0.03513559
    19.4000000        0.21320392        0.02774054
    19.4500000        0.27414219        0.02790482
    19.5000000        0.34110781        0.03156270
    19.5500000        0.40706352        0.03339038
    19.6000000        0.49454639        0.03395404
    19.6500000        0.57639751        0.03742541
    19.7000000        0.69157525        0.03966152
    19.7500000        0.84867375        0.04383407
    19.8000000        1.04580079        0.04418213
    19.8500000        1.33957609        0.04081774
    19.9000000        1.74224727        0.04325797
    19.9500000        2.23462846        0.04648732
    20.0000000        2.89934610        0.04784306
