     0.0000000        0.84426245        0.01596053
     0.1000000        0.57780613        0.03196277
     0.2000000        0.41337295        0.01878791
     0.3000000        0.31046097        0.01813397
     0.4000000        0.23467420        0.01332748
     0.5000000        0.17643588        0.00789561
     0.6000000        0.13790877        0.00880540
     0.7000000        0.11651500        0.01587487
     0.8000000        0.09787208        0.01842580
     0.9000000        0.08208195        0.02233632
     1.0000000        0.06911369        0.01959327
     1.1000000        0.06317186        0.02635170
     1.2000000        0.05460948        0.03310527
     1.3000000        0.04535265        0.03764483
     1.4000000        0.04131494        0.04110833
     1.5000000        0.03376177        0.03501684
     1.6000000        0.02323195        0.02587318
     1.7000000        0.01726342        0.01898527
     1.8000000        0.01179184        0.01506831
     1.9000000        0.01082071        0.01532318
     2.0000000        0.01154202        0.01712453
     2.1000000        0.01561942        0.02018712
     2.2000000        0.01402943        0.01638899
     2.3000000        0.01292522        0.01451876
     2.4000000        0.01317272        0.01194152
     2.5000000        0.01255091        0.01084179
     2.6000000        0.01077851        0.00894609
     2.7000000        0.00718951        0.00585645
     2.8000000        0.00676181        0.00430575
     2.9000000        0.00597232        0.00363819
     3.0000000        0.00745069        0.00478862
     3.1000000        0.00709472        0.00415571
     3.2000000        0.00598594        0.00333035
     3.3000000        0.00501671        0.00172241
     3.4000000        0.00413547        0.00049390
     3.5000000        0.00282742        0.00044843
     3.6000000        0.00171059        0.00156855
     3.7000000        0.00167218        0.00160409
     3.8000000        0.00133420        0.00200833
     3.9000000        0.00058206        0.00027041
     4.0000000        0.00020196        0.00080902
     4.1000000        0.00108334        0.00053052
     4.2000000        0.00071664        0.00090863
     4.3000000       -0.00065530        0.00162489
     4.4000000       -0.00096727        0.00194362
     4.5000000       -0.00114896        0.00150679
     4.6000000       -0.00110278        0.00113869
     4.7000000       -0.00171738        0.00241756
     4.8000000       -0.00181850        0.00069489
     4.9000000       -0.00232032        0.00074094
     5.0000000       -0.00269488        0.00205571
     5.1000000       -0.00219555        0.00361702
     5.2000000       -0.00278449        0.00630332
     5.3000000       -0.00345732        0.00773035
     5.4000000       -0.00399328        0.00765469
     5.5000000       -0.00611796        0.00901099
     5.6000000       -0.00441351        0.00696096
     5.7000000       -0.00296691        0.00545611
     5.8000000       -0.00333537        0.00437353
     5.9000000       -0.00359384        0.00320608
     6.0000000       -0.00356381        0.00398786
     6.1000000       -0.00222523        0.00393816
     6.2000000       -0.00188341        0.00345679
     6.3000000       -0.00169345        0.00568310
     6.4000000       -0.00107790        0.00466250
     6.5000000       -0.00115948        0.00044343
     6.6000000       -0.00128394        0.00201646
     6.7000000       -0.00175700        0.00238537
     6.8000000       -0.00230258        0.00088208
     6.9000000       -0.00203428        0.00035474
     7.0000000       -0.00091133        0.00017793
     7.1000000        0.00078730        0.00186837
     7.2000000        0.00252226        0.00299514
     7.3000000        0.00322737        0.00299709
     7.4000000        0.00140887        0.00065771
     7.5000000        0.00235839        0.00083628
     7.6000000        0.00369255        0.00019384
     7.7000000        0.00612943        0.00239007
     7.8000000        0.00899785        0.00249309
     7.9000000        0.01059544        0.00099797
     8.0000000        0.01105941        0.00068656
     8.1000000        0.01146965        0.00220088
     8.2000000        0.00973425        0.00133049
     8.3000000        0.00950345        0.00105592
     8.4000000        0.00892677        0.00071279
     8.5000000        0.01160853        0.00280784
     8.6000000        0.01729003        0.00079451
     8.7000000        0.02545513        0.00130170
     8.8000000        0.03371940        0.00266938
     8.9000000        0.04261608        0.00861143
     9.0000000        0.04910243        0.00487462
     9.1000000        0.05781692        0.00159256
     9.2000000        0.07424413        0.00071485
     9.3000000        0.10084432        0.00504235
     9.4000000        0.14375243        0.01665840
     9.5000000        0.19645211        0.02821092
     9.6000000        0.26443022        0.04558702
     9.7000000        0.32165378        0.02979977
     9.8000000        0.42431846        0.02689324
     9.9000000        0.58753321        0.01793682
    10.0000000        0.84426245        0.01596053
