     0.0000000        1.00000000        0.00000000
     0.1000000        0.86773475        0.00292195
     0.2000000        0.76484171        0.00576589
     0.3000000        0.68303873        0.00624788
     0.4000000        0.60969681        0.00779778
     0.5000000        0.55029699        0.00635893
     0.6000000        0.49476396        0.00562808
     0.7000000        0.45138466        0.00540998
     0.8000000        0.41062418        0.00680152
     0.9000000        0.37511858        0.00778925
     1.0000000        0.33653312        0.00731390
     1.1000000        0.30364352        0.00956885
     1.2000000        0.27845965        0.00817014
     1.3000000        0.25155570        0.00723670
     1.4000000        0.23176883        0.00736793
     1.5000000        0.21177219        0.00806264
     1.6000000        0.18735673        0.00634939
     1.7000000        0.16918822        0.00444017
     1.8000000        0.15693519        0.00544638
     1.9000000        0.14244361        0.00450350
     2.0000000        0.12430222        0.00256713
     2.1000000        0.11444468        0.00271054
     2.2000000        0.10266832        0.00276917
     2.3000000        0.09579366        0.00590561
     2.4000000        0.08239201        0.00428800
     2.5000000        0.07440727        0.00385854
     2.6000000        0.06526771        0.00344643
     2.7000000        0.06657419        0.00622280
     2.8000000        0.05987888        0.00826656
     2.9000000        0.05142694        0.00528612
     3.0000000        0.04778823        0.00522476
     3.1000000        0.04142235        0.00589105
     3.2000000        0.03878184        0.00521871
     3.3000000        0.03701683        0.00490820
     3.4000000        0.03187521        0.00512974
     3.5000000        0.02838373        0.00404029
     3.6000000        0.02386431        0.00367626
     3.7000000        0.02408938        0.00377554
     3.8000000        0.02047679        0.00291616
     3.9000000        0.01801827        0.00379793
     4.0000000        0.01805792        0.00358636
     4.1000000        0.01815648        0.00221185
     4.2000000        0.01827860        0.00371467
     4.3000000        0.01498891        0.00408085
     4.4000000        0.01392018        0.00377117
     4.5000000        0.01260090        0.00316538
     4.6000000        0.01139828        0.00315951
     4.7000000        0.01027719        0.00390311
     4.8000000        0.00842684        0.00622431
     4.9000000        0.00844237        0.00490485
     5.0000000        0.00878090        0.00614503
     5.1000000        0.00821711        0.00783863
     5.2000000        0.00685828        0.00667790
     5.3000000        0.00875266        0.00598373
     5.4000000        0.01313762        0.00509475
     5.5000000        0.01428891        0.00531258
     5.6000000        0.01612126        0.00717405
     5.7000000        0.01771519        0.00822486
     5.8000000        0.02337434        0.00644645
     5.9000000        0.02342350        0.00497156
     6.0000000        0.02672223        0.00362489
     6.1000000        0.03009207        0.00331892
     6.2000000        0.03070358        0.00374479
     6.3000000        0.03523696        0.00437749
     6.4000000        0.03571189        0.00583366
     6.5000000        0.03640704        0.00780180
     6.6000000        0.03719242        0.00727592
     6.7000000        0.03675510        0.00669581
     6.8000000        0.03964717        0.00784644
     6.9000000        0.04428344        0.00583628
     7.0000000        0.04701050        0.00606313
     7.1000000        0.04901069        0.00683578
     7.2000000        0.05494885        0.00635467
     7.3000000        0.05964404        0.00669877
     7.4000000        0.06801487        0.00839319
     7.5000000        0.08157151        0.00852600
     7.6000000        0.08513567        0.00533312
     7.7000000        0.09623146        0.00489947
     7.8000000        0.10490121        0.00563920
     7.9000000        0.11361353        0.00567374
     8.0000000        0.12151999        0.00521479
     8.1000000        0.13353405        0.00421097
     8.2000000        0.14726465        0.00509288
     8.3000000        0.16073754        0.00460281
     8.4000000        0.17846744        0.00543913
     8.5000000        0.20102519        0.00689760
     8.6000000        0.22491875        0.00838635
     8.7000000        0.24813672        0.00987169
     8.8000000        0.26916803        0.01186457
     8.9000000        0.30197992        0.01358386
     9.0000000        0.33647170        0.01301086
     9.1000000        0.37073866        0.01194669
     9.2000000        0.41045950        0.01027310
     9.3000000        0.45272594        0.01146249
     9.4000000        0.49982421        0.00953777
     9.5000000        0.56136115        0.00841709
     9.6000000        0.62627532        0.00597374
     9.7000000        0.68540518        0.00619106
     9.8000000        0.77037534        0.00510537
     9.9000000        0.86973413        0.00231974
    10.0000000        1.00000000        0.00000000
