   -1.570796     -1.570796      0.242303      0.001119
   -1.570796      0.000000      0.171030      0.001257
   -1.570796      1.570796      0.241561      0.001213
   -1.570796      3.141593      0.323548      0.001448
    0.000000     -1.570796      0.171685      0.000812
    0.000000      0.000000      0.010358      0.000665
    0.000000      1.570796      0.171685      0.000812
    0.000000      3.141593      0.242333      0.001193
    1.570796     -1.570796      0.241561      0.001213
    1.570796      0.000000      0.171030      0.001257
    1.570796      1.570796      0.242303      0.001119
    1.570796      3.141593      0.323548      0.001448
    3.141593     -1.570796      0.323450      0.001828
    3.141593      0.000000      0.240210      0.002320
    3.141593      1.570796      0.323450      0.001828
    3.141593      3.141593      0.398752      0.013234
