   -1.570796     -1.570796      0.654185      0.000941
   -1.570796      0.000000      0.434315      0.001453
   -1.570796      1.570796      0.654036      0.001079
   -1.570796      3.141593      0.821573      0.001280
    0.000000     -1.570796      0.432325      0.000571
    0.000000      0.000000      0.199615      0.000668
    0.000000      1.570796      0.432325      0.000571
    0.000000      3.141593      0.651788      0.001165
    1.570796     -1.570796      0.654036      0.001079
    1.570796      0.000000      0.434315      0.001453
    1.570796      1.570796      0.654185      0.000941
    1.570796      3.141593      0.821573      0.001280
    3.141593     -1.570796      0.823194      0.001898
    3.141593      0.000000      0.655110      0.002159
    3.141593      1.570796      0.823194      0.001898
    3.141593      3.141593      3.015466      0.015092
