     0.0000000        0.62447463        0.01010943
     0.1000000        0.51431326        0.01039371
     0.2000000        0.43325183        0.00998843
     0.3000000        0.36989384        0.00821741
     0.4000000        0.31966924        0.00626669
     0.5000000        0.28111577        0.00512547
     0.6000000        0.24865806        0.00409301
     0.7000000        0.21975540        0.00367047
     0.8000000        0.19778033        0.00367871
     0.9000000        0.17950031        0.00331513
     1.0000000        0.16406071        0.00290996
     1.1000000        0.15255020        0.00302111
     1.2000000        0.14242427        0.00406088
     1.3000000        0.13139530        0.00399607
     1.4000000        0.12090446        0.00373763
     1.5000000        0.11064207        0.00295485
     1.6000000        0.10143704        0.00231126
     1.7000000        0.09395289        0.00225706
     1.8000000        0.08796519        0.00245982
     1.9000000        0.08264362        0.00236037
     2.0000000        0.07670549        0.00249852
     2.1000000        0.07051690        0.00277044
     2.2000000        0.06607365        0.00276336
     2.3000000        0.06098615        0.00274523
     2.4000000        0.05741675        0.00223629
     2.5000000        0.05454391        0.00195157
     2.6000000        0.05269781        0.00205943
     2.7000000        0.05112998        0.00321951
     2.8000000        0.04729216        0.00334922
     2.9000000        0.04478969        0.00344493
     3.0000000        0.04084403        0.00292744
     3.1000000        0.03876987        0.00313133
     3.2000000        0.03600693        0.00261106
     3.3000000        0.03400079        0.00207742
     3.4000000        0.03227471        0.00165453
     3.5000000        0.03084151        0.00171599
     3.6000000        0.02999042        0.00193154
     3.7000000        0.02886898        0.00203233
     3.8000000        0.02821120        0.00217418
     3.9000000        0.02668541        0.00228336
     4.0000000        0.02523925        0.00235266
     4.1000000        0.02580255        0.00300161
     4.2000000        0.02574403        0.00351269
     4.3000000        0.02551320        0.00387566
     4.4000000        0.02575484        0.00436638
     4.5000000        0.02572326        0.00461500
     4.6000000        0.02574434        0.00486161
     4.7000000        0.02593773        0.00551461
     4.8000000        0.02521076        0.00523358
     4.9000000        0.02378422        0.00428668
     5.0000000        0.02208290        0.00312945
     5.1000000        0.02136191        0.00274358
     5.2000000        0.02026941        0.00252695
     5.3000000        0.02032003        0.00241769
     5.4000000        0.02068350        0.00254825
     5.5000000        0.02199944        0.00272886
     5.6000000        0.02302429        0.00301985
     5.7000000        0.02453058        0.00402269
     5.8000000        0.02566598        0.00531304
     5.9000000        0.02598300        0.00546788
     6.0000000        0.02701466        0.00553863
     6.1000000        0.02849841        0.00519175
     6.2000000        0.02976073        0.00499361
     6.3000000        0.03102037        0.00499060
     6.4000000        0.03314777        0.00565660
     6.5000000        0.03429108        0.00574037
     6.6000000        0.03388024        0.00458565
     6.7000000        0.03605507        0.00478108
     6.8000000        0.03715608        0.00396915
     6.9000000        0.03947116        0.00443573
     7.0000000        0.04201213        0.00438687
     7.1000000        0.04391673        0.00343407
     7.2000000        0.04571992        0.00235961
     7.3000000        0.04861180        0.00221894
     7.4000000        0.05142276        0.00230016
     7.5000000        0.05616513        0.00303959
     7.6000000        0.06125341        0.00392429
     7.7000000        0.06607892        0.00445725
     7.8000000        0.07223989        0.00549116
     7.9000000        0.07737076        0.00599077
     8.0000000        0.08172319        0.00590899
     8.1000000        0.08676105        0.00599275
     8.2000000        0.09259717        0.00630355
     8.3000000        0.09857365        0.00651191
     8.4000000        0.10564041        0.00598006
     8.5000000        0.11441939        0.00546370
     8.6000000        0.12378883        0.00523474
     8.7000000        0.13338754        0.00523845
     8.8000000        0.14387259        0.00560513
     8.9000000        0.15593750        0.00590666
     9.0000000        0.17079650        0.00675908
     9.1000000        0.18630524        0.00645537
     9.2000000        0.20507942        0.00671946
     9.3000000        0.22591419        0.00616939
     9.4000000        0.25010458        0.00598685
     9.5000000        0.28161722        0.00652084
     9.6000000        0.31871831        0.00685143
     9.7000000        0.36735487        0.00851206
     9.8000000        0.42915403        0.00917213
     9.9000000        0.51222868        0.01003182
    10.0000000        0.62447463        0.01010943
