     0.0000000        0.77370997        0.00250619
     0.1000000        0.66040599        0.00525134
     0.2000000        0.57501839        0.01203113
     0.3000000        0.50331539        0.01638007
     0.4000000        0.45544489        0.01314912
     0.5000000        0.41502449        0.00693982
     0.6000000        0.37566950        0.01856870
     0.7000000        0.33603747        0.01507597
     0.8000000        0.31745135        0.01462050
     0.9000000        0.30527325        0.03380713
     1.0000000        0.26359713        0.02121984
     1.1000000        0.22769764        0.01907936
     1.2000000        0.20139894        0.01595479
     1.3000000        0.19692400        0.01920942
     1.4000000        0.17104413        0.01493441
     1.5000000        0.20587364        0.03043195
     1.6000000        0.15771407        0.01965517
     1.7000000        0.17478492        0.01855231
     1.8000000        0.13153103        0.01356953
     1.9000000        0.11464298        0.01349446
     2.0000000        0.11942452        0.01503258
     2.1000000        0.09674402        0.01115546
     2.2000000        0.09265118        0.01286454
     2.3000000        0.10242634        0.01406230
     2.4000000        0.14004890        0.04655970
     2.5000000        0.10962389        0.01814011
     2.6000000        0.08533214        0.01618957
     2.7000000        0.10295748        0.02851287
     2.8000000        0.14819560        0.08260975
     2.9000000        0.11905424        0.04182897
     3.0000000        0.08853654        0.02147203
     3.1000000        0.09580392        0.02804117
     3.2000000        0.11687938        0.05190854
     3.3000000        0.07942622        0.02464936
     3.4000000        0.05481676        0.01039554
     3.5000000        0.07144303        0.01622741
     3.6000000        0.09353929        0.02783020
     3.7000000        0.09322334        0.03768599
     3.8000000        0.06348924        0.02042022
     3.9000000        0.04982582        0.01321811
     4.0000000        0.06473890        0.02297279
     4.1000000        0.07928431        0.02525968
     4.2000000        0.04008261        0.00519603
     4.3000000        0.05309630        0.01046172
     4.4000000        0.06373100        0.02534831
     4.5000000        0.04792080        0.01071024
     4.6000000        0.04855591        0.00687442
     4.7000000        0.05713391        0.01045610
     4.8000000        0.06790501        0.01750443
     4.9000000        0.07400753        0.01237463
     5.0000000        0.08808076        0.02811726
     5.1000000        0.11449239        0.06626690
     5.2000000        0.10589035        0.06396291
     5.3000000        0.07076116        0.02958156
     5.4000000        0.05991186        0.00945057
     5.5000000        0.05919953        0.01288575
     5.6000000        0.08244410        0.01847571
     5.7000000        0.08870125        0.02678389
     5.8000000        0.06868286        0.01985174
     5.9000000        0.06601756        0.01182515
     6.0000000        0.14201873        0.06501931
     6.1000000        0.13469054        0.04019731
     6.2000000        0.14889409        0.07645806
     6.3000000        0.11670455        0.03099375
     6.4000000        0.10988697        0.02416164
     6.5000000        0.11603076        0.02698593
     6.6000000        0.10902051        0.02864905
     6.7000000        0.09248056        0.01881458
     6.8000000        0.18580574        0.09789833
     6.9000000        0.09254015        0.02039319
     7.0000000        0.08539559        0.01786329
     7.1000000        0.08705763        0.01535332
     7.2000000        0.09458352        0.01344745
     7.3000000        0.14830693        0.05214239
     7.4000000        0.12372029        0.02061978
     7.5000000        0.11862581        0.01538238
     7.6000000        0.12716697        0.01648497
     7.7000000        0.15502138        0.03210695
     7.8000000        0.14324796        0.02175932
     7.9000000        0.13452521        0.01398054
     8.0000000        0.15546614        0.01818732
     8.1000000        0.16971692        0.01771739
     8.2000000        0.20941647        0.02611621
     8.3000000        0.20038275        0.01981102
     8.4000000        0.18458177        0.00960364
     8.5000000        0.20652375        0.01147278
     8.6000000        0.24460846        0.03307892
     8.7000000        0.29595534        0.05247934
     8.8000000        0.26975482        0.02814090
     8.9000000        0.28211428        0.02988273
     9.0000000        0.31967257        0.01296004
     9.1000000        0.39352026        0.08688603
     9.2000000        0.40130597        0.08751956
     9.3000000        0.38753103        0.04367410
     9.4000000        0.40330949        0.02224240
     9.5000000        0.44021862        0.01508759
     9.6000000        0.49731126        0.01952019
     9.7000000        0.53330823        0.02742193
     9.8000000        0.58829472        0.01331045
     9.9000000        0.66176873        0.00551186
    10.0000000        0.77370997        0.00250619
