     0.0000000        2.00000000        0.00000010
     0.1000000        1.58903134        0.00308532
     0.2000000        1.28125469        0.00392081
     0.3000000        1.04388723        0.00500030
     0.4000000        0.85942399        0.00602299
     0.5000000        0.71092296        0.00604695
     0.6000000        0.59061817        0.00554382
     0.7000000        0.49123423        0.00509602
     0.8000000        0.40912312        0.00460149
     0.9000000        0.34339982        0.00518218
     1.0000000        0.29138992        0.00514573
     1.1000000        0.24615385        0.00510272
     1.2000000        0.20890035        0.00484412
     1.3000000        0.17691823        0.00543080
     1.4000000        0.15654884        0.00377295
     1.5000000        0.13457893        0.00321491
     1.6000000        0.12020821        0.00252300
     1.7000000        0.10523706        0.00237668
     1.8000000        0.09168459        0.00208293
     1.9000000        0.08292253        0.00278791
     2.0000000        0.07526971        0.00356603
     2.1000000        0.07127774        0.00298444
     2.2000000        0.06337585        0.00320074
     2.3000000        0.06077580        0.00306861
     2.4000000        0.05941357        0.00340167
     2.5000000        0.05708272        0.00291832
     2.6000000        0.05790819        0.00307027
     2.7000000        0.06231177        0.00381986
     2.8000000        0.06695249        0.00356147
     2.9000000        0.07052890        0.00353433
     3.0000000        0.07649833        0.00297617
     3.1000000        0.08464030        0.00261155
     3.2000000        0.09409351        0.00314562
     3.3000000        0.10289735        0.00289230
     3.4000000        0.11555923        0.00248934
     3.5000000        0.13105704        0.00273327
     3.6000000        0.15422786        0.00389380
     3.7000000        0.18012788        0.00254528
     3.8000000        0.20795900        0.00280097
     3.9000000        0.24251237        0.00309615
     4.0000000        0.28772027        0.00324045
     4.1000000        0.34332061        0.00306729
     4.2000000        0.40804823        0.00298883
     4.3000000        0.48580114        0.00251797
     4.4000000        0.58254011        0.00339154
     4.5000000        0.70365448        0.00216856
     4.6000000        0.85234846        0.00217800
     4.7000000        1.04534215        0.00196725
     4.8000000        1.28356599        0.00326442
     4.9000000        1.59202748        0.00287948
     5.0000000        2.00000000        0.00000007
