     0.0000000        0.46582745        0.02237306
     0.1000000        0.27096846        0.02426594
     0.2000000        0.15941463        0.02193735
     0.3000000        0.09376786        0.01953424
     0.4000000        0.05372754        0.01704678
     0.5000000        0.03037259        0.01564630
     0.6000000        0.01593425        0.01434561
     0.7000000        0.00621423        0.01335520
     0.8000000        0.00006088        0.01217007
     0.9000000       -0.00765330        0.01472592
     1.0000000       -0.01520274        0.01895456
     1.1000000       -0.01920298        0.02187731
     1.2000000       -0.02533121        0.02761064
     1.3000000       -0.03306262        0.03577134
     1.4000000       -0.03431158        0.03836978
     1.5000000       -0.02886234        0.03306564
     1.6000000       -0.02352486        0.02715018
     1.7000000       -0.02373070        0.02737727
     1.8000000       -0.02123266        0.02268361
     1.9000000       -0.02082880        0.02166087
     2.0000000       -0.01950510        0.01953354
     2.1000000       -0.01716815        0.01637202
     2.2000000       -0.01496619        0.01522273
     2.3000000       -0.01410533        0.01507108
     2.4000000       -0.01303169        0.01406814
     2.5000000       -0.01259836        0.01422507
     2.6000000       -0.01405914        0.01622199
     2.7000000       -0.01430077        0.01534534
     2.8000000       -0.01370603        0.01462475
     2.9000000       -0.01408210        0.01497768
     3.0000000       -0.01592749        0.01613526
     3.1000000       -0.01601825        0.01531073
     3.2000000       -0.01862035        0.01626427
     3.3000000       -0.02195166        0.01875553
     3.4000000       -0.02427445        0.01980218
     3.5000000       -0.02332806        0.01880693
     3.6000000       -0.02555406        0.02058264
     3.7000000       -0.02793511        0.02243663
     3.8000000       -0.02651199        0.02055149
     3.9000000       -0.02546956        0.01889137
     4.0000000       -0.02567158        0.01884789
     4.1000000       -0.02307414        0.01644952
     4.2000000       -0.02320142        0.01624896
     4.3000000       -0.01972035        0.01337082
     4.4000000       -0.01332260        0.00888965
     4.5000000       -0.01282120        0.00787800
     4.6000000       -0.01064288        0.00612988
     4.7000000       -0.01035679        0.00538984
     4.8000000       -0.00959610        0.00499324
     4.9000000       -0.00957189        0.00585611
     5.0000000       -0.01021646        0.00656494
     5.1000000       -0.01084324        0.00797236
     5.2000000       -0.00788959        0.00505484
     5.3000000       -0.00842225        0.00430953
     5.4000000       -0.00858178        0.00520061
     5.5000000       -0.00599437        0.00409307
     5.6000000       -0.00338475        0.00287964
     5.7000000       -0.00481979        0.00401921
     5.8000000       -0.00606876        0.00599155
     5.9000000       -0.00552108        0.00629262
     6.0000000       -0.00637206        0.00746964
     6.1000000       -0.00196128        0.00413408
     6.2000000        0.00186486        0.00281806
     6.3000000        0.00073055        0.00323250
     6.4000000        0.00076670        0.00308387
     6.5000000        0.00261126        0.00412512
     6.6000000        0.00680708        0.00759624
     6.7000000        0.00928387        0.01029558
     6.8000000        0.01118656        0.01218104
     6.9000000        0.01368676        0.01511918
     7.0000000        0.01605549        0.01800321
     7.1000000        0.01816040        0.01990182
     7.2000000        0.01986573        0.02104550
     7.3000000        0.01580755        0.01699760
     7.4000000        0.01313070        0.01415456
     7.5000000        0.01200981        0.01212771
     7.6000000        0.01169000        0.01205216
     7.7000000        0.01128581        0.01206529
     7.8000000        0.01016801        0.01243472
     7.9000000        0.00839354        0.01121290
     8.0000000        0.00664594        0.00907613
     8.1000000        0.00820409        0.00991359
     8.2000000        0.00823297        0.00902493
     8.3000000        0.01101175        0.01088314
     8.4000000        0.01282874        0.01118458
     8.5000000        0.01215372        0.01055489
     8.6000000        0.01143778        0.00967954
     8.7000000        0.01083274        0.00820730
     8.8000000        0.01276262        0.00835446
     8.9000000        0.01210785        0.00679751
     9.0000000        0.01378905        0.00684498
     9.1000000        0.01524765        0.00670149
     9.2000000        0.01806712        0.00578758
     9.3000000        0.02121219        0.00434167
     9.4000000        0.02833121        0.00546943
     9.5000000        0.04103890        0.00793494
     9.6000000        0.06068642        0.01249008
     9.7000000        0.09912643        0.01535952
     9.8000000        0.16437435        0.01842266
     9.9000000        0.27659489        0.02011083
    10.0000000        0.46582745        0.02237306
