     0.0000000        0.77636436        0.06814377
     0.1000000        0.59874258        0.08397435
     0.2000000        0.48210694        0.07730200
     0.3000000        0.40717783        0.08134205
     0.4000000        0.34753275        0.07191773
     0.5000000        0.30017521        0.06206107
     0.6000000        0.25994098        0.05012727
     0.7000000        0.23730375        0.05230377
     0.8000000        0.21635573        0.05230634
     0.9000000        0.20140399        0.05445465
     1.0000000        0.18444147        0.04647795
     1.1000000        0.17047087        0.04138079
     1.2000000        0.15871793        0.04046658
     1.3000000        0.14720676        0.03801381
     1.4000000        0.13931595        0.03882504
     1.5000000        0.12848776        0.03394844
     1.6000000        0.11793894        0.02815230
     1.7000000        0.10990633        0.02594611
     1.8000000        0.10331744        0.02366910
     1.9000000        0.10082572        0.02586452
     2.0000000        0.09928785        0.02995601
     2.1000000        0.09680274        0.03152050
     2.2000000        0.09278587        0.02874654
     2.3000000        0.08958287        0.02709311
     2.4000000        0.08548382        0.02414398
     2.5000000        0.08105433        0.02085370
     2.6000000        0.07622620        0.01749176
     2.7000000        0.07200992        0.01520984
     2.8000000        0.07024676        0.01604142
     2.9000000        0.06879133        0.01624091
     3.0000000        0.06588769        0.01412844
     3.1000000        0.06327400        0.01184178
     3.2000000        0.06100396        0.01043689
     3.3000000        0.05865379        0.00882403
     3.4000000        0.05587318        0.00656402
     3.5000000        0.05408013        0.00531148
     3.6000000        0.05278700        0.00464960
     3.7000000        0.05185521        0.00387387
     3.8000000        0.05141010        0.00359785
     3.9000000        0.05115988        0.00341861
     4.0000000        0.05086998        0.00385289
     4.1000000        0.05032565        0.00384000
     4.2000000        0.04980898        0.00397412
     4.3000000        0.04777480        0.00269086
     4.4000000        0.04551907        0.00067306
     4.5000000        0.04483007        0.00040861
     4.6000000        0.04452546        0.00034192
     4.7000000        0.04434668        0.00032452
     4.8000000        0.04403174        0.00064269
     4.9000000        0.04361017        0.00017106
     5.0000000        0.04354321        0.00039016
     5.1000000        0.04346368        0.00117750
     5.2000000        0.04358191        0.00150523
     5.3000000        0.04336351        0.00074396
     5.4000000        0.04341882        0.00047631
     5.5000000        0.04386826        0.00091270
     5.6000000        0.04410588        0.00126532
     5.7000000        0.04431081        0.00075109
     5.8000000        0.04481371        0.00077245
     5.9000000        0.04560387        0.00051588
     6.0000000        0.04609498        0.00013330
     6.1000000        0.04675061        0.00019370
     6.2000000        0.04812762        0.00029946
     6.3000000        0.04924587        0.00059149
     6.4000000        0.05044212        0.00151326
     6.5000000        0.05159613        0.00239450
     6.6000000        0.05278673        0.00277922
     6.7000000        0.05444709        0.00281542
     6.8000000        0.05610776        0.00391996
     6.9000000        0.05715634        0.00441083
     7.0000000        0.05881876        0.00468601
     7.1000000        0.06100046        0.00607362
     7.2000000        0.06345973        0.00802513
     7.3000000        0.06596960        0.00925716
     7.4000000        0.06687227        0.00689977
     7.5000000        0.06906236        0.00659512
     7.6000000        0.07111366        0.00564383
     7.7000000        0.07397735        0.00610114
     7.8000000        0.07714569        0.00744051
     7.9000000        0.08042781        0.00717865
     8.0000000        0.08407655        0.00786043
     8.1000000        0.08796265        0.00802768
     8.2000000        0.09139190        0.00496115
     8.3000000        0.09547420        0.00396743
     8.4000000        0.10044895        0.00481816
     8.5000000        0.10736571        0.00440617
     8.6000000        0.11524486        0.00708545
     8.7000000        0.12455961        0.00856191
     8.8000000        0.13584243        0.01132886
     8.9000000        0.14986468        0.01786263
     9.0000000        0.16484072        0.02457625
     9.1000000        0.18248845        0.02936421
     9.2000000        0.20224231        0.03544195
     9.3000000        0.22451300        0.03922716
     9.4000000        0.25125324        0.03920202
     9.5000000        0.28976397        0.04451038
     9.6000000        0.34179859        0.05605516
     9.7000000        0.38946505        0.04983814
     9.8000000        0.47294351        0.05876450
     9.9000000        0.59637305        0.06516185
    10.0000000        0.77636436        0.06814377
