         51         29  0.10000000000000000E+002          1 PH
  0.00000000000000000E+000  0.49372050595493260E+001  0.76049038371283351E-001
  0.10000000000000001E+000  0.46669049007990759E+001  0.75762885856104092E-001
  0.20000000000000001E+000  0.45068892248780719E+001  0.72504298658178923E-001
  0.30000000000000004E+000  0.44335208237664627E+001  0.77383969675481737E-001
  0.40000000000000002E+000  0.43603240796356575E+001  0.80054980723812216E-001
  0.50000000000000000E+000  0.43152733751640566E+001  0.79614745525369998E-001
  0.60000000000000009E+000  0.42988247736219858E+001  0.81110515687788348E-001
  0.70000000000000007E+000  0.42803295795444694E+001  0.85445884796555460E-001
  0.80000000000000004E+000  0.42254778644354340E+001  0.73087539161254128E-001
  0.90000000000000002E+000  0.42069599564123044E+001  0.75695827867993587E-001
  0.10000000000000000E+001  0.42056035185735903E+001  0.73449967830983190E-001
  0.11000000000000001E+001  0.41892818042443283E+001  0.77569182978904541E-001
  0.12000000000000002E+001  0.42041281895254841E+001  0.89079881567626903E-001
  0.13000000000000000E+001  0.41832960075372068E+001  0.80583455549848609E-001
  0.14000000000000001E+001  0.41562936304123284E+001  0.72193014742270509E-001
  0.15000000000000000E+001  0.41473543494768839E+001  0.77211109679079043E-001
  0.16000000000000001E+001  0.41345908532388025E+001  0.75836130185139294E-001
  0.17000000000000002E+001  0.41280641697729505E+001  0.76757672602617275E-001
  0.18000000000000000E+001  0.41311192697955459E+001  0.79625341816491821E-001
  0.19000000000000001E+001  0.41282924060387982E+001  0.77335800760551091E-001
  0.20000000000000000E+001  0.41230066915170243E+001  0.77142668439091414E-001
  0.21000000000000001E+001  0.41189507224309496E+001  0.75232987011077682E-001
  0.22000000000000002E+001  0.41073542559065928E+001  0.74844586234346117E-001
  0.23000000000000003E+001  0.40906885338085424E+001  0.70115464762036311E-001
  0.24000000000000004E+001  0.40829517631362213E+001  0.70895879274162923E-001
  0.25000000000000000E+001  0.40838862272098977E+001  0.72002219325917896E-001
  0.26000000000000001E+001  0.40924481599477938E+001  0.74983480524360727E-001
  0.27000000000000002E+001  0.40887838163141392E+001  0.75485709581460975E-001
  0.28000000000000003E+001  0.40859560408417872E+001  0.71794155784649608E-001
  0.29000000000000004E+001  0.40811948751301426E+001  0.75337520710317643E-001
  0.30000000000000000E+001  0.40719927464541952E+001  0.74966424426776632E-001
  0.31000000000000001E+001  0.40677789482326503E+001  0.74071433006288975E-001
  0.32000000000000002E+001  0.40952412142039067E+001  0.83416717805315815E-001
  0.33000000000000003E+001  0.40947252010530732E+001  0.86378570803222199E-001
  0.34000000000000004E+001  0.40905828561429951E+001  0.83013482944297279E-001
  0.35000000000000000E+001  0.40935347001207587E+001  0.83630389985878684E-001
  0.36000000000000001E+001  0.41064934036426042E+001  0.90616397942739846E-001
  0.37000000000000002E+001  0.40758849687113941E+001  0.80197332483098571E-001
  0.38000000000000003E+001  0.40802481247330755E+001  0.81327680431458285E-001
  0.39000000000000004E+001  0.40612455463553809E+001  0.72326436855583751E-001
  0.40000000000000000E+001  0.40652201755596185E+001  0.73114327643929264E-001
  0.41000000000000005E+001  0.40550396708516896E+001  0.71389099659138644E-001
  0.42000000000000002E+001  0.40570939723221526E+001  0.73615314241413460E-001
  0.42999999999999998E+001  0.40533505742154041E+001  0.74874953379136716E-001
  0.44000000000000004E+001  0.40658962099455369E+001  0.78769311927347749E-001
  0.45000000000000000E+001  0.40628251174810570E+001  0.79038623702258892E-001
  0.46000000000000005E+001  0.40878530229827899E+001  0.84986582589667292E-001
  0.47000000000000002E+001  0.40682253562972992E+001  0.76088727611403992E-001
  0.48000000000000007E+001  0.40716194875028187E+001  0.76158095552321142E-001
  0.49000000000000004E+001  0.40825311192443836E+001  0.82071895033297620E-001
  0.50000000000000000E+001  0.40637444512908321E+001  0.84116111386476816E-001
