     0.0000000        2.00000000        0.00000004
     0.1000000        1.60211962        0.00704921
     0.2000000        1.30614111        0.00926002
     0.3000000        1.07683504        0.01005363
     0.4000000        0.89618642        0.01049295
     0.5000000        0.75463852        0.01006391
     0.6000000        0.64374054        0.01361983
     0.7000000        0.55507498        0.01385829
     0.8000000        0.48315321        0.00709413
     0.9000000        0.41775916        0.00590975
     1.0000000        0.36359741        0.00543786
     1.1000000        0.31533972        0.00718900
     1.2000000        0.27569967        0.00794325
     1.3000000        0.24301275        0.00603614
     1.4000000        0.21379450        0.00637625
     1.5000000        0.19032152        0.00719129
     1.6000000        0.16989022        0.00565556
     1.7000000        0.15451198        0.00537186
     1.8000000        0.13879257        0.00489444
     1.9000000        0.12611831        0.00248510
     2.0000000        0.11269168        0.00588640
     2.1000000        0.10292360        0.00232574
     2.2000000        0.09662601        0.00290854
     2.3000000        0.08506169        0.00400022
     2.4000000        0.07680385        0.00391036
     2.5000000        0.06894390        0.00231752
     2.6000000        0.06304741        0.00237722
     2.7000000        0.05844326        0.00290265
     2.8000000        0.05542882        0.00246382
     2.9000000        0.05140348        0.00371833
     3.0000000        0.04851256        0.00475179
     3.1000000        0.04370980        0.00405422
     3.2000000        0.04130813        0.00289804
     3.3000000        0.03929352        0.00281842
     3.4000000        0.03540304        0.00169182
     3.5000000        0.03468299        0.00265686
     3.6000000        0.03255248        0.00069922
     3.7000000        0.03075090        0.00041053
     3.8000000        0.03141166        0.00203836
     3.9000000        0.02924802        0.00295357
     4.0000000        0.02987103        0.00185402
     4.1000000        0.02906076        0.00204723
     4.2000000        0.02826870        0.00382772
     4.3000000        0.02744072        0.00419110
     4.4000000        0.02517541        0.00422392
     4.5000000        0.02442346        0.00390846
     4.6000000        0.02342883        0.00263852
     4.7000000        0.02333791        0.00180370
     4.8000000        0.02339123        0.00124681
     4.9000000        0.02239771        0.00264350
     5.0000000        0.02172936        0.00456629
     5.1000000        0.02077959        0.00330036
     5.2000000        0.02092232        0.00253718
     5.3000000        0.02268877        0.00242031
     5.4000000        0.02538491        0.00249194
     5.5000000        0.02507845        0.00263401
     5.6000000        0.02657222        0.00298984
     5.7000000        0.02590855        0.00375614
     5.8000000        0.02626436        0.00235116
     5.9000000        0.02768591        0.00155981
     6.0000000        0.02902866        0.00364366
     6.1000000        0.03363338        0.00763852
     6.2000000        0.03382687        0.00445720
     6.3000000        0.03731522        0.00595570
     6.4000000        0.03984002        0.00599071
     6.5000000        0.04209554        0.00416810
     6.6000000        0.04553120        0.00422576
     6.7000000        0.04771413        0.00275894
     6.8000000        0.04877818        0.00304981
     6.9000000        0.05245857        0.00356017
     7.0000000        0.05416050        0.00122507
     7.1000000        0.05953206        0.00168704
     7.2000000        0.06418877        0.00331561
     7.3000000        0.06942556        0.00612485
     7.4000000        0.07662841        0.00654295
     7.5000000        0.08191563        0.00475253
     7.6000000        0.08652394        0.00271733
     7.7000000        0.09460939        0.00411372
     7.8000000        0.10104402        0.00378958
     7.9000000        0.11284520        0.00571157
     8.0000000        0.12209818        0.00610732
     8.1000000        0.13611634        0.00617493
     8.2000000        0.14939576        0.00491097
     8.3000000        0.16344805        0.00524838
     8.4000000        0.18424470        0.00474318
     8.5000000        0.20409712        0.00758902
     8.6000000        0.23054636        0.00586695
     8.7000000        0.25805047        0.00646609
     8.8000000        0.28832597        0.00763383
     8.9000000        0.32777410        0.00502763
     9.0000000        0.36958867        0.00158543
     9.1000000        0.42199859        0.00439547
     9.2000000        0.48217919        0.00212009
     9.3000000        0.55319416        0.00474427
     9.4000000        0.65387102        0.00488305
     9.5000000        0.76664926        0.00234628
     9.6000000        0.90616653        0.00672334
     9.7000000        1.08233185        0.00187192
     9.8000000        1.31253794        0.00134157
     9.9000000        1.60673934        0.00160128
    10.0000000        2.00000000        0.00000004
