     0.0000000        1.00000000        0.00000000
     0.0500000        0.89203281        0.00303426
     0.1000000        0.79767859        0.00657946
     0.1500000        0.71518652        0.00813601
     0.2000000        0.64368339        0.01014991
     0.2500000        0.58339164        0.01137492
     0.3000000        0.53140044        0.01272152
     0.3500000        0.48317965        0.01434461
     0.4000000        0.44183966        0.01438640
     0.4500000        0.40652254        0.01479733
     0.5000000        0.37197629        0.01440196
     0.5500000        0.34235151        0.01444132
     0.6000000        0.31707587        0.01406711
     0.6500000        0.29542074        0.01329209
     0.7000000        0.27755404        0.01329632
     0.7500000        0.26021268        0.01318338
     0.8000000        0.24499732        0.01300922
     0.8500000        0.23072096        0.01305897
     0.9000000        0.21629321        0.01303963
     0.9500000        0.20201933        0.01458818
     1.0000000        0.18879844        0.01560455
     1.0500000        0.17555998        0.01757441
     1.1000000        0.16208340        0.01801811
     1.1500000        0.14888807        0.01943829
     1.2000000        0.13507551        0.02100439
     1.2500000        0.12383349        0.02271268
     1.3000000        0.11650112        0.02401759
     1.3500000        0.10825950        0.02470957
     1.4000000        0.10096454        0.02444278
     1.4500000        0.08968939        0.02453551
     1.5000000        0.08241989        0.02500170
     1.5500000        0.07190354        0.02397530
     1.6000000        0.06375736        0.02406054
     1.6500000        0.05560926        0.02400725
     1.7000000        0.04952172        0.02396355
     1.7500000        0.04306988        0.02399166
     1.8000000        0.03572413        0.02395217
     1.8500000        0.02985074        0.02387433
     1.9000000        0.02209938        0.02300969
     1.9500000        0.01757619        0.02196517
     2.0000000        0.01382414        0.02020026
     2.0500000        0.00904479        0.01816707
     2.1000000        0.00439085        0.01662452
     2.1500000       -0.00018691        0.01432792
     2.2000000       -0.00229961        0.01284657
     2.2500000       -0.00536300        0.01193348
     2.3000000       -0.00917560        0.01207710
     2.3500000       -0.00976412        0.01235751
     2.4000000       -0.01078763        0.01245988
     2.4500000       -0.01153374        0.01177644
     2.5000000       -0.01024814        0.01143851
     2.5500000       -0.01056423        0.01078575
     2.6000000       -0.01026394        0.01153280
     2.6500000       -0.01202532        0.01185068
     2.7000000       -0.01482173        0.01256623
     2.7500000       -0.01896384        0.01333548
     2.8000000       -0.02140954        0.01434287
     2.8500000       -0.02046932        0.01416688
     2.9000000       -0.01885548        0.01416094
     2.9500000       -0.01840637        0.01359805
     3.0000000       -0.01752231        0.01399632
     3.0500000       -0.01827340        0.01435234
     3.1000000       -0.02110505        0.01416661
     3.1500000       -0.02343512        0.01400328
     3.2000000       -0.02496033        0.01422559
     3.2500000       -0.02603726        0.01432656
     3.3000000       -0.02693729        0.01478841
     3.3500000       -0.02714050        0.01483584
     3.4000000       -0.02702797        0.01446261
     3.4500000       -0.02627581        0.01413893
     3.5000000       -0.02369773        0.01465169
     3.5500000       -0.02383648        0.01433298
     3.6000000       -0.02157116        0.01402845
     3.6500000       -0.01922267        0.01351041
     3.7000000       -0.01534807        0.01337615
     3.7500000       -0.01297074        0.01311802
     3.8000000       -0.01120969        0.01247997
     3.8500000       -0.00837694        0.01196885
     3.9000000       -0.00440692        0.01143314
     3.9500000       -0.00109567        0.01110884
     4.0000000       -0.00003444        0.01045973
     4.0500000       -0.00109318        0.00998735
     4.1000000       -0.00183430        0.00940197
     4.1500000       -0.00173247        0.00898175
     4.2000000       -0.00430690        0.00899179
     4.2500000       -0.00556797        0.00886950
     4.3000000       -0.00478050        0.00848076
     4.3500000       -0.00539060        0.00810742
     4.4000000       -0.00729780        0.00803717
     4.4500000       -0.00890166        0.00750700
     4.5000000       -0.01061543        0.00714299
     4.5500000       -0.01177394        0.00685771
     4.6000000       -0.01110852        0.00632072
     4.6500000       -0.01113111        0.00626031
     4.7000000       -0.00957347        0.00630977
     4.7500000       -0.00838808        0.00718551
     4.8000000       -0.00847148        0.00761845
     4.8500000       -0.00862170        0.00802997
     4.9000000       -0.00865573        0.00845502
     4.9500000       -0.00970408        0.00867830
     5.0000000       -0.00920139        0.00924348
     5.0500000       -0.00817940        0.00911256
     5.1000000       -0.00699501        0.00890483
     5.1500000       -0.00585842        0.00893915
     5.2000000       -0.00442284        0.00924226
     5.2500000       -0.00472786        0.00955917
     5.3000000       -0.00370811        0.00959690
     5.3500000       -0.00303550        0.00941467
     5.4000000       -0.00161795        0.00968090
     5.4500000       -0.00120674        0.00995436
     5.5000000        0.00085844        0.00995541
     5.5500000        0.00335135        0.01024938
     5.6000000        0.00477160        0.00994171
     5.6500000        0.00560211        0.00960480
     5.7000000        0.00681202        0.00995760
     5.7500000        0.00811069        0.01026361
     5.8000000        0.00863071        0.01077442
     5.8500000        0.00807876        0.01107212
     5.9000000        0.00777919        0.01163374
     5.9500000        0.00797303        0.01181904
     6.0000000        0.00936739        0.01202258
     6.0500000        0.00950874        0.01199257
     6.1000000        0.00891005        0.01182608
     6.1500000        0.00792084        0.01177216
     6.2000000        0.00784024        0.01156752
     6.2500000        0.00889930        0.01166322
     6.3000000        0.00878094        0.01178805
     6.3500000        0.00970341        0.01177388
     6.4000000        0.00885570        0.01149549
     6.4500000        0.00765810        0.01136804
     6.5000000        0.00477779        0.01081389
     6.5500000        0.00387358        0.01060910
     6.6000000        0.00228284        0.01028979
     6.6500000        0.00063137        0.01018526
     6.7000000        0.00042401        0.01025961
     6.7500000        0.00036053        0.01005469
     6.8000000       -0.00029732        0.00989945
     6.8500000        0.00012399        0.00974083
     6.9000000        0.00118890        0.00991963
     6.9500000        0.00124379        0.00979765
     7.0000000        0.00058827        0.00973081
     7.0500000       -0.00037169        0.01003963
     7.1000000       -0.00191216        0.01069695
     7.1500000       -0.00396149        0.01132478
     7.2000000       -0.00758493        0.01104346
     7.2500000       -0.01019688        0.01082568
     7.3000000       -0.01119642        0.01045271
     7.3500000       -0.01206611        0.01009867
     7.4000000       -0.01333050        0.00946813
     7.4500000       -0.01159256        0.00957177
     7.5000000       -0.01158302        0.00957771
     7.5500000       -0.01027018        0.00922958
     7.6000000       -0.00889999        0.00856258
     7.6500000       -0.00720494        0.00837831
     7.7000000       -0.00513708        0.00797756
     7.7500000       -0.00359924        0.00808847
     7.8000000       -0.00246295        0.00841561
     7.8500000       -0.00121278        0.00824094
     7.9000000       -0.00006843        0.00775162
     7.9500000       -0.00013500        0.00730106
     8.0000000       -0.00194073        0.00727342
     8.0500000       -0.00319361        0.00705061
     8.1000000       -0.00436185        0.00699629
     8.1500000       -0.00634036        0.00731275
     8.2000000       -0.00710552        0.00754127
     8.2500000       -0.00842522        0.00675511
     8.3000000       -0.00872356        0.00694006
     8.3500000       -0.00896350        0.00719138
     8.4000000       -0.00808664        0.00711765
     8.4500000       -0.00659201        0.00747689
     8.5000000       -0.00642335        0.00754785
     8.5500000       -0.00544205        0.00728256
     8.6000000       -0.00597410        0.00728183
     8.6500000       -0.00523728        0.00770113
     8.7000000       -0.00527468        0.00771795
     8.7500000       -0.00460706        0.00759739
     8.8000000       -0.00427497        0.00727021
     8.8500000       -0.00303113        0.00696319
     8.9000000       -0.00230459        0.00718855
     8.9500000       -0.00188426        0.00687522
     9.0000000       -0.00120221        0.00697741
     9.0500000        0.00026972        0.00683662
     9.1000000       -0.00039946        0.00701904
     9.1500000       -0.00000945        0.00702497
     9.2000000       -0.00087164        0.00711881
     9.2500000       -0.00203301        0.00690162
     9.3000000       -0.00280367        0.00708404
     9.3500000       -0.00370821        0.00747820
     9.4000000       -0.00478730        0.00784382
     9.4500000       -0.00436710        0.00789577
     9.5000000       -0.00399262        0.00770174
     9.5500000       -0.00375609        0.00746060
     9.6000000       -0.00338653        0.00721080
     9.6500000       -0.00330059        0.00722778
     9.7000000       -0.00272027        0.00706863
     9.7500000       -0.00337090        0.00670292
     9.8000000       -0.00193692        0.00631804
     9.8500000       -0.00186619        0.00588351
     9.9000000        0.00057185        0.00597834
     9.9500000        0.00347291        0.00589949
    10.0000000        0.00301786        0.00572387
    10.0500000        0.00438732        0.00628319
    10.1000000        0.00623186        0.00682077
    10.1500000        0.00654854        0.00739159
    10.2000000        0.00629127        0.00758273
    10.2500000        0.00650459        0.00760701
    10.3000000        0.00674539        0.00763065
    10.3500000        0.00898846        0.00814501
    10.4000000        0.00858969        0.00819771
    10.4500000        0.00832490        0.00825192
    10.5000000        0.00792077        0.00823182
    10.5500000        0.00719522        0.00879762
    10.6000000        0.00600380        0.00890588
    10.6500000        0.00316933        0.00897386
    10.7000000        0.00143312        0.00907157
    10.7500000        0.00029170        0.00895541
    10.8000000        0.00127404        0.00901282
    10.8500000       -0.00025995        0.00863912
    10.9000000        0.00010034        0.00875535
    10.9500000       -0.00050629        0.00852445
    11.0000000       -0.00085452        0.00832114
    11.0500000       -0.00121357        0.00845784
    11.1000000       -0.00200525        0.00885118
    11.1500000       -0.00260095        0.00914850
    11.2000000       -0.00349152        0.00902416
    11.2500000       -0.00368997        0.00888305
    11.3000000       -0.00352527        0.00858888
    11.3500000       -0.00328226        0.00849275
    11.4000000       -0.00456764        0.00876531
    11.4500000       -0.00482018        0.00912704
    11.5000000       -0.00394700        0.00951367
    11.5500000       -0.00209902        0.00949489
    11.6000000       -0.00107687        0.00952235
    11.6500000        0.00046938        0.00894996
    11.7000000        0.00188342        0.00882543
    11.7500000        0.00180143        0.00874644
    11.8000000        0.00100184        0.00856808
    11.8500000       -0.00113605        0.00830981
    11.9000000       -0.00298251        0.00808330
    11.9500000       -0.00111656        0.00800026
    12.0000000       -0.00138583        0.00803084
    12.0500000       -0.00088388        0.00765723
    12.1000000        0.00150321        0.00760536
    12.1500000        0.00373225        0.00729722
    12.2000000        0.00481209        0.00681191
    12.2500000        0.00606878        0.00661786
    12.3000000        0.00523687        0.00623677
    12.3500000        0.00518697        0.00603684
    12.4000000        0.00387949        0.00580226
    12.4500000        0.00191671        0.00579152
    12.5000000       -0.00015332        0.00550321
    12.5500000       -0.00208241        0.00581227
    12.6000000       -0.00154052        0.00648582
    12.6500000       -0.00238990        0.00687861
    12.7000000       -0.00389801        0.00725624
    12.7500000       -0.00469541        0.00742279
    12.8000000       -0.00449850        0.00766077
    12.8500000       -0.00377798        0.00780192
    12.9000000       -0.00446251        0.00756194
    12.9500000       -0.00570378        0.00776041
    13.0000000       -0.00827977        0.00814268
    13.0500000       -0.00924241        0.00835659
    13.1000000       -0.00971652        0.00783580
    13.1500000       -0.00993554        0.00796408
    13.2000000       -0.00920603        0.00791544
    13.2500000       -0.00964617        0.00742433
    13.3000000       -0.00993267        0.00730434
    13.3500000       -0.01079326        0.00724686
    13.4000000       -0.01055712        0.00716178
    13.4500000       -0.01054782        0.00657314
    13.5000000       -0.00883982        0.00648272
    13.5500000       -0.00804395        0.00600665
    13.6000000       -0.00773958        0.00559133
    13.6500000       -0.00815780        0.00516746
    13.7000000       -0.00868710        0.00470858
    13.7500000       -0.01005831        0.00484278
    13.8000000       -0.01272012        0.00483928
    13.8500000       -0.01317900        0.00495654
    13.9000000       -0.01461779        0.00494387
    13.9500000       -0.01511921        0.00483914
    14.0000000       -0.01541245        0.00515560
    14.0500000       -0.01617273        0.00500269
    14.1000000       -0.01641020        0.00440735
    14.1500000       -0.01565525        0.00434740
    14.2000000       -0.01432416        0.00489907
    14.2500000       -0.01465207        0.00458981
    14.3000000       -0.01397552        0.00483686
    14.3500000       -0.01228770        0.00551228
    14.4000000       -0.01218118        0.00569306
    14.4500000       -0.01275590        0.00578813
    14.5000000       -0.01366922        0.00597392
    14.5500000       -0.01423760        0.00621571
    14.6000000       -0.01481475        0.00649807
    14.6500000       -0.01511624        0.00660932
    14.7000000       -0.01629920        0.00670859
    14.7500000       -0.01745688        0.00633436
    14.8000000       -0.01787876        0.00640250
    14.8500000       -0.01746149        0.00594985
    14.9000000       -0.01625738        0.00584801
    14.9500000       -0.01649840        0.00538041
    15.0000000       -0.01679664        0.00501119
    15.0500000       -0.01797736        0.00480765
    15.1000000       -0.01880096        0.00473212
    15.1500000       -0.01888200        0.00545352
    15.2000000       -0.01916578        0.00687062
    15.2500000       -0.01867004        0.00695383
    15.3000000       -0.01814693        0.00729099
    15.3500000       -0.01770435        0.00735626
    15.4000000       -0.01754411        0.00766439
    15.4500000       -0.01750511        0.00739054
    15.5000000       -0.01672767        0.00704464
    15.5500000       -0.01506850        0.00627310
    15.6000000       -0.01327179        0.00553242
    15.6500000       -0.01199810        0.00520340
    15.7000000       -0.01172420        0.00481955
    15.7500000       -0.01329204        0.00518630
    15.8000000       -0.01293634        0.00625364
    15.8500000       -0.01217444        0.00706653
    15.9000000       -0.00952041        0.00850428
    15.9500000       -0.00682231        0.00935714
    16.0000000       -0.00467389        0.01029347
    16.0500000       -0.00350935        0.00995987
    16.1000000       -0.00319252        0.01022453
    16.1500000       -0.00227863        0.01083805
    16.2000000       -0.00004212        0.01057000
    16.2500000        0.00100717        0.01071189
    16.3000000        0.00013236        0.01019695
    16.3500000        0.00123495        0.01022253
    16.4000000        0.00280377        0.01020797
    16.4500000        0.00408598        0.01082687
    16.5000000        0.00483459        0.01097281
    16.5500000        0.00406753        0.01188401
    16.6000000        0.00348448        0.01280441
    16.6500000        0.00447933        0.01362464
    16.7000000        0.00615067        0.01429854
    16.7500000        0.00663437        0.01463657
    16.8000000        0.00771344        0.01511237
    16.8500000        0.00855877        0.01531870
    16.9000000        0.01104486        0.01500067
    16.9500000        0.01382912        0.01477537
    17.0000000        0.01541135        0.01532960
    17.0500000        0.01772605        0.01498229
    17.1000000        0.01985419        0.01470661
    17.1500000        0.02444812        0.01428802
    17.2000000        0.02855423        0.01360310
    17.2500000        0.03073548        0.01312075
    17.3000000        0.03183522        0.01331301
    17.3500000        0.03211310        0.01400312
    17.4000000        0.03268774        0.01499634
    17.4500000        0.03501263        0.01499890
    17.5000000        0.03643437        0.01549267
    17.5500000        0.04062590        0.01505528
    17.6000000        0.04493209        0.01474022
    17.6500000        0.04932503        0.01533188
    17.7000000        0.05363580        0.01562197
    17.7500000        0.05870243        0.01527871
    17.8000000        0.06413257        0.01620129
    17.8500000        0.07081287        0.01672230
    17.9000000        0.07490819        0.01741855
    17.9500000        0.07729841        0.01808714
    18.0000000        0.08068649        0.01865685
    18.0500000        0.08216773        0.01898532
    18.1000000        0.08304628        0.01856685
    18.1500000        0.08384633        0.01900224
    18.2000000        0.08221943        0.01904621
    18.2500000        0.08619124        0.01929713
    18.3000000        0.08776869        0.01953289
    18.3500000        0.08919155        0.01892923
    18.4000000        0.09464588        0.01884230
    18.4500000        0.09767858        0.01957651
    18.5000000        0.10130868        0.01951270
    18.5500000        0.10551605        0.01969075
    18.6000000        0.11227462        0.01956034
    18.6500000        0.11924347        0.02016125
    18.7000000        0.12631622        0.02106244
    18.7500000        0.13179059        0.02084572
    18.8000000        0.13600175        0.02043234
    18.8500000        0.14414076        0.02156013
    18.9000000        0.15300563        0.02278485
    18.9500000        0.16280162        0.02281332
    19.0000000        0.17727875        0.02143561
    19.0500000        0.19474688        0.02085177
    19.1000000        0.21097514        0.02045360
    19.1500000        0.22800165        0.02098200
    19.2000000        0.24549200        0.02038419
    19.2500000        0.26551136        0.01938907
    19.3000000        0.28441686        0.01834139
    19.3500000        0.30727207        0.01777089
    19.4000000        0.33268204        0.01695762
    19.4500000        0.35759959        0.01719216
    19.5000000        0.38763364        0.01850251
    19.5500000        0.41839108        0.01910222
    19.6000000        0.45502191        0.01841293
    19.6500000        0.49038279        0.01699481
    19.7000000        0.53583190        0.01590109
    19.7500000        0.58981935        0.01382941
    19.8000000        0.64950339        0.01037645
    19.8500000        0.72127277        0.00833066
    19.9000000        0.80557535        0.00561485
    19.9500000        0.89441931        0.00382118
    20.0000000        1.00000000        0.00000000
