     0.0000000        0.15643542        0.00365806
     0.1000000        0.10394520        0.00332646
     0.2000000        0.06973109        0.00279616
     0.3000000        0.04718387        0.00207767
     0.4000000        0.03217045        0.00156509
     0.5000000        0.02244741        0.00092758
     0.6000000        0.01546612        0.00069878
     0.7000000        0.01076607        0.00047329
     0.8000000        0.00757912        0.00023995
     0.9000000        0.00510775        0.00018453
     1.0000000        0.00332658        0.00022340
     1.1000000        0.00223366        0.00024868
     1.2000000        0.00149213        0.00024791
     1.3000000        0.00105740        0.00027280
     1.4000000        0.00075014        0.00025398
     1.5000000        0.00050530        0.00024973
     1.6000000        0.00029414        0.00021291
     1.7000000        0.00017903        0.00010889
     1.8000000        0.00009444        0.00008448
     1.9000000        0.00015335        0.00009304
     2.0000000        0.00015471        0.00009318
     2.1000000        0.00013358        0.00009748
     2.2000000        0.00017675        0.00007869
     2.3000000        0.00022856        0.00007515
     2.4000000        0.00021256        0.00005098
     2.5000000        0.00010860        0.00004941
     2.6000000        0.00009766        0.00006378
     2.7000000        0.00008825        0.00006182
     2.8000000        0.00007654        0.00006071
     2.9000000        0.00006050        0.00006824
     3.0000000        0.00003560        0.00006920
     3.1000000       -0.00000595        0.00007183
     3.2000000       -0.00002590        0.00007740
     3.3000000       -0.00003747        0.00007770
     3.4000000       -0.00006161        0.00008797
     3.5000000       -0.00006148        0.00008611
     3.6000000       -0.00004648        0.00006956
     3.7000000       -0.00003711        0.00005256
     3.8000000       -0.00003848        0.00004860
     3.9000000       -0.00002602        0.00005190
     4.0000000       -0.00000327        0.00005079
     4.1000000        0.00003976        0.00003658
     4.2000000        0.00006520        0.00005516
     4.3000000        0.00006761        0.00004972
     4.4000000        0.00006435        0.00004549
     4.5000000        0.00006120        0.00004485
     4.6000000        0.00005286        0.00004694
     4.7000000        0.00004971        0.00005644
     4.8000000        0.00004570        0.00005529
     4.9000000        0.00004150        0.00005703
     5.0000000        0.00004593        0.00005856
     5.1000000        0.00003040        0.00007068
     5.2000000        0.00001438        0.00007864
     5.3000000       -0.00003118        0.00009536
     5.4000000       -0.00001617        0.00011674
     5.5000000       -0.00002948        0.00009006
     5.6000000       -0.00004163        0.00008176
     5.7000000       -0.00005513        0.00007563
     5.8000000       -0.00007375        0.00008776
     5.9000000       -0.00008419        0.00009216
     6.0000000       -0.00010321        0.00009340
     6.1000000       -0.00009228        0.00009146
     6.2000000       -0.00008100        0.00011228
     6.3000000       -0.00007133        0.00011027
     6.4000000       -0.00005627        0.00012478
     6.5000000       -0.00000679        0.00011230
     6.6000000        0.00002903        0.00010422
     6.7000000        0.00006114        0.00006489
     6.8000000        0.00005352        0.00004956
     6.9000000        0.00006892        0.00007550
     7.0000000        0.00006770        0.00009461
     7.1000000        0.00013228        0.00013378
     7.2000000        0.00022557        0.00019955
     7.3000000        0.00021882        0.00022426
     7.4000000        0.00016366        0.00017845
     7.5000000        0.00013692        0.00018414
     7.6000000        0.00012086        0.00015211
     7.7000000        0.00007959        0.00017354
     7.8000000        0.00001752        0.00025211
     7.9000000       -0.00004940        0.00038264
     8.0000000        0.00000218        0.00067021
     8.1000000       -0.00003907        0.00062819
     8.2000000        0.00024785        0.00059062
     8.3000000        0.00077411        0.00071812
     8.4000000        0.00118587        0.00071075
     8.5000000        0.00168844        0.00072116
     8.6000000        0.00198100        0.00072096
     8.7000000        0.00246801        0.00070360
     8.8000000        0.00313729        0.00080074
     8.9000000        0.00395710        0.00083249
     9.0000000        0.00498925        0.00083145
     9.1000000        0.00578254        0.00056680
     9.2000000        0.00782676        0.00040293
     9.3000000        0.01165664        0.00054317
     9.4000000        0.01583953        0.00038575
     9.5000000        0.02284573        0.00061529
     9.6000000        0.03186041        0.00212700
     9.7000000        0.04654474        0.00282146
     9.8000000        0.06927783        0.00306728
     9.9000000        0.10404564        0.00330693
    10.0000000        0.15643542        0.00365806
