     0.0000000        0.31658280        0.00569379
     0.1000000        0.20049812        0.00152501
     0.2000000        0.13118395        0.00158698
     0.3000000        0.08876407        0.00118758
     0.4000000        0.05952657        0.00176269
     0.5000000        0.03967982        0.00234405
     0.6000000        0.02693438        0.00108574
     0.7000000        0.01808843        0.00084648
     0.8000000        0.01229330        0.00146879
     0.9000000        0.00832142        0.00107033
     1.0000000        0.00541958        0.00079572
     1.1000000        0.00387437        0.00022524
     1.2000000        0.00272252        0.00046721
     1.3000000        0.00185600        0.00074990
     1.4000000        0.00149391        0.00076537
     1.5000000        0.00117998        0.00063769
     1.6000000        0.00103038        0.00068614
     1.7000000        0.00076710        0.00070114
     1.8000000        0.00035717        0.00072138
     1.9000000        0.00048204        0.00045378
     2.0000000        0.00041235        0.00026953
     2.1000000        0.00064135        0.00033184
     2.2000000        0.00032494        0.00033912
     2.3000000        0.00013003        0.00031602
     2.4000000        0.00023937        0.00038842
     2.5000000        0.00019678        0.00028334
     2.6000000        0.00020724        0.00022939
     2.7000000        0.00023830        0.00007842
     2.8000000        0.00019899        0.00008489
     2.9000000        0.00012772        0.00013004
     3.0000000       -0.00004021        0.00021112
     3.1000000        0.00003124        0.00011762
     3.2000000       -0.00004659        0.00009253
     3.3000000       -0.00006103        0.00009594
     3.4000000       -0.00006606        0.00000472
     3.5000000       -0.00004547        0.00005475
     3.6000000        0.00004946        0.00005317
     3.7000000        0.00009317        0.00003738
     3.8000000        0.00006161        0.00001244
     3.9000000        0.00002853        0.00000541
     4.0000000        0.00003053        0.00003246
     4.1000000        0.00004684        0.00007158
     4.2000000        0.00003966        0.00005073
     4.3000000        0.00003098        0.00002702
     4.4000000        0.00005516        0.00006043
     4.5000000        0.00003509        0.00006667
     4.6000000        0.00000639        0.00004044
     4.7000000       -0.00002316        0.00001337
     4.8000000       -0.00003238        0.00004435
     4.9000000       -0.00005387        0.00004045
     5.0000000       -0.00001979        0.00005379
     5.1000000       -0.00001436        0.00002920
     5.2000000       -0.00002236        0.00001549
     5.3000000       -0.00003439        0.00002522
     5.4000000       -0.00000075        0.00002754
     5.5000000        0.00000921        0.00004508
     5.6000000        0.00002674        0.00006476
     5.7000000        0.00003563        0.00008760
     5.8000000        0.00006531        0.00007113
     5.9000000        0.00003905        0.00007213
     6.0000000       -0.00000928        0.00009773
     6.1000000       -0.00000711        0.00008106
     6.2000000       -0.00001320        0.00015611
     6.3000000       -0.00006703        0.00022746
     6.4000000        0.00002923        0.00015290
     6.5000000        0.00009562        0.00011477
     6.6000000        0.00004729        0.00012140
     6.7000000        0.00011116        0.00006878
     6.8000000        0.00017682        0.00013540
     6.9000000        0.00013424        0.00022746
     7.0000000        0.00019927        0.00033826
     7.1000000        0.00021552        0.00041034
     7.2000000        0.00013386        0.00035680
     7.3000000        0.00019393        0.00038550
     7.4000000        0.00019211        0.00024073
     7.5000000        0.00015254        0.00022987
     7.6000000        0.00006612        0.00007647
     7.7000000        0.00021206        0.00021963
     7.8000000        0.00033571        0.00046959
     7.9000000        0.00046937        0.00093870
     8.0000000        0.00058682        0.00178547
     8.1000000        0.00058575        0.00241717
     8.2000000        0.00056734        0.00283340
     8.3000000        0.00045962        0.00239764
     8.4000000        0.00181956        0.00138318
     8.5000000        0.00124532        0.00188960
     8.6000000        0.00184244        0.00313437
     8.7000000        0.00353266        0.00290294
     8.8000000        0.00477353        0.00350856
     8.9000000        0.00613743        0.00420330
     9.0000000        0.00692954        0.00435463
     9.1000000        0.00885654        0.00420300
     9.2000000        0.01368704        0.00343652
     9.3000000        0.01849901        0.00336648
     9.4000000        0.02982718        0.00160926
     9.5000000        0.04429710        0.00036460
     9.6000000        0.06483162        0.00210163
     9.7000000        0.09477493        0.00394241
     9.8000000        0.13907111        0.00510714
     9.9000000        0.20243205        0.00414478
    10.0000000        0.31658280        0.00569379
