     0.0000000        1.12375000        0.06945553
     0.0500000        1.06572917        0.06742314
     0.1000000        1.02052083        0.07071131
     0.1500000        0.97906250        0.07166773
     0.2000000        0.94395833        0.07286649
     0.2500000        0.91677083        0.07657935
     0.3000000        0.89968750        0.07965044
     0.3500000        0.88541667        0.08146060
     0.4000000        0.86770833        0.07837628
     0.4500000        0.85083333        0.07624929
     0.5000000        0.83031250        0.07945744
     0.5500000        0.81260417        0.07815893
     0.6000000        0.78979167        0.07493641
     0.6500000        0.77052083        0.07409535
     0.7000000        0.75302083        0.07634985
     0.7500000        0.73562500        0.07560064
     0.8000000        0.73479167        0.07734953
     0.8500000        0.71000000        0.08007228
     0.9000000        0.68531250        0.08114593
     0.9500000        0.67916667        0.08342865
     1.0000000        0.66812500        0.08123156
     1.0500000        0.65468750        0.08316321
     1.1000000        0.64281250        0.08549007
     1.1500000        0.63135417        0.08627814
     1.2000000        0.61031250        0.08569374
     1.2500000        0.59958333        0.08532303
     1.3000000        0.59031250        0.08926339
     1.3500000        0.57666667        0.08985674
     1.4000000        0.58114583        0.08477066
     1.4500000        0.56802083        0.08219460
     1.5000000        0.54750000        0.08363652
     1.5500000        0.53302083        0.08765592
     1.6000000        0.51750000        0.09157766
     1.6500000        0.50250000        0.09520354
     1.7000000        0.49364583        0.09825077
     1.7500000        0.47708333        0.10220393
     1.8000000        0.45791667        0.10072123
     1.8500000        0.43968750        0.09734732
     1.9000000        0.42208333        0.09600939
     1.9500000        0.40687500        0.09684092
     2.0000000        0.39177083        0.09518040
     2.0500000        0.37614583        0.09453432
     2.1000000        0.35812500        0.09098683
     2.1500000        0.33333333        0.08970975
     2.2000000        0.31312500        0.08334613
     2.2500000        0.29218750        0.08132413
     2.3000000        0.26343750        0.08048265
     2.3500000        0.25562500        0.08278820
     2.4000000        0.24916667        0.08508508
     2.4500000        0.23927083        0.08497758
     2.5000000        0.23729167        0.07984713
     2.5500000        0.23208333        0.07756435
     2.6000000        0.22114583        0.07783194
     2.6500000        0.20468750        0.07681854
     2.7000000        0.19375000        0.07776182
     2.7500000        0.17791667        0.07767165
     2.8000000        0.16479167        0.07655749
     2.8500000        0.15968750        0.07791944
     2.9000000        0.14604167        0.07496915
     2.9500000        0.12916667        0.07489116
     3.0000000        0.10677083        0.07526013
     3.0500000        0.10218750        0.07459241
     3.1000000        0.10593750        0.07269266
     3.1500000        0.10239583        0.07349075
     3.2000000        0.09697917        0.07385323
     3.2500000        0.08802083        0.07399891
     3.3000000        0.09145833        0.07303501
     3.3500000        0.09562500        0.07347652
     3.4000000        0.09750000        0.07416111
     3.4500000        0.10302083        0.07263443
     3.5000000        0.10562500        0.07375298
     3.5500000        0.10145833        0.07390538
     3.6000000        0.09770833        0.07595124
     3.6500000        0.09822917        0.07516965
     3.7000000        0.08322917        0.07686565
     3.7500000        0.07510417        0.07517876
     3.8000000        0.08145833        0.07184044
     3.8500000        0.08479167        0.06831745
     3.9000000        0.09697917        0.06660515
     3.9500000        0.10270833        0.06527988
     4.0000000        0.10750000        0.06405423
     4.0500000        0.10916667        0.06158175
     4.1000000        0.10697917        0.06087738
     4.1500000        0.11666667        0.05920560
     4.2000000        0.11145833        0.05571934
     4.2500000        0.11614583        0.05753400
     4.3000000        0.10677083        0.06231200
     4.3500000        0.10427083        0.06892483
     4.4000000        0.10260417        0.07104290
     4.4500000        0.11156250        0.07094098
     4.5000000        0.11750000        0.07446417
     4.5500000        0.11572917        0.07602697
     4.6000000        0.10708333        0.07524484
     4.6500000        0.10708333        0.07846150
     4.7000000        0.10854167        0.08116196
     4.7500000        0.12239583        0.08527748
     4.8000000        0.13156250        0.08615497
     4.8500000        0.12520833        0.08253847
     4.9000000        0.12354167        0.08239331
     4.9500000        0.11458333        0.08164871
     5.0000000        0.11406250        0.08368716
     5.0500000        0.12989583        0.08282531
     5.1000000        0.13708333        0.08463466
     5.1500000        0.12802083        0.08566697
     5.2000000        0.12541667        0.09004366
     5.2500000        0.12979167        0.09400301
     5.3000000        0.12500000        0.09665399
     5.3500000        0.11218750        0.09612362
     5.4000000        0.10333333        0.09984264
     5.4500000        0.09791667        0.10261613
     5.5000000        0.09312500        0.10463799
     5.5500000        0.08791667        0.10409666
     5.6000000        0.10510417        0.10658648
     5.6500000        0.11572917        0.10942981
     5.7000000        0.12833333        0.10975641
     5.7500000        0.13291667        0.11109085
     5.8000000        0.13739583        0.11325817
     5.8500000        0.14208333        0.11402970
     5.9000000        0.14572917        0.11939537
     5.9500000        0.13468750        0.12082160
     6.0000000        0.12197917        0.12152276
     6.0500000        0.11447917        0.11994925
     6.1000000        0.11020833        0.12000698
     6.1500000        0.10645833        0.12061972
     6.2000000        0.10687500        0.12106796
     6.2500000        0.10677083        0.11987182
     6.3000000        0.10687500        0.11947917
     6.3500000        0.10875000        0.11961597
     6.4000000        0.10937500        0.11431236
     6.4500000        0.10364583        0.11279649
     6.5000000        0.09895833        0.10986854
     6.5500000        0.10114583        0.10661628
     6.6000000        0.10500000        0.10832425
     6.6500000        0.11208333        0.10855376
     6.7000000        0.12062500        0.10987003
     6.7500000        0.11645833        0.10888117
     6.8000000        0.11541667        0.10727686
     6.8500000        0.10281250        0.10212276
     6.9000000        0.09875000        0.09872155
     6.9500000        0.09250000        0.09634889
     7.0000000        0.08145833        0.09117105
     7.0500000        0.07229167        0.08806794
     7.1000000        0.05468750        0.08825195
     7.1500000        0.03520833        0.08613034
     7.2000000        0.03135417        0.08378761
     7.2500000        0.02114583        0.08442325
     7.3000000        0.01927083        0.08209635
     7.3500000        0.01187500        0.07807033
     7.4000000        0.01187500        0.07737285
     7.4500000       -0.00739583        0.07412044
     7.5000000       -0.02166667        0.07341988
     7.5500000       -0.02447917        0.06873233
     7.6000000       -0.03270833        0.06323715
     7.6500000       -0.04750000        0.05972345
     7.7000000       -0.06302083        0.05880118
     7.7500000       -0.08291667        0.05653277
     7.8000000       -0.09864583        0.05307401
     7.8500000       -0.09572917        0.05022533
     7.9000000       -0.10260417        0.04660323
     7.9500000       -0.10541667        0.04634116
     8.0000000       -0.11697917        0.04528333
     8.0500000       -0.13343750        0.04393809
     8.1000000       -0.14333333        0.04488919
     8.1500000       -0.15645833        0.04989913
     8.2000000       -0.16281250        0.05636848
     8.2500000       -0.17479167        0.06564226
     8.3000000       -0.18833333        0.06933948
     8.3500000       -0.19947917        0.07226941
     8.4000000       -0.20947917        0.07382052
     8.4500000       -0.22291667        0.07525788
     8.5000000       -0.22937500        0.07818454
     8.5500000       -0.22697917        0.07459246
     8.6000000       -0.23447917        0.07189518
     8.6500000       -0.25145833        0.07502097
     8.7000000       -0.25875000        0.07995947
     8.7500000       -0.26093750        0.08404454
     8.8000000       -0.26125000        0.08430777
     8.8500000       -0.26791667        0.08353445
     8.9000000       -0.27645833        0.08344498
     8.9500000       -0.29520833        0.08533566
     9.0000000       -0.30500000        0.08708758
     9.0500000       -0.32385417        0.08643380
     9.1000000       -0.33666667        0.08773498
     9.1500000       -0.34447917        0.08735429
     9.2000000       -0.36052083        0.08607780
     9.2500000       -0.36312500        0.08449053
     9.3000000       -0.36333333        0.08267767
     9.3500000       -0.37864583        0.08275809
     9.4000000       -0.39041667        0.08467950
     9.4500000       -0.39250000        0.08393705
     9.5000000       -0.40322917        0.08464886
     9.5500000       -0.40250000        0.08184990
     9.6000000       -0.39541667        0.08230809
     9.6500000       -0.38395833        0.08391826
     9.7000000       -0.37114583        0.08482335
     9.7500000       -0.34854167        0.08488672
     9.8000000       -0.33916667        0.08191335
     9.8500000       -0.32739583        0.08162374
     9.9000000       -0.32343750        0.08035676
     9.9500000       -0.31208333        0.08017000
    10.0000000       -0.29854167        0.08079423
    10.0500000       -0.29666667        0.08136401
    10.1000000       -0.29322917        0.08089608
    10.1500000       -0.29166667        0.08087291
    10.2000000       -0.28781250        0.08113081
    10.2500000       -0.28395833        0.08110243
    10.3000000       -0.27947917        0.08038975
    10.3500000       -0.27114583        0.07708240
    10.4000000       -0.26822917        0.07722015
    10.4500000       -0.26927083        0.07627082
    10.5000000       -0.26437500        0.07327942
    10.5500000       -0.25875000        0.07542391
    10.6000000       -0.24989583        0.07108851
    10.6500000       -0.23364583        0.06935421
    10.7000000       -0.23197917        0.06670318
    10.7500000       -0.22958333        0.06824719
    10.8000000       -0.22552083        0.06751023
    10.8500000       -0.21541667        0.07035777
    10.9000000       -0.20677083        0.07181737
    10.9500000       -0.20229167        0.07174997
    11.0000000       -0.19416667        0.07104342
    11.0500000       -0.18604167        0.07526792
    11.1000000       -0.18125000        0.07819701
    11.1500000       -0.16937500        0.07980048
    11.2000000       -0.17395833        0.07933394
    11.2500000       -0.18572917        0.07866287
    11.3000000       -0.19187500        0.07657194
    11.3500000       -0.19739583        0.07494858
    11.4000000       -0.19875000        0.07156277
    11.4500000       -0.20385417        0.06837576
    11.5000000       -0.21041667        0.06897893
    11.5500000       -0.21843750        0.07067673
    11.6000000       -0.22656250        0.07342776
    11.6500000       -0.22166667        0.07714584
    11.7000000       -0.21843750        0.08009214
    11.7500000       -0.22697917        0.08102288
    11.8000000       -0.23479167        0.08380061
    11.8500000       -0.23697917        0.08340932
    11.9000000       -0.23822917        0.08326506
    11.9500000       -0.24177083        0.08631973
    12.0000000       -0.23770833        0.09109510
    12.0500000       -0.23010417        0.09169848
    12.1000000       -0.21968750        0.09339749
    12.1500000       -0.21718750        0.09482178
    12.2000000       -0.19864583        0.09906021
    12.2500000       -0.19145833        0.10632828
    12.3000000       -0.19145833        0.10931320
    12.3500000       -0.18666667        0.11040337
    12.4000000       -0.18250000        0.11162435
    12.4500000       -0.17895833        0.11088753
    12.5000000       -0.16718750        0.10527452
    12.5500000       -0.16104167        0.10293533
    12.6000000       -0.15000000        0.10021014
    12.6500000       -0.14968750        0.10186575
    12.7000000       -0.15062500        0.10282936
    12.7500000       -0.15052083        0.09931486
    12.8000000       -0.15468750        0.09776375
    12.8500000       -0.14750000        0.09692283
    12.9000000       -0.13520833        0.08763049
    12.9500000       -0.12489583        0.08625164
    13.0000000       -0.12458333        0.08171463
    13.0500000       -0.12968750        0.07915393
    13.1000000       -0.13052083        0.07891396
    13.1500000       -0.13385417        0.07525756
    13.2000000       -0.13572917        0.07146010
    13.2500000       -0.14302083        0.06818304
    13.3000000       -0.14937500        0.06508368
    13.3500000       -0.14875000        0.06199028
    13.4000000       -0.14229167        0.06138990
    13.4500000       -0.13750000        0.06016764
    13.5000000       -0.13593750        0.05804207
    13.5500000       -0.13489583        0.05695471
    13.6000000       -0.14114583        0.05659170
    13.6500000       -0.13739583        0.05713264
    13.7000000       -0.13677083        0.05744371
    13.7500000       -0.14072917        0.05818836
    13.8000000       -0.14895833        0.05889299
    13.8500000       -0.15197917        0.06017417
    13.9000000       -0.15770833        0.06140105
    13.9500000       -0.16500000        0.05931644
    14.0000000       -0.17875000        0.05657630
    14.0500000       -0.17572917        0.05516749
    14.1000000       -0.17531250        0.05458264
    14.1500000       -0.16343750        0.05547669
    14.2000000       -0.15968750        0.05672017
    14.2500000       -0.15968750        0.05471969
    14.3000000       -0.16197917        0.05391479
    14.3500000       -0.15468750        0.05213151
    14.4000000       -0.13729167        0.05203350
    14.4500000       -0.12479167        0.05049416
    14.5000000       -0.11364583        0.05453538
    14.5500000       -0.11958333        0.05454506
    14.6000000       -0.11395833        0.05700851
    14.6500000       -0.11062500        0.05871856
    14.7000000       -0.10697917        0.05806617
    14.7500000       -0.10520833        0.05514018
    14.8000000       -0.10937500        0.05362806
    14.8500000       -0.11625000        0.05021699
    14.9000000       -0.11114583        0.04888727
    14.9500000       -0.10750000        0.04621271
    15.0000000       -0.10364583        0.04803243
    15.0500000       -0.09791667        0.04908389
    15.1000000       -0.09822917        0.04747021
    15.1500000       -0.09250000        0.04858456
    15.2000000       -0.07958333        0.04793147
    15.2500000       -0.07458333        0.04436342
    15.3000000       -0.08010417        0.04137814
    15.3500000       -0.06687500        0.03974431
    15.4000000       -0.06145833        0.04146586
    15.4500000       -0.04656250        0.04186297
    15.5000000       -0.03729167        0.04556969
    15.5500000       -0.03104167        0.04846317
    15.6000000       -0.01281250        0.04993232
    15.6500000        0.01385417        0.05024975
    15.7000000        0.03729167        0.04858239
    15.7500000        0.04281250        0.04832743
    15.8000000        0.05177083        0.05115037
    15.8500000        0.05385417        0.05150535
    15.9000000        0.05385417        0.05330441
    15.9500000        0.06395833        0.05555199
    16.0000000        0.06489583        0.05765396
    16.0500000        0.07458333        0.05861860
    16.1000000        0.09479167        0.06352645
    16.1500000        0.10583333        0.06799469
    16.2000000        0.11635417        0.07085598
    16.2500000        0.12020833        0.07405305
    16.3000000        0.11958333        0.07396118
    16.3500000        0.11656250        0.07836645
    16.4000000        0.11552083        0.08055407
    16.4500000        0.11072917        0.07876508
    16.5000000        0.12375000        0.07765314
    16.5500000        0.13687500        0.07462570
    16.6000000        0.14104167        0.07145637
    16.6500000        0.15604167        0.06505736
    16.7000000        0.15625000        0.06112348
    16.7500000        0.16822917        0.05829965
    16.8000000        0.17385417        0.06239484
    16.8500000        0.18427083        0.06118713
    16.9000000        0.19645833        0.06391332
    16.9500000        0.19739583        0.06897427
    17.0000000        0.21479167        0.07172531
    17.0500000        0.21927083        0.07357153
    17.1000000        0.22958333        0.07494873
    17.1500000        0.26250000        0.07699600
    17.2000000        0.27833333        0.07619254
    17.2500000        0.27697917        0.07853209
    17.3000000        0.27937500        0.08282111
    17.3500000        0.29072917        0.08633484
    17.4000000        0.29541667        0.08656709
    17.4500000        0.30906250        0.08165737
    17.5000000        0.33281250        0.08128124
    17.5500000        0.35458333        0.07866696
    17.6000000        0.35729167        0.07784146
    17.6500000        0.35218750        0.07547425
    17.7000000        0.34916667        0.07091243
    17.7500000        0.36250000        0.07087011
    17.8000000        0.37395833        0.06901888
    17.8500000        0.39291667        0.06878640
    17.9000000        0.41604167        0.07175177
    17.9500000        0.43083333        0.07410456
    18.0000000        0.44666667        0.07676258
    18.0500000        0.44468750        0.07805207
    18.1000000        0.43093750        0.07771583
    18.1500000        0.43625000        0.07704696
    18.2000000        0.44291667        0.07760196
    18.2500000        0.45770833        0.07646365
    18.3000000        0.45979167        0.07620957
    18.3500000        0.46447917        0.07397552
    18.4000000        0.47291667        0.07379111
    18.4500000        0.47687500        0.07392628
    18.5000000        0.48895833        0.07678772
    18.5500000        0.50447917        0.07986599
    18.6000000        0.51437500        0.08241426
    18.6500000        0.53458333        0.08542512
    18.7000000        0.55406250        0.08931126
    18.7500000        0.55197917        0.09072531
    18.8000000        0.55260417        0.09320391
    18.8500000        0.55125000        0.09242053
    18.9000000        0.55979167        0.09382605
    18.9500000        0.56760417        0.09524401
    19.0000000        0.57989583        0.09457406
    19.0500000        0.60145833        0.09386224
    19.1000000        0.61229167        0.09316960
    19.1500000        0.62739583        0.09124462
    19.2000000        0.64843750        0.08828692
    19.2500000        0.67614583        0.08508131
    19.3000000        0.70135417        0.08065580
    19.3500000        0.72770833        0.07804855
    19.4000000        0.75375000        0.07437237
    19.4500000        0.76614583        0.07149136
    19.5000000        0.78802083        0.06919950
    19.5500000        0.81635417        0.06756376
    19.6000000        0.84791667        0.06843312
    19.6500000        0.85802083        0.07194025
    19.7000000        0.87458333        0.07560932
    19.7500000        0.91000000        0.07569086
    19.8000000        0.93614583        0.07656907
    19.8500000        0.97864583        0.07166293
    19.9000000        1.02625000        0.06824107
    19.9500000        1.07541667        0.06978648
    20.0000000        1.12375000        0.06945553
