     0.0000000        0.14506458        0.00199712
     0.1000000        0.10405510        0.00192457
     0.2000000        0.07504339        0.00168829
     0.3000000        0.05723992        0.00164975
     0.4000000        0.04300555        0.00165828
     0.5000000        0.03480763        0.00144011
     0.6000000        0.02912357        0.00169091
     0.7000000        0.02199654        0.00165037
     0.8000000        0.01858858        0.00175586
     0.9000000        0.01688998        0.00150541
     1.0000000        0.01451395        0.00165594
     1.1000000        0.01309551        0.00157870
     1.2000000        0.01045730        0.00152264
     1.3000000        0.00944602        0.00186666
     1.4000000        0.00986731        0.00201592
     1.5000000        0.00975015        0.00185294
     1.6000000        0.00942030        0.00161605
     1.7000000        0.00987996        0.00168352
     1.8000000        0.00959772        0.00215703
     1.9000000        0.00849447        0.00157423
     2.0000000        0.00893303        0.00139451
     2.1000000        0.01095025        0.00141832
     2.2000000        0.01260557        0.00176025
     2.3000000        0.01240035        0.00178461
     2.4000000        0.01447518        0.00162147
     2.5000000        0.01712579        0.00158531
     2.6000000        0.02096889        0.00188409
     2.7000000        0.02565871        0.00201875
     2.8000000        0.02759210        0.00197369
     2.9000000        0.03195410        0.00225648
     3.0000000        0.04125741        0.00201832
     3.1000000        0.04873620        0.00189525
     3.2000000        0.05596801        0.00196035
     3.3000000        0.06394127        0.00180237
     3.4000000        0.07655167        0.00181843
     3.5000000        0.09030862        0.00181033
     3.6000000        0.10668743        0.00204368
     3.7000000        0.12727473        0.00212948
     3.8000000        0.15007671        0.00254781
     3.9000000        0.18344382        0.00236355
     4.0000000        0.22141822        0.00208867
     4.1000000        0.26977486        0.00203525
     4.2000000        0.32864487        0.00197496
     4.3000000        0.39938852        0.00183320
     4.4000000        0.48902098        0.00216811
     4.5000000        0.59930201        0.00231764
     4.6000000        0.74129818        0.00234218
     4.7000000        0.92387516        0.00235239
     4.8000000        1.15593123        0.00225296
     4.9000000        1.45480642        0.00219641
     5.0000000        1.85493542        0.00199712
