     0.0000000        1.51574274        0.00186284
     0.1000000        1.27481750        0.00659969
     0.2000000        1.09775708        0.01005633
     0.3000000        0.94293079        0.02950826
     0.4000000        0.82029257        0.03023112
     0.5000000        0.70059198        0.03510767
     0.6000000        0.62998708        0.06255753
     0.7000000        0.57153599        0.07115709
     0.8000000        0.52711660        0.04318449
     0.9000000        0.45862573        0.03315305
     1.0000000        0.41171349        0.04280271
     1.1000000        0.36916587        0.05139953
     1.2000000        0.36599866        0.03717060
     1.3000000        0.31822429        0.03949417
     1.4000000        0.27773162        0.03194251
     1.5000000        0.25146156        0.00658120
     1.6000000        0.25770595        0.02235769
     1.7000000        0.29434201        0.07392822
     1.8000000        0.29679121        0.08743794
     1.9000000        0.33171419        0.10171298
     2.0000000        0.24968299        0.04427142
     2.1000000        0.29806569        0.05956793
     2.2000000        0.39878002        0.23140989
     2.3000000        0.16215148        0.00502435
     2.4000000        0.16200907        0.03854488
     2.5000000        0.11858641        0.01817146
     2.6000000        0.15591017        0.01307811
     2.7000000        0.14018146        0.01956735
     2.8000000        0.18000302        0.02570867
     2.9000000        0.24356229        0.05782905
     3.0000000        0.28399415        0.10276906
     3.1000000        0.17791405        0.06313195
     3.2000000        0.19411431        0.08557108
     3.3000000        0.12765082        0.02297668
     3.4000000        0.11842095        0.01252105
     3.5000000        0.14770908        0.07596315
     3.6000000        0.10573385        0.03194599
     3.7000000        0.09715931        0.01046331
     3.8000000        0.13106415        0.00983003
     3.9000000        0.10717405        0.01911938
     4.0000000        0.12418396        0.01217987
     4.1000000        0.12607397        0.00464762
     4.2000000        0.19184156        0.01231689
     4.3000000        0.29411463        0.08431145
     4.4000000        0.37054508        0.25043318
     4.5000000        0.30602007        0.04626209
     4.6000000        0.15129198        0.02438381
     4.7000000        0.08713248        0.01100936
     4.8000000        0.07122024        0.01360777
     4.9000000        0.07501248        0.02976129
     5.0000000        0.12668317        0.08478016
     5.1000000        0.09309644        0.03813058
     5.2000000        0.06880835        0.02226837
     5.3000000        0.06177584        0.01904871
     5.4000000        0.07475819        0.02527496
     5.5000000        0.08488001        0.02777177
     5.6000000        0.07636855        0.03938523
     5.7000000        0.07324519        0.03842296
     5.8000000        0.06549081        0.02802697
     5.9000000        0.06242765        0.02457890
     6.0000000        0.08205801        0.04453270
     6.1000000        0.26925516        0.27711253
     6.2000000        0.08137518        0.03462208
     6.3000000        0.11105382        0.06047644
     6.4000000        0.10180626        0.04056321
     6.5000000        0.12840397        0.04784110
     6.6000000        0.16526695        0.08454867
     6.7000000        0.13311057        0.01267289
     6.8000000        0.09891848        0.02681142
     6.9000000        0.11751988        0.03413345
     7.0000000        0.10514969        0.00581977
     7.1000000        0.11147130        0.01815049
     7.2000000        0.11710282        0.02689493
     7.3000000        0.17313008        0.10487132
     7.4000000        0.27980196        0.17458178
     7.5000000        0.19680590        0.09201114
     7.6000000        0.17218693        0.04150856
     7.7000000        0.22271978        0.06434887
     7.8000000        0.18192075        0.05273311
     7.9000000        0.22712838        0.08332733
     8.0000000        0.20979206        0.05891362
     8.1000000        0.25465773        0.05136102
     8.2000000        0.24772854        0.04540556
     8.3000000        0.32862600        0.02642355
     8.4000000        0.38878354        0.03938268
     8.5000000        0.34757887        0.09411718
     8.6000000        0.40263488        0.02634351
     8.7000000        0.39832379        0.02386793
     8.8000000        0.44754894        0.03893961
     8.9000000        0.44745026        0.02027304
     9.0000000        0.45451128        0.00567523
     9.1000000        0.58098171        0.09834532
     9.2000000        0.60390996        0.10532054
     9.3000000        0.60572712        0.03662353
     9.4000000        0.70033419        0.06783905
     9.5000000        0.74607760        0.00966617
     9.6000000        0.83222796        0.01576993
     9.7000000        0.93726847        0.00615742
     9.8000000        1.11681963        0.00841240
     9.9000000        1.28878794        0.01008948
    10.0000000        1.51574274        0.00186284
