     0.0000000        0.16909910        0.00172721
     0.1000000        0.11637903        0.00156875
     0.2000000        0.08057505        0.00177252
     0.3000000        0.05613382        0.00195100
     0.4000000        0.03920856        0.00200587
     0.5000000        0.02774285        0.00173422
     0.6000000        0.01978979        0.00136521
     0.7000000        0.01466738        0.00078996
     0.8000000        0.01101940        0.00041535
     0.9000000        0.00838238        0.00021295
     1.0000000        0.00631093        0.00022690
     1.1000000        0.00477478        0.00021318
     1.2000000        0.00370567        0.00024690
     1.3000000        0.00287585        0.00028331
     1.4000000        0.00236664        0.00040462
     1.5000000        0.00195713        0.00046820
     1.6000000        0.00157844        0.00038982
     1.7000000        0.00129688        0.00035413
     1.8000000        0.00099516        0.00027557
     1.9000000        0.00070892        0.00016246
     2.0000000        0.00051974        0.00013259
     2.1000000        0.00053574        0.00017255
     2.2000000        0.00043705        0.00013209
     2.3000000        0.00040867        0.00013954
     2.4000000        0.00033198        0.00012526
     2.5000000        0.00030380        0.00013000
     2.6000000        0.00026314        0.00011766
     2.7000000        0.00027880        0.00011025
     2.8000000        0.00030052        0.00009984
     2.9000000        0.00034528        0.00010053
     3.0000000        0.00042486        0.00013690
     3.1000000        0.00052977        0.00015924
     3.2000000        0.00067629        0.00016689
     3.3000000        0.00079666        0.00008819
     3.4000000        0.00101028        0.00009942
     3.5000000        0.00104209        0.00037770
     3.6000000        0.00153798        0.00038458
     3.7000000        0.00223639        0.00026985
     3.8000000        0.00293950        0.00035381
     3.9000000        0.00388452        0.00051091
     4.0000000        0.00543112        0.00057216
     4.1000000        0.00745573        0.00068244
     4.2000000        0.01041558        0.00071605
     4.3000000        0.01443810        0.00085872
     4.4000000        0.02010928        0.00100779
     4.5000000        0.02866514        0.00080707
     4.6000000        0.04046777        0.00080141
     4.7000000        0.05723855        0.00081732
     4.8000000        0.08111228        0.00108873
     4.9000000        0.11649033        0.00144613
     5.0000000        0.16909910        0.00172721
