     0.0000000        3.69842232        0.48112817
     0.1000000        3.46050490        0.46776609
     0.2000000        3.29383790        0.47648686
     0.3000000        3.14141236        0.46382607
     0.4000000        3.03445460        0.46731438
     0.5000000        2.97488340        0.50718935
     0.6000000        2.88586336        0.50497747
     0.7000000        2.78156686        0.46847096
     0.8000000        2.70948996        0.45627361
     0.9000000        2.63357441        0.43719202
     1.0000000        2.57521638        0.43799751
     1.1000000        2.52571484        0.43737465
     1.2000000        2.46166322        0.41490086
     1.3000000        2.45006160        0.44328177
     1.4000000        2.44201582        0.47549496
     1.5000000        2.39899221        0.46808248
     1.6000000        2.33441689        0.43794107
     1.7000000        2.28999123        0.42557714
     1.8000000        2.22050459        0.38698543
     1.9000000        2.17569322        0.37166913
     2.0000000        2.11707345        0.33916223
     2.1000000        2.07190845        0.32077332
     2.2000000        2.03418815        0.30455785
     2.3000000        2.00813893        0.30145245
     2.4000000        1.98829532        0.30416630
     2.5000000        1.97475089        0.31279173
     2.6000000        1.98298886        0.34068542
     2.7000000        1.95684108        0.33354265
     2.8000000        1.93893587        0.33618137
     2.9000000        1.90906439        0.32562115
     3.0000000        1.88949051        0.32218971
     3.1000000        1.86602149        0.31266498
     3.2000000        1.84433846        0.30434454
     3.3000000        1.86594839        0.33644717
     3.4000000        1.89437160        0.37417424
     3.5000000        1.89054134        0.37951555
     3.6000000        1.91441715        0.41315517
     3.7000000        1.95983811        0.46692819
     3.8000000        1.92710546        0.43958642
     3.9000000        1.87295223        0.39056075
     4.0000000        1.83632088        0.35930052
     4.1000000        1.79002257        0.31745081
     4.2000000        1.75824458        0.28832908
     4.3000000        1.71969545        0.25765730
     4.4000000        1.69737113        0.24080074
     4.5000000        1.68095269        0.22522184
     4.6000000        1.68146487        0.22623728
     4.7000000        1.68509870        0.23629072
     4.8000000        1.69016903        0.24908743
     4.9000000        1.70477794        0.27025446
     5.0000000        1.71703336        0.28763871
     5.1000000        1.73150927        0.30490754
     5.2000000        1.75936145        0.33198593
     5.3000000        1.78064871        0.35369038
     5.4000000        1.78899054        0.36153708
     5.5000000        1.78446041        0.35560414
     5.6000000        1.77967646        0.34638026
     5.7000000        1.80495876        0.36802967
     5.8000000        1.82358897        0.38250959
     5.9000000        1.84351430        0.39568082
     6.0000000        1.84652595        0.39328109
     6.1000000        1.87047428        0.41124291
     6.2000000        1.90247353        0.43366435
     6.3000000        1.94264116        0.46321598
     6.4000000        1.98848736        0.49693295
     6.5000000        2.05193804        0.54226213
     6.6000000        2.11122797        0.58284004
     6.7000000        2.13509627        0.58611652
     6.8000000        2.13314751        0.55903991
     6.9000000        2.17504787        0.58030243
     7.0000000        2.19830104        0.58075924
     7.1000000        2.22583936        0.57901886
     7.2000000        2.26139024        0.60502815
     7.3000000        2.21251957        0.54273040
     7.4000000        2.19257548        0.51148665
     7.5000000        2.19991003        0.50916871
     7.6000000        2.19009927        0.48196244
     7.7000000        2.18385593        0.45955374
     7.8000000        2.22807988        0.48391431
     7.9000000        2.22822476        0.46571891
     8.0000000        2.28153998        0.49888695
     8.1000000        2.26208977        0.45235309
     8.2000000        2.22388035        0.38895194
     8.3000000        2.19734036        0.33445539
     8.4000000        2.18399376        0.29145678
     8.5000000        2.18948692        0.26344698
     8.6000000        2.21254028        0.25040912
     8.7000000        2.24172944        0.24271400
     8.8000000        2.31052284        0.27545394
     8.9000000        2.39915982        0.32336373
     9.0000000        2.48813863        0.36774727
     9.1000000        2.58013257        0.40890323
     9.2000000        2.65212423        0.42607607
     9.3000000        2.71248618        0.42499420
     9.4000000        2.78167077        0.42209923
     9.5000000        2.86829183        0.42461059
     9.6000000        2.98583898        0.44319805
     9.7000000        3.11928646        0.45438414
     9.8000000        3.27645700        0.46767334
     9.9000000        3.46188146        0.47310231
    10.0000000        3.69842232        0.48112817
