     0.0000000        0.43802005        0.01293206
     0.1000000        0.37660253        0.01262673
     0.2000000        0.32693585        0.01228003
     0.3000000        0.28619618        0.01249162
     0.4000000        0.25010206        0.01200905
     0.5000000        0.21941165        0.01142908
     0.6000000        0.19201200        0.01043000
     0.7000000        0.16807646        0.00951385
     0.8000000        0.14908647        0.00877202
     0.9000000        0.13175995        0.00766878
     1.0000000        0.11529106        0.00626552
     1.1000000        0.10123224        0.00589308
     1.2000000        0.08838394        0.00553496
     1.3000000        0.07771807        0.00546435
     1.4000000        0.06826792        0.00560053
     1.5000000        0.05923179        0.00544843
     1.6000000        0.05205799        0.00522343
     1.7000000        0.04467485        0.00565059
     1.8000000        0.03819654        0.00577985
     1.9000000        0.03341270        0.00563565
     2.0000000        0.02907805        0.00568798
     2.1000000        0.02772472        0.00568243
     2.2000000        0.02558551        0.00537443
     2.3000000        0.02362094        0.00547098
     2.4000000        0.02208170        0.00527460
     2.5000000        0.01995128        0.00515329
     2.6000000        0.01912988        0.00533920
     2.7000000        0.01821818        0.00518185
     2.8000000        0.01752882        0.00486953
     2.9000000        0.01718897        0.00432344
     3.0000000        0.01643738        0.00438912
     3.1000000        0.01583523        0.00443699
     3.2000000        0.01529179        0.00466209
     3.3000000        0.01414485        0.00486854
     3.4000000        0.01286263        0.00509022
     3.5000000        0.01255213        0.00481625
     3.6000000        0.01079152        0.00431830
     3.7000000        0.00940384        0.00432267
     3.8000000        0.00851069        0.00402360
     3.9000000        0.00847415        0.00390167
     4.0000000        0.00829792        0.00412509
     4.1000000        0.00794626        0.00412200
     4.2000000        0.00583088        0.00414347
     4.3000000        0.00485909        0.00392340
     4.4000000        0.00397743        0.00319653
     4.5000000        0.00196451        0.00306315
     4.6000000        0.00096528        0.00347689
     4.7000000       -0.00000336        0.00417425
     4.8000000       -0.00020867        0.00456160
     4.9000000       -0.00101946        0.00465478
     5.0000000       -0.00110773        0.00482757
     5.1000000       -0.00069658        0.00490426
     5.2000000        0.00008220        0.00495524
     5.3000000        0.00025827        0.00511820
     5.4000000        0.00139935        0.00510360
     5.5000000        0.00154977        0.00533798
     5.6000000        0.00219623        0.00539827
     5.7000000        0.00298646        0.00505190
     5.8000000        0.00309628        0.00475114
     5.9000000        0.00298175        0.00450502
     6.0000000        0.00235873        0.00457612
     6.1000000        0.00122490        0.00490672
     6.2000000       -0.00049163        0.00479056
     6.3000000       -0.00198698        0.00490415
     6.4000000       -0.00147739        0.00488353
     6.5000000       -0.00137632        0.00525713
     6.6000000       -0.00005367        0.00570321
     6.7000000        0.00149804        0.00589871
     6.8000000        0.00120044        0.00608319
     6.9000000        0.00235090        0.00640345
     7.0000000        0.00421287        0.00666659
     7.1000000        0.00680787        0.00668058
     7.2000000        0.00920723        0.00654306
     7.3000000        0.01182050        0.00659785
     7.4000000        0.01401336        0.00687003
     7.5000000        0.01598882        0.00678222
     7.6000000        0.01899631        0.00640551
     7.7000000        0.02315921        0.00608014
     7.8000000        0.02808160        0.00611415
     7.9000000        0.03268041        0.00624211
     8.0000000        0.03658857        0.00637184
     8.1000000        0.03844283        0.00639942
     8.2000000        0.04182764        0.00660591
     8.3000000        0.04695579        0.00668670
     8.4000000        0.05231092        0.00699597
     8.5000000        0.05981055        0.00739351
     8.6000000        0.06861010        0.00754502
     8.7000000        0.07737095        0.00775478
     8.8000000        0.08943666        0.00778836
     8.9000000        0.10274950        0.00770766
     9.0000000        0.11599660        0.00833029
     9.1000000        0.13091969        0.00906493
     9.2000000        0.14758215        0.01013352
     9.3000000        0.16659802        0.01103806
     9.4000000        0.19076436        0.01242257
     9.5000000        0.21727442        0.01223573
     9.6000000        0.24805682        0.01236263
     9.7000000        0.28380399        0.01291554
     9.8000000        0.32588957        0.01224169
     9.9000000        0.37697587        0.01230370
    10.0000000        0.43802005        0.01293206
