     0.0000000        0.12551029        0.05103521
     0.1000000        0.25328068        0.07860329
     0.2000000        0.17956927        0.04267243
     0.3000000        0.06399484        0.04183924
     0.4000000        0.02534646        0.03022373
     0.5000000       -0.02739889        0.04493961
     0.6000000       -0.06636850        0.05850434
     0.7000000       -0.05461519        0.07705172
     0.8000000       -0.08193765        0.16418940
     0.9000000        0.06218089        0.10363171
     1.0000000        0.08375072        0.09638733
     1.1000000       -0.13365676        0.10262916
     1.2000000       -0.00372944        0.19659576
     1.3000000       -0.04439188        0.15070523
     1.4000000        0.01263311        0.08291278
     1.5000000        0.08687113        0.08965396
     1.6000000        0.09307498        0.11986090
     1.7000000        0.06660184        0.06754669
     1.8000000       -0.00659566        0.07103344
     1.9000000       -0.02319864        0.04003651
     2.0000000       -0.01254914        0.11302067
     2.1000000        0.03463241        0.08392290
     2.2000000        0.03656129        0.04950853
     2.3000000        0.09607829        0.06088708
     2.4000000        0.28435559        0.15494484
     2.5000000        0.23161967        0.14690435
     2.6000000        0.20346101        0.25906358
     2.7000000        0.15141720        0.13563233
     2.8000000        0.33038895        0.35028694
     2.9000000        0.18527824        0.16126345
     3.0000000        0.09583517        0.08723215
     3.1000000        0.13442531        0.06349445
     3.2000000        0.12067265        0.05958639
     3.3000000        0.06318103        0.03921079
     3.4000000        0.00408431        0.09013354
     3.5000000        0.07942371        0.12493742
     3.6000000        0.18195173        0.16623974
     3.7000000        0.13286639        0.08736481
     3.8000000        0.05188196        0.05855500
     3.9000000        0.32040575        0.40072730
     4.0000000       -0.00667928        0.08572933
     4.1000000        0.15990694        0.10949746
     4.2000000        0.05824911        0.06635933
     4.3000000        0.10838371        0.08278631
     4.4000000        0.04272962        0.03260302
     4.5000000        0.12487330        0.08394394
     4.6000000        0.13122068        0.07298482
     4.7000000        0.17513838        0.20575951
     4.8000000        0.55671936        0.63828880
     4.9000000        0.19696141        0.22523808
     5.0000000        0.28131489        0.29740493
     5.1000000        0.13144959        0.14578755
     5.2000000        0.29974225        0.19319650
     5.3000000        0.06264512        0.08979931
     5.4000000        0.08982844        0.13983893
     5.5000000        0.05822618        0.07676148
     5.6000000        0.10448582        0.11461770
     5.7000000        0.33568915        0.20806448
     5.8000000        0.43152712        0.27218760
     5.9000000        0.17941329        0.14735637
     6.0000000        0.17500164        0.13647958
     6.1000000        0.07876390        0.10486324
     6.2000000        0.13407091        0.07395167
     6.3000000       -0.11027202        0.15896108
     6.4000000       -0.07174932        0.14618430
     6.5000000        0.22822608        0.14268448
     6.6000000        0.13823732        0.05204910
     6.7000000        0.07006186        0.08311220
     6.8000000        0.09965208        0.09951333
     6.9000000       -0.05381574        0.06985922
     7.0000000       -0.09357589        0.06847336
     7.1000000       -0.11676133        0.16325013
     7.2000000       -0.47301205        0.31905259
     7.3000000       -0.26594385        0.24879692
     7.4000000       -0.26498924        0.32279256
     7.5000000       -0.96791639        1.11463619
     7.6000000        0.03208760        0.23225749
     7.7000000        0.25205590        0.36337618
     7.8000000        0.11793135        0.16193013
     7.9000000        0.14282959        0.11358086
     8.0000000        0.12258555        0.10453578
     8.1000000       -0.06800401        0.05575912
     8.2000000       -0.04912778        0.12054863
     8.3000000        0.00150965        0.07836997
     8.4000000       -0.09450670        0.12427166
     8.5000000        0.06490863        0.07243342
     8.6000000       -0.09066828        0.25088998
     8.7000000        0.23164031        0.13834807
     8.8000000        0.42407985        0.39945036
     8.9000000        0.20123949        0.15714359
     9.0000000        0.13319066        0.16145601
     9.1000000        0.19028410        0.06672419
     9.2000000        0.06834296        0.12929237
     9.3000000        0.06051818        0.08101842
     9.4000000        0.09943080        0.06032943
     9.5000000        0.03041089        0.10283975
     9.6000000        0.11136213        0.05104902
     9.7000000        0.13822141        0.04169262
     9.8000000        0.06973163        0.03688965
     9.9000000        0.09785662        0.04511600
    10.0000000        0.12551029        0.05103521
