     0.0000000        0.99719190        0.00834872
     0.1000000        0.86878666        0.00740910
     0.2000000        0.76744382        0.00625062
     0.3000000        0.68811715        0.00819410
     0.4000000        0.62135100        0.00878700
     0.5000000        0.55820256        0.00846519
     0.6000000        0.50464959        0.00712631
     0.7000000        0.45443191        0.00713824
     0.8000000        0.41376486        0.00700436
     0.9000000        0.37393959        0.00735586
     1.0000000        0.33627371        0.00784557
     1.1000000        0.31375397        0.00818033
     1.2000000        0.28593467        0.00681989
     1.3000000        0.26021089        0.00682248
     1.4000000        0.23506547        0.00685876
     1.5000000        0.21357596        0.00579200
     1.6000000        0.19532553        0.00521487
     1.7000000        0.17789582        0.00528167
     1.8000000        0.15762698        0.00608282
     1.9000000        0.14623742        0.00547630
     2.0000000        0.12755585        0.00584704
     2.1000000        0.11687957        0.00584056
     2.2000000        0.10837246        0.00580304
     2.3000000        0.09980461        0.00489595
     2.4000000        0.09094087        0.00582198
     2.5000000        0.08243245        0.00618766
     2.6000000        0.07588306        0.00632909
     2.7000000        0.07027610        0.00636503
     2.8000000        0.06664702        0.00739074
     2.9000000        0.06039477        0.00693017
     3.0000000        0.05334804        0.00544114
     3.1000000        0.05120237        0.00540486
     3.2000000        0.04933546        0.00529608
     3.3000000        0.04518105        0.00682629
     3.4000000        0.04669460        0.00699846
     3.5000000        0.04256454        0.00657318
     3.6000000        0.03977380        0.00638662
     3.7000000        0.03484304        0.00680834
     3.8000000        0.03376549        0.00588462
     3.9000000        0.03051935        0.00623969
     4.0000000        0.02700056        0.00780576
     4.1000000        0.02410506        0.00607117
     4.2000000        0.02135911        0.00545862
     4.3000000        0.02036236        0.00570516
     4.4000000        0.01558241        0.00558193
     4.5000000        0.01898814        0.00585841
     4.6000000        0.01675496        0.00528262
     4.7000000        0.01776508        0.00522773
     4.8000000        0.01783989        0.00413709
     4.9000000        0.01366365        0.00475709
     5.0000000        0.01235837        0.00380138
     5.1000000        0.01008935        0.00478099
     5.2000000        0.00817236        0.00477823
     5.3000000        0.00937265        0.00457005
     5.4000000        0.01165156        0.00535611
     5.5000000        0.01486804        0.00620756
     5.6000000        0.01719567        0.00636185
     5.7000000        0.01833621        0.00658025
     5.8000000        0.01890077        0.00663150
     5.9000000        0.02540120        0.00801292
     6.0000000        0.02256883        0.00742195
     6.1000000        0.02623898        0.00712014
     6.2000000        0.03123007        0.00647628
     6.3000000        0.04235003        0.00657484
     6.4000000        0.04105870        0.00712908
     6.5000000        0.04514763        0.00624601
     6.6000000        0.04571748        0.00635437
     6.7000000        0.04868344        0.00705529
     6.8000000        0.05323723        0.00726089
     6.9000000        0.05658115        0.00788563
     7.0000000        0.05852836        0.00709332
     7.1000000        0.05695374        0.00634989
     7.2000000        0.06168840        0.00676382
     7.3000000        0.07076719        0.00496704
     7.4000000        0.07882526        0.00611656
     7.5000000        0.08352585        0.00692777
     7.6000000        0.09895423        0.00645366
     7.7000000        0.10745329        0.00624422
     7.8000000        0.11930521        0.00813189
     7.9000000        0.13654041        0.00840951
     8.0000000        0.14961514        0.00784203
     8.1000000        0.15846714        0.00648147
     8.2000000        0.16969273        0.00586887
     8.3000000        0.18806876        0.00532612
     8.4000000        0.20621861        0.00565941
     8.5000000        0.22528776        0.00572362
     8.6000000        0.24209500        0.00700985
     8.7000000        0.26075844        0.00593865
     8.8000000        0.28345113        0.00602414
     8.9000000        0.31318127        0.00628750
     9.0000000        0.34462920        0.00648737
     9.1000000        0.38039982        0.00718876
     9.2000000        0.42397901        0.00825347
     9.3000000        0.46343206        0.00843623
     9.4000000        0.51009064        0.00869475
     9.5000000        0.56257650        0.00910420
     9.6000000        0.61745347        0.00883060
     9.7000000        0.68967106        0.00899773
     9.8000000        0.77385774        0.00919514
     9.9000000        0.87284482        0.00817739
    10.0000000        1.00280810        0.00834872
