     0.0000000        0.23574972        0.00453987
     0.1000000        0.13722067        0.00450092
     0.2000000        0.08131038        0.00371545
     0.3000000        0.04716884        0.00482414
     0.4000000        0.02758258        0.00513718
     0.5000000        0.01602077        0.00536585
     0.6000000        0.01012184        0.00429824
     0.7000000        0.00635299        0.00371989
     0.8000000        0.00394319        0.00341797
     0.9000000        0.00309380        0.00259797
     1.0000000        0.00208237        0.00240383
     1.1000000        0.00151330        0.00225049
     1.2000000        0.00109803        0.00205616
     1.3000000        0.00137800        0.00141038
     1.4000000        0.00155404        0.00092872
     1.5000000        0.00167580        0.00066453
     1.6000000        0.00181391        0.00045954
     1.7000000        0.00194749        0.00026802
     1.8000000        0.00205261        0.00016947
     1.9000000        0.00214772        0.00017328
     2.0000000        0.00193660        0.00023672
     2.1000000        0.00243260        0.00037451
     2.2000000        0.00238817        0.00032987
     2.3000000        0.00226193        0.00024389
     2.4000000        0.00203872        0.00021264
     2.5000000        0.00192040        0.00024967
     2.6000000        0.00183187        0.00026433
     2.7000000        0.00180164        0.00025543
     2.8000000        0.00170141        0.00039846
     2.9000000        0.00150411        0.00057623
     3.0000000        0.00140533        0.00071474
     3.1000000        0.00115751        0.00097484
     3.2000000        0.00134210        0.00096288
     3.3000000        0.00132897        0.00112753
     3.4000000        0.00081072        0.00175346
     3.5000000        0.00140734        0.00122857
     3.6000000        0.00172343        0.00095994
     3.7000000        0.00193014        0.00090969
     3.8000000        0.00243453        0.00067676
     3.9000000        0.00288056        0.00071406
     4.0000000        0.00345138        0.00097794
     4.1000000        0.00486298        0.00066918
     4.2000000        0.00641370        0.00079277
     4.3000000        0.00880900        0.00091322
     4.4000000        0.01321226        0.00083523
     4.5000000        0.01955130        0.00148165
     4.6000000        0.03042842        0.00219613
     4.7000000        0.04955685        0.00266782
     4.8000000        0.08174074        0.00345360
     4.9000000        0.13830016        0.00370586
     5.0000000        0.23574972        0.00453987
