     0.0000000        0.33861154        0.04983450
     0.1000000        0.12700660        0.05872969
     0.2000000        0.04805662        0.04666149
     0.3000000        0.01878143        0.04466112
     0.4000000       -0.00410917        0.03107324
     0.5000000       -0.01281017        0.02730642
     0.6000000       -0.01392959        0.02177483
     0.7000000       -0.01507514        0.01181060
     0.8000000       -0.02084750        0.01100310
     0.9000000       -0.03031499        0.02583270
     1.0000000       -0.02812212        0.02327204
     1.1000000       -0.02450288        0.00670754
     1.2000000       -0.02875868        0.00174700
     1.3000000       -0.01934275        0.01124032
     1.4000000       -0.01403908        0.00790899
     1.5000000       -0.01096140        0.00388881
     1.6000000       -0.00874756        0.00925175
     1.7000000       -0.00046078        0.01334297
     1.8000000        0.00554775        0.00607080
     1.9000000        0.00211502        0.02729835
     2.0000000       -0.00181764        0.02578175
     2.1000000       -0.00449338        0.02213404
     2.2000000       -0.00340150        0.01629416
     2.3000000       -0.01067398        0.02970657
     2.4000000       -0.01217591        0.02763106
     2.5000000       -0.00400379        0.01183708
     2.6000000        0.00347356        0.00368714
     2.7000000        0.00088595        0.00780401
     2.8000000        0.00264044        0.01187421
     2.9000000        0.00235702        0.01321031
     3.0000000        0.00727556        0.01703975
     3.1000000        0.00237404        0.01707691
     3.2000000       -0.00015313        0.01545139
     3.3000000       -0.00081567        0.01439419
     3.4000000       -0.00112016        0.01009148
     3.5000000       -0.00450725        0.00110786
     3.6000000       -0.00615234        0.00768374
     3.7000000       -0.00502421        0.00206455
     3.8000000       -0.00978715        0.00016548
     3.9000000        0.00160616        0.00474115
     4.0000000        0.00956385        0.01114857
     4.1000000        0.01211418        0.01457667
     4.2000000        0.01004580        0.01955723
     4.3000000        0.00537167        0.01914165
     4.4000000        0.00572579        0.02094929
     4.5000000        0.00000890        0.01879499
     4.6000000       -0.00565108        0.01263166
     4.7000000       -0.00583977        0.00917564
     4.8000000       -0.00962689        0.00956937
     4.9000000       -0.01274375        0.01628821
     5.0000000       -0.01220028        0.01595281
     5.1000000       -0.00951701        0.00697356
     5.2000000       -0.00610172        0.01477865
     5.3000000       -0.00627190        0.01554104
     5.4000000       -0.00583498        0.01545230
     5.5000000        0.00131522        0.01187163
     5.6000000        0.00466541        0.00773467
     5.7000000        0.00497297        0.00426841
     5.8000000        0.01341458        0.00111040
     5.9000000        0.01379495        0.00240868
     6.0000000        0.01655545        0.00012228
     6.1000000        0.01694619        0.00047547
     6.2000000        0.01652459        0.00183770
     6.3000000        0.01468157        0.00056923
     6.4000000        0.01823867        0.00631599
     6.5000000        0.01149203        0.00068680
     6.6000000        0.00959054        0.00011506
     6.7000000        0.01183852        0.00157696
     6.8000000        0.00656030        0.00362900
     6.9000000       -0.00225001        0.00788317
     7.0000000       -0.00729937        0.00684047
     7.1000000       -0.01413206        0.00278698
     7.2000000       -0.01606965        0.00073040
     7.3000000       -0.01201096        0.00048285
     7.4000000       -0.00967115        0.00193303
     7.5000000       -0.01372088        0.01338414
     7.6000000       -0.01417334        0.01049796
     7.7000000       -0.01728110        0.00698873
     7.8000000       -0.01687924        0.01300609
     7.9000000       -0.01395499        0.01593588
     8.0000000       -0.01301841        0.01227182
     8.1000000       -0.01507405        0.00530319
     8.2000000       -0.01103720        0.00775661
     8.3000000       -0.00187392        0.00753248
     8.4000000        0.00383149        0.01268267
     8.5000000        0.00600898        0.01303829
     8.6000000        0.00493030        0.00539818
     8.7000000        0.01238598        0.01104043
     8.8000000        0.02012601        0.01174572
     8.9000000        0.02582462        0.00268000
     9.0000000        0.02289434        0.00746312
     9.1000000        0.01400045        0.00210506
     9.2000000        0.00694867        0.01361655
     9.3000000        0.00791109        0.01284391
     9.4000000        0.01710299        0.00364588
     9.5000000        0.01634139        0.00619830
     9.6000000        0.01151651        0.02285152
     9.7000000        0.01829334        0.01113783
     9.8000000        0.04494261        0.01250060
     9.9000000        0.11251865        0.04091820
    10.0000000        0.33861154        0.04983450
