     0.0000000        1.37430334        0.05232866
     0.1000000        1.13902519        0.04295649
     0.2000000        0.95735861        0.03830111
     0.3000000        0.80587027        0.02835049
     0.4000000        0.68231611        0.01886780
     0.5000000        0.57809074        0.00940790
     0.6000000        0.49585262        0.00729038
     0.7000000        0.42855791        0.00715106
     0.8000000        0.38108928        0.01617220
     0.9000000        0.33736345        0.02156555
     1.0000000        0.30095696        0.02761071
     1.1000000        0.27186715        0.03420250
     1.2000000        0.23980982        0.03256861
     1.3000000        0.22235799        0.04169559
     1.4000000        0.20571924        0.04865400
     1.5000000        0.17505726        0.03832720
     1.6000000        0.14871376        0.02946421
     1.7000000        0.13057339        0.02694975
     1.8000000        0.11635692        0.02570972
     1.9000000        0.09969616        0.02039744
     2.0000000        0.09049617        0.02134130
     2.1000000        0.07839931        0.01737818
     2.2000000        0.06831395        0.01391640
     2.3000000        0.06254601        0.01400425
     2.4000000        0.05284548        0.00945430
     2.5000000        0.04711325        0.00928395
     2.6000000        0.04344918        0.01009897
     2.7000000        0.04235089        0.01298629
     2.8000000        0.03394567        0.00842419
     2.9000000        0.02648227        0.00471759
     3.0000000        0.02031430        0.00193172
     3.1000000        0.02044826        0.00462973
     3.2000000        0.02244272        0.00807899
     3.3000000        0.02176864        0.00888646
     3.4000000        0.01764586        0.00672103
     3.5000000        0.00864863        0.00168161
     3.6000000        0.00261498        0.00651773
     3.7000000       -0.00564926        0.01403242
     3.8000000       -0.00931399        0.01697443
     3.9000000       -0.00815250        0.01504781
     4.0000000       -0.00504483        0.01100869
     4.1000000        0.00075551        0.00580523
     4.2000000        0.00503431        0.00570364
     4.3000000        0.00811786        0.00602359
     4.4000000        0.00973221        0.00549247
     4.5000000        0.01141865        0.00594939
     4.6000000        0.01159472        0.00567278
     4.7000000        0.01052735        0.00479290
     4.8000000        0.00924664        0.00346158
     4.9000000        0.00750435        0.00224336
     5.0000000        0.00505191        0.00280910
     5.1000000        0.00390109        0.00296984
     5.2000000        0.00652679        0.00160951
     5.3000000        0.00664636        0.00145821
     5.4000000        0.00184949        0.00504836
     5.5000000        0.00128584        0.00616631
     5.6000000        0.00318445        0.00458030
     5.7000000        0.00286026        0.00534787
     5.8000000       -0.00635763        0.01517160
     5.9000000       -0.01161094        0.02055430
     6.0000000       -0.01789877        0.02740791
     6.1000000       -0.01522412        0.02496399
     6.2000000       -0.01560010        0.02593470
     6.3000000       -0.01643979        0.02737450
     6.4000000       -0.02034452        0.03256507
     6.5000000       -0.01582496        0.02904976
     6.6000000       -0.01515570        0.02966361
     6.7000000       -0.00671758        0.02238799
     6.8000000        0.00428114        0.01304726
     6.9000000        0.00101675        0.01928703
     7.0000000        0.01382765        0.00971434
     7.1000000        0.01928536        0.00850893
     7.2000000        0.01585079        0.01435937
     7.3000000        0.01456271        0.01880491
     7.4000000        0.01635395        0.02025152
     7.5000000        0.02010553        0.02007069
     7.6000000        0.02136586        0.02429684
     7.7000000        0.02637531        0.02504948
     7.8000000        0.02768422        0.03091138
     7.9000000        0.03442717        0.03179354
     8.0000000        0.03964354        0.03588931
     8.1000000        0.06141453        0.02418936
     8.2000000        0.07742579        0.01965205
     8.3000000        0.10199915        0.00792112
     8.4000000        0.12157853        0.00332178
     8.5000000        0.14187455        0.00174223
     8.6000000        0.16566892        0.00340426
     8.7000000        0.18664627        0.00173563
     8.8000000        0.21582875        0.00341548
     8.9000000        0.24781652        0.00457568
     9.0000000        0.28646199        0.00707091
     9.1000000        0.33278768        0.01139399
     9.2000000        0.38902069        0.01948892
     9.3000000        0.44841382        0.02233362
     9.4000000        0.52500859        0.03265413
     9.5000000        0.61347729        0.04241250
     9.6000000        0.71201748        0.04573119
     9.7000000        0.82864416        0.04683589
     9.8000000        0.97478060        0.05195547
     9.9000000        1.15102558        0.05287146
    10.0000000        1.37430334        0.05232866
