     0.0000000        2.00000000        0.00248488
     0.0000000
     0.1000000        1.61301673        0.00411399
     0.0013631
     0.2000000        1.32454668        0.00090419
     0.0016156
     0.3000000        1.10414610        0.00149453
     0.0025613
     0.4000000        0.93455518        0.00204763
     0.0032907
     0.5000000        0.80031570        0.00494821
     0.0035233
     0.6000000        0.69027887        0.00576445
     0.0031252
     0.7000000        0.60310323        0.00551610
     0.0036725
     0.8000000        0.53171320        0.00526125
     0.0033927
     0.9000000        0.47104117        0.00331896
     0.0040367
     1.0000000        0.42264416        0.00336733
     0.0038826
     1.1000000        0.37943408        0.00320206
     0.0042934
     1.2000000        0.34352633        0.00159452
     0.0035733
     1.3000000        0.31376782        0.00005245
     0.0040120
     1.4000000        0.29146760        0.00113034
     0.0033123
     1.5000000        0.26929208        0.00208886
     0.0027105
     1.6000000        0.25426038        0.00342512
     0.0030349
     1.7000000        0.24037240        0.00275504
     0.0026082
     1.8000000        0.22678530        0.00377396
     0.0027314
     1.9000000        0.21683732        0.00557226
     0.0026948
     2.0000000        0.20855459        0.00662832
     0.0024504
     2.1000000        0.20096405        0.00491379
     0.0024837
     2.2000000        0.19468147        0.00512196
     0.0021837
     2.3000000        0.19169095        0.00508632
     0.0024480
     2.4000000        0.18850206        0.00421592
     0.0021549
     2.5000000        0.18839727        0.00278834
     0.0020330
     2.6000000        0.19000571        0.00341323
     0.0018176
     2.7000000        0.19069311        0.00426866
     0.0017508
     2.8000000        0.19432319        0.00507502
     0.0017398
     2.9000000        0.19780925        0.00429358
     0.0015525
     3.0000000        0.20442010        0.00202806
     0.0014528
     3.1000000        0.21310238        0.00262213
     0.0010353
     3.2000000        0.22348852        0.00333407
     0.0017675
     3.3000000        0.23441624        0.00389159
     0.0020543
     3.4000000        0.25120307        0.00336763
     0.0023158
     3.5000000        0.26989442        0.00464140
     0.0020521
     3.6000000        0.29141171        0.00222132
     0.0019575
     3.7000000        0.31446519        0.00226853
     0.0018319
     3.8000000        0.34289326        0.00228730
     0.0020780
     3.9000000        0.37626955        0.00305029
     0.0018914
     4.0000000        0.41951294        0.00169238
     0.0021103
     4.1000000        0.46949053        0.00304667
     0.0017911
     4.2000000        0.52849483        0.00570477
     0.0021737
     4.3000000        0.60031671        0.00349505
     0.0026971
     4.4000000        0.68957097        0.00289872
     0.0026836
     4.5000000        0.79922017        0.00442263
     0.0018881
     4.6000000        0.93494887        0.00380763
     0.0022049
     4.7000000        1.10795722        0.00300253
     0.0013381
     4.8000000        1.32847709        0.00126346
     0.0021854
     4.9000000        1.61532170       -0.00010107
     0.0019016
     5.0000000        2.00000000       -0.00248488
     0.0000001
