     0.0000000        0.65808628        0.06922057
     0.1000000        0.49084320        0.09380476
     0.2000000        0.38011892        0.09298402
     0.3000000        0.31393510        0.10734655
     0.4000000        0.25397387        0.09081823
     0.5000000        0.20959880        0.07973014
     0.6000000        0.17438213        0.06868230
     0.7000000        0.15441474        0.07120144
     0.8000000        0.13139669        0.06338010
     0.9000000        0.11095586        0.05135883
     1.0000000        0.08997492        0.03621041
     1.1000000        0.08062041        0.03611647
     1.2000000        0.07639319        0.04667232
     1.3000000        0.06873570        0.04392835
     1.4000000        0.06389052        0.04327783
     1.5000000        0.05234457        0.03353812
     1.6000000        0.03910539        0.02303285
     1.7000000        0.02791669        0.01373544
     1.8000000        0.02116935        0.00763603
     1.9000000        0.01851669        0.00823569
     2.0000000        0.01467937        0.00892837
     2.1000000        0.01122919        0.00611097
     2.2000000        0.00669765        0.00169115
     2.3000000        0.00958147        0.00734357
     2.4000000        0.00939245        0.00762811
     2.5000000        0.00688784        0.00397668
     2.6000000        0.00099214        0.00385039
     2.7000000       -0.00241241        0.00864086
     2.8000000       -0.00106361        0.00628050
     2.9000000        0.00361535        0.00248267
     3.0000000        0.00280666        0.00104812
     3.1000000        0.00278327        0.00094777
     3.2000000        0.00239005        0.00022600
     3.3000000        0.00156496        0.00130061
     3.4000000       -0.00065972        0.00311332
     3.5000000       -0.00116427        0.00298675
     3.6000000       -0.00154331        0.00267184
     3.7000000        0.00010549        0.00015925
     3.8000000        0.00177354        0.00310625
     3.9000000        0.00228149        0.00342342
     4.0000000        0.00137066        0.00345067
     4.1000000       -0.00035162        0.00166790
     4.2000000       -0.00175605        0.00106459
     4.3000000       -0.00354073        0.00009237
     4.4000000       -0.00431696        0.00087812
     4.5000000       -0.00479566        0.00080797
     4.6000000       -0.00529614        0.00221770
     4.7000000       -0.00633310        0.00266443
     4.8000000       -0.00549082        0.00191640
     4.9000000       -0.00503467        0.00081906
     5.0000000       -0.00450876        0.00078689
     5.1000000       -0.00449981        0.00060602
     5.2000000       -0.00615879        0.00025590
     5.3000000       -0.00660945        0.00367347
     5.4000000       -0.00697100        0.00584746
     5.5000000       -0.00770613        0.00791071
     5.6000000       -0.00546404        0.00544415
     5.7000000       -0.00413516        0.00288834
     5.8000000       -0.00366786        0.00064009
     5.9000000       -0.00283133        0.00041891
     6.0000000       -0.00177464        0.00047546
     6.1000000       -0.00135733        0.00003522
     6.2000000       -0.00051643        0.00052149
     6.3000000        0.00077566        0.00112556
     6.4000000        0.00170327        0.00006884
     6.5000000        0.00307986        0.00073596
     6.6000000        0.00428138        0.00200714
     6.7000000        0.00503473        0.00177807
     6.8000000        0.00540352        0.00328584
     6.9000000        0.00588339        0.00339148
     7.0000000        0.00597234        0.00282778
     7.1000000        0.00613929        0.00251341
     7.2000000        0.00614068        0.00423654
     7.3000000        0.00688042        0.00469497
     7.4000000        0.00693758        0.00229535
     7.5000000        0.00918019        0.00015621
     7.6000000        0.01160586        0.00254713
     7.7000000        0.01327884        0.00222356
     7.8000000        0.01422968        0.00191381
     7.9000000        0.01648967        0.00164260
     8.0000000        0.01878000        0.00281178
     8.1000000        0.01923411        0.00505079
     8.2000000        0.02218748        0.00625909
     8.3000000        0.02342527        0.00738344
     8.4000000        0.02740144        0.00660847
     8.5000000        0.03063799        0.00748210
     8.6000000        0.03574906        0.00126674
     8.7000000        0.04510458        0.00374156
     8.8000000        0.05380090        0.00727767
     8.9000000        0.06463715        0.01240082
     9.0000000        0.07525581        0.01578849
     9.1000000        0.08672350        0.01621202
     9.2000000        0.10031803        0.02027182
     9.3000000        0.11878404        0.02728528
     9.4000000        0.14031539        0.02580627
     9.5000000        0.17041868        0.02826957
     9.6000000        0.21872362        0.04826633
     9.7000000        0.26729787        0.04566271
     9.8000000        0.34875371        0.05318245
     9.9000000        0.46854324        0.05485722
    10.0000000        0.65808628        0.06922057
