     0.0000000        1.00969128        0.00636100
     0.1000000        0.73005858        0.01056780
     0.2000000        0.54681046        0.01078037
     0.3000000        0.41966880        0.00586311
     0.4000000        0.32203612        0.00260414
     0.5000000        0.24849560        0.00132136
     0.6000000        0.19201413        0.00350617
     0.7000000        0.14880674        0.00485505
     0.8000000        0.11279207        0.00335180
     0.9000000        0.08768218        0.00098137
     1.0000000        0.06729199        0.00071494
     1.1000000        0.05126536        0.00422867
     1.2000000        0.03894024        0.00378760
     1.3000000        0.03204664        0.00366947
     1.4000000        0.02428465        0.00514837
     1.5000000        0.02014508        0.00622177
     1.6000000        0.01768506        0.00569017
     1.7000000        0.01330103        0.00656497
     1.8000000        0.00801166        0.00583858
     1.9000000        0.00527733        0.00488169
     2.0000000        0.00433223        0.00517990
     2.1000000        0.00291810        0.00448475
     2.2000000        0.00176121        0.00336716
     2.3000000        0.00235441        0.00342879
     2.4000000        0.00267587        0.00394989
     2.5000000        0.00312907        0.00292291
     2.6000000        0.00122390        0.00215925
     2.7000000        0.00086334        0.00187592
     2.8000000        0.00115328        0.00090712
     2.9000000        0.00103853        0.00088821
     3.0000000        0.00043533        0.00108519
     3.1000000        0.00112325        0.00070450
     3.2000000        0.00069000        0.00110835
     3.3000000       -0.00045121        0.00067648
     3.4000000       -0.00063493        0.00045076
     3.5000000       -0.00063729        0.00044451
     3.6000000       -0.00023820        0.00094267
     3.7000000        0.00014115        0.00052517
     3.8000000        0.00040328        0.00036313
     3.9000000        0.00042499        0.00059446
     4.0000000        0.00028635        0.00036119
     4.1000000       -0.00051206        0.00093604
     4.2000000       -0.00062121        0.00098267
     4.3000000       -0.00060220        0.00092447
     4.4000000       -0.00080429        0.00071711
     4.5000000       -0.00118854        0.00108089
     4.6000000       -0.00092404        0.00114713
     4.7000000       -0.00121827        0.00088101
     4.8000000       -0.00137662        0.00068473
     4.9000000       -0.00142984        0.00010354
     5.0000000       -0.00134425        0.00062264
     5.1000000       -0.00124668        0.00088510
     5.2000000       -0.00122202        0.00110606
     5.3000000       -0.00144547        0.00015686
     5.4000000       -0.00094217        0.00037247
     5.5000000       -0.00079216        0.00070119
     5.6000000       -0.00060525        0.00066084
     5.7000000       -0.00027891        0.00048928
     5.8000000        0.00010147        0.00120574
     5.9000000        0.00061839        0.00039746
     6.0000000        0.00085036        0.00037072
     6.1000000        0.00032676        0.00088152
     6.2000000        0.00035435        0.00047165
     6.3000000        0.00099564        0.00091422
     6.4000000        0.00081578        0.00119106
     6.5000000        0.00096101        0.00128278
     6.6000000        0.00130985        0.00077285
     6.7000000        0.00183643        0.00084607
     6.8000000        0.00218543        0.00079854
     6.9000000        0.00256761        0.00151784
     7.0000000        0.00236362        0.00161944
     7.1000000        0.00151597        0.00254925
     7.2000000        0.00053017        0.00240221
     7.3000000        0.00050434        0.00160456
     7.4000000       -0.00108010        0.00072166
     7.5000000       -0.00102956        0.00033914
     7.6000000       -0.00141663        0.00038530
     7.7000000       -0.00010582        0.00179154
     7.8000000        0.00228996        0.00249578
     7.9000000        0.00439830        0.00244989
     8.0000000        0.00487808        0.00315708
     8.1000000        0.00755491        0.00335904
     8.2000000        0.00871096        0.00256290
     8.3000000        0.01128557        0.00398147
     8.4000000        0.01580994        0.00406089
     8.5000000        0.02129280        0.00312243
     8.6000000        0.02688273        0.00484526
     8.7000000        0.03164006        0.00414323
     8.8000000        0.03772495        0.00330246
     8.9000000        0.04632340        0.00231210
     9.0000000        0.06084374        0.00060622
     9.1000000        0.08120462        0.00698222
     9.2000000        0.10786961        0.00908460
     9.3000000        0.13964993        0.00550517
     9.4000000        0.17906491        0.00425520
     9.5000000        0.22473737        0.00283223
     9.6000000        0.29238745        0.00230970
     9.7000000        0.38886661        0.00404174
     9.8000000        0.52318052        0.00628299
     9.9000000        0.70898712        0.00109056
    10.0000000        0.99030872        0.00636100
