     0.0000000        2.00000000        0.00000022
     0.1000000        1.41567986        0.00128397
     0.2000000        1.00937882        0.00127039
     0.3000000        0.72295802        0.00120177
     0.4000000        0.52171028        0.00119492
     0.5000000        0.37958202        0.00084532
     0.6000000        0.27693084        0.00087653
     0.7000000        0.20304085        0.00120314
     0.8000000        0.15068391        0.00107996
     0.9000000        0.11102056        0.00090519
     1.0000000        0.08245505        0.00084722
     1.1000000        0.06130378        0.00104093
     1.2000000        0.04507098        0.00092072
     1.3000000        0.03402351        0.00107222
     1.4000000        0.02759452        0.00079934
     1.5000000        0.02097064        0.00047633
     1.6000000        0.01563444        0.00063425
     1.7000000        0.01202797        0.00068055
     1.8000000        0.00954957        0.00088660
     1.9000000        0.00828555        0.00100370
     2.0000000        0.00637803        0.00095981
     2.1000000        0.00470440        0.00093045
     2.2000000        0.00371637        0.00082752
     2.3000000        0.00272482        0.00086833
     2.4000000        0.00228439        0.00101750
     2.5000000        0.00144245        0.00104366
     2.6000000        0.00120570        0.00094323
     2.7000000        0.00185939        0.00084252
     2.8000000        0.00062717        0.00087698
     2.9000000        0.00011623        0.00067902
     3.0000000        0.00020786        0.00077646
     3.1000000        0.00064966        0.00066223
     3.2000000       -0.00002602        0.00090902
     3.3000000       -0.00011955        0.00091479
     3.4000000        0.00081337        0.00094032
     3.5000000        0.00137837        0.00088055
     3.6000000        0.00056718        0.00067190
     3.7000000        0.00078987        0.00084666
     3.8000000        0.00080572        0.00089425
     3.9000000       -0.00076889        0.00084878
     4.0000000       -0.00026099        0.00082186
     4.1000000       -0.00060466        0.00084753
     4.2000000       -0.00037211        0.00066478
     4.3000000       -0.00063020        0.00069165
     4.4000000        0.00011328        0.00054465
     4.5000000       -0.00069809        0.00056971
     4.6000000       -0.00010334        0.00058304
     4.7000000       -0.00009963        0.00071128
     4.8000000       -0.00039635        0.00046626
     4.9000000       -0.00064707        0.00047734
     5.0000000        0.00021759        0.00061623
     5.1000000       -0.00020561        0.00088983
     5.2000000        0.00046344        0.00088003
     5.3000000        0.00072693        0.00100265
     5.4000000        0.00092086        0.00084700
     5.5000000        0.00111590        0.00082484
     5.6000000        0.00048981        0.00082690
     5.7000000        0.00003092        0.00085422
     5.8000000        0.00028288        0.00065872
     5.9000000       -0.00007844        0.00088182
     6.0000000        0.00063060        0.00089714
     6.1000000        0.00049887        0.00058406
     6.2000000        0.00150801        0.00084159
     6.3000000        0.00146946        0.00107481
     6.4000000        0.00046914        0.00077041
     6.5000000        0.00009542        0.00073941
     6.6000000        0.00080702        0.00096205
     6.7000000        0.00163591        0.00104953
     6.8000000        0.00107128        0.00090586
     6.9000000        0.00059366        0.00060837
     7.0000000        0.00113832        0.00100091
     7.1000000        0.00164649        0.00104021
     7.2000000        0.00146978        0.00150266
     7.3000000        0.00137371        0.00077911
     7.4000000        0.00067442        0.00086716
     7.5000000        0.00064181        0.00105182
     7.6000000        0.00152842        0.00102455
     7.7000000        0.00233182        0.00114342
     7.8000000        0.00344770        0.00107726
     7.9000000        0.00457386        0.00126666
     8.0000000        0.00555567        0.00124293
     8.1000000        0.00706759        0.00120260
     8.2000000        0.00814511        0.00130532
     8.3000000        0.01049691        0.00112956
     8.4000000        0.01456859        0.00080692
     8.5000000        0.01963878        0.00070987
     8.6000000        0.02622045        0.00063576
     8.7000000        0.03478324        0.00104939
     8.8000000        0.04809163        0.00089735
     8.9000000        0.06279564        0.00105622
     9.0000000        0.08385629        0.00072699
     9.1000000        0.11043879        0.00098611
     9.2000000        0.14897574        0.00113582
     9.3000000        0.20253536        0.00135761
     9.4000000        0.27645435        0.00117584
     9.5000000        0.37864550        0.00122927
     9.6000000        0.52159750        0.00160128
     9.7000000        0.72224934        0.00117173
     9.8000000        1.00776511        0.00082716
     9.9000000        1.41505484        0.00069550
    10.0000000        2.00000000        0.00000000
