     0.0000000        0.41119903        0.01600956
     0.1000000        0.31614732        0.02128981
     0.2000000        0.25120529        0.02590790
     0.3000000        0.19849923        0.02713005
     0.4000000        0.15212932        0.01774486
     0.5000000        0.11367308        0.00675324
     0.6000000        0.08338063        0.00282407
     0.7000000        0.06916467        0.00480981
     0.8000000        0.05682768        0.00921941
     0.9000000        0.04799799        0.01327354
     1.0000000        0.03903759        0.01265966
     1.1000000        0.02732657        0.00755317
     1.2000000        0.02200247        0.00656767
     1.3000000        0.01800732        0.00661022
     1.4000000        0.01325039        0.00585595
     1.5000000        0.01167978        0.01011339
     1.6000000        0.01100679        0.01197697
     1.7000000        0.01103202        0.01338961
     1.8000000        0.00824212        0.01191183
     1.9000000        0.00782774        0.01291574
     2.0000000        0.00725281        0.01281365
     2.1000000        0.00531243        0.01067715
     2.2000000        0.00457593        0.01016553
     2.3000000        0.00213714        0.00838732
     2.4000000        0.00033195        0.00723465
     2.5000000       -0.00002301        0.00623644
     2.6000000        0.00150142        0.00746784
     2.7000000        0.00349612        0.00980141
     2.8000000        0.00287171        0.00869060
     2.9000000        0.00193343        0.00792374
     3.0000000        0.00161103        0.00670024
     3.1000000        0.00129272        0.00516230
     3.2000000        0.00174530        0.00554300
     3.3000000        0.00276714        0.00515758
     3.4000000        0.00276930        0.00368093
     3.5000000        0.00234209        0.00379125
     3.6000000        0.00129715        0.00201147
     3.7000000        0.00110005        0.00232781
     3.8000000        0.00055315        0.00181546
     3.9000000        0.00033966        0.00249027
     4.0000000        0.00082018        0.00250091
     4.1000000        0.00126470        0.00227709
     4.2000000        0.00199384        0.00342577
     4.3000000        0.00092745        0.00201185
     4.4000000        0.00011494        0.00099675
     4.5000000       -0.00027621        0.00015550
     4.6000000       -0.00051811        0.00041910
     4.7000000       -0.00009203        0.00035125
     4.8000000        0.00050684        0.00042654
     4.9000000        0.00128175        0.00083266
     5.0000000        0.00170713        0.00074527
     5.1000000        0.00169717        0.00057252
     5.2000000        0.00170873        0.00001579
     5.3000000        0.00195481        0.00039083
     5.4000000        0.00210973        0.00117338
     5.5000000        0.00231846        0.00124350
     5.6000000        0.00279393        0.00207637
     5.7000000        0.00284480        0.00294660
     5.8000000        0.00241066        0.00303262
     5.9000000        0.00221611        0.00296876
     6.0000000        0.00150490        0.00222228
     6.1000000        0.00139769        0.00172247
     6.2000000        0.00102823        0.00162101
     6.3000000        0.00045341        0.00166138
     6.4000000        0.00007224        0.00182164
     6.5000000       -0.00039080        0.00203793
     6.6000000       -0.00027459        0.00180962
     6.7000000       -0.00022603        0.00096853
     6.8000000       -0.00019218        0.00017145
     6.9000000       -0.00002414        0.00038488
     7.0000000       -0.00066640        0.00011680
     7.1000000       -0.00122575        0.00090817
     7.2000000       -0.00174490        0.00186464
     7.3000000       -0.00151024        0.00226298
     7.4000000       -0.00096677        0.00229083
     7.5000000       -0.00065504        0.00230744
     7.6000000       -0.00040524        0.00320940
     7.7000000       -0.00052809        0.00477100
     7.8000000       -0.00066608        0.00658651
     7.9000000       -0.00001437        0.00719959
     8.0000000        0.00156853        0.00749639
     8.1000000        0.00309541        0.00686374
     8.2000000        0.00581154        0.00550608
     8.3000000        0.00790807        0.00443059
     8.4000000        0.01114854        0.00245069
     8.5000000        0.01486956        0.00032423
     8.6000000        0.01795700        0.00151745
     8.7000000        0.02120636        0.00141113
     8.8000000        0.02678673        0.00173589
     8.9000000        0.03326848        0.00100919
     9.0000000        0.04273070        0.00444421
     9.1000000        0.05048406        0.00216617
     9.2000000        0.05785634        0.00124745
     9.3000000        0.07398192        0.00332525
     9.4000000        0.09154053        0.00330995
     9.5000000        0.11765132        0.00717050
     9.6000000        0.14528381        0.00248369
     9.7000000        0.18237051        0.00186564
     9.8000000        0.23327393        0.00215141
     9.9000000        0.30481528        0.00321983
    10.0000000        0.41119903        0.01600956
