     0.0000000        0.14855115        0.00419327
     0.1000000        0.10372497        0.00320397
     0.2000000        0.07941538        0.00395511
     0.3000000        0.05846600        0.00365504
     0.4000000        0.04447814        0.00357098
     0.5000000        0.03201142        0.00356134
     0.6000000        0.02465362        0.00461612
     0.7000000        0.02096267        0.00520371
     0.8000000        0.01342403        0.00505074
     0.9000000        0.00956267        0.00384755
     1.0000000        0.00731072        0.00387355
     1.1000000        0.00472257        0.00383368
     1.2000000        0.00354359        0.00412233
     1.3000000        0.00570968        0.00310794
     1.4000000        0.00339203        0.00269408
     1.5000000        0.00504083        0.00357251
     1.6000000        0.00187329        0.00270035
     1.7000000        0.00172087        0.00201053
     1.8000000        0.00170540        0.00250896
     1.9000000       -0.00032232        0.00247537
     2.0000000        0.00167183        0.00218019
     2.1000000        0.00169545        0.00195964
     2.2000000        0.00068306        0.00177827
     2.3000000        0.00213632        0.00238078
     2.4000000        0.00310068        0.00235517
     2.5000000        0.00241706        0.00138779
     2.6000000        0.00212626        0.00148908
     2.7000000        0.00319919        0.00184806
     2.8000000       -0.00063339        0.00304064
     2.9000000        0.00041916        0.00242836
     3.0000000        0.00066489        0.00252391
     3.1000000        0.00044613        0.00272864
     3.2000000        0.00193955        0.00211282
     3.3000000        0.00242082        0.00172595
     3.4000000        0.00226117        0.00131292
     3.5000000        0.00321111        0.00100186
     3.6000000        0.00125893        0.00101613
     3.7000000        0.00136239        0.00164212
     3.8000000       -0.00014498        0.00153223
     3.9000000        0.00163747        0.00181553
     4.0000000        0.00046942        0.00170477
     4.1000000        0.00021860        0.00127473
     4.2000000        0.00070102        0.00114116
     4.3000000        0.00005187        0.00115953
     4.4000000       -0.00104218        0.00134981
     4.5000000       -0.00092461        0.00113137
     4.6000000       -0.00225925        0.00126068
     4.7000000       -0.00139838        0.00104149
     4.8000000       -0.00274632        0.00300663
     4.9000000       -0.00070613        0.00256646
     5.0000000       -0.00480725        0.00279742
     5.1000000       -0.00284284        0.00276440
     5.2000000        0.00004642        0.00261277
     5.3000000       -0.00275499        0.00161549
     5.4000000        0.00027646        0.00169573
     5.5000000       -0.00104755        0.00240901
     5.6000000        0.00030050        0.00265439
     5.7000000        0.00184323        0.00427567
     5.8000000        0.00055320        0.00290892
     5.9000000       -0.00090764        0.00211354
     6.0000000       -0.00294784        0.00164571
     6.1000000       -0.00226362        0.00284574
     6.2000000       -0.00012040        0.00188199
     6.3000000        0.00080121        0.00194023
     6.4000000       -0.00180757        0.00261101
     6.5000000       -0.00295309        0.00337501
     6.6000000        0.00031051        0.00321502
     6.7000000        0.00080138        0.00259330
     6.8000000        0.00280086        0.00346902
     6.9000000        0.00349828        0.00457396
     7.0000000        0.00597925        0.00307848
     7.1000000        0.00800247        0.00315762
     7.2000000        0.01086194        0.00420511
     7.3000000        0.00777827        0.00265518
     7.4000000        0.00859605        0.00226394
     7.5000000        0.01512294        0.00326611
     7.6000000        0.01656002        0.00232830
     7.7000000        0.01741444        0.00283724
     7.8000000        0.01497770        0.00278195
     7.9000000        0.01843292        0.00250274
     8.0000000        0.02198138        0.00372636
     8.1000000        0.02907151        0.00395114
     8.2000000        0.03744923        0.00446901
     8.3000000        0.04370617        0.00452265
     8.4000000        0.05633937        0.00304433
     8.5000000        0.07162163        0.00327437
     8.6000000        0.08716703        0.00351775
     8.7000000        0.11197478        0.00541435
     8.8000000        0.13253772        0.00557589
     8.9000000        0.16187765        0.00583114
     9.0000000        0.20114393        0.00593770
     9.1000000        0.24693936        0.00482736
     9.2000000        0.30467779        0.00508883
     9.3000000        0.37468549        0.00532807
     9.4000000        0.46668663        0.00592439
     9.5000000        0.58336940        0.00623007
     9.6000000        0.72898875        0.00584781
     9.7000000        0.91357894        0.00480366
     9.8000000        1.15212528        0.00514631
     9.9000000        1.45258594        0.00516339
    10.0000000        1.85144885        0.00419327
