         401          11   40.0000000000000                2
     0.0000000        1.00000000        0.00000000
     0.1000000        0.84550643        0.00009733
     0.2000000        0.72167113        0.00007902
     0.3000000        0.62076810        0.00011992
     0.4000000        0.53790138        0.00011328
     0.5000000        0.46916740        0.00007971
     0.6000000        0.41168115        0.00007068
     0.7000000        0.36330681        0.00005413
     0.8000000        0.32230836        0.00007201
     0.9000000        0.28730943        0.00009765
     1.0000000        0.25728532        0.00009341
     1.1000000        0.23144434        0.00006752
     1.2000000        0.20902103        0.00008550
     1.3000000        0.18957806        0.00010717
     1.4000000        0.17259761        0.00010397
     1.5000000        0.15768203        0.00009485
     1.6000000        0.14463405        0.00010401
     1.7000000        0.13310829        0.00011219
     1.8000000        0.12284412        0.00011331
     1.9000000        0.11373339        0.00011601
     2.0000000        0.10566471        0.00012105
     2.1000000        0.09844073        0.00010858
     2.2000000        0.09198553        0.00009711
     2.3000000        0.08619918        0.00010922
     2.4000000        0.08103155        0.00011239
     2.5000000        0.07629379        0.00010744
     2.6000000        0.07212401        0.00010866
     2.7000000        0.06827735        0.00011868
     2.8000000        0.06476881        0.00010494
     2.9000000        0.06159180        0.00010814
     3.0000000        0.05871063        0.00009684
     3.1000000        0.05607380        0.00009988
     3.2000000        0.05368374        0.00009413
     3.3000000        0.05145025        0.00009433
     3.4000000        0.04941595        0.00008447
     3.5000000        0.04752762        0.00008625
     3.6000000        0.04579902        0.00009747
     3.7000000        0.04420949        0.00009513
     3.8000000        0.04275692        0.00009537
     3.9000000        0.04136951        0.00008700
     4.0000000        0.04006934        0.00008758
     4.1000000        0.03890825        0.00008638
     4.2000000        0.03779164        0.00008670
     4.3000000        0.03675532        0.00008058
     4.4000000        0.03578570        0.00008827
     4.5000000        0.03484836        0.00009394
     4.6000000        0.03394223        0.00008268
     4.7000000        0.03313629        0.00007474
     4.8000000        0.03232560        0.00007888
     4.9000000        0.03155473        0.00009072
     5.0000000        0.03087537        0.00009842
     5.1000000        0.03023216        0.00010620
     5.2000000        0.02958017        0.00010110
     5.3000000        0.02896351        0.00009987
     5.4000000        0.02836108        0.00010573
     5.5000000        0.02776995        0.00010385
     5.6000000        0.02723697        0.00010338
     5.7000000        0.02671147        0.00010019
     5.8000000        0.02616677        0.00010040
     5.9000000        0.02566750        0.00010553
     6.0000000        0.02516575        0.00010823
     6.1000000        0.02467263        0.00010912
     6.2000000        0.02420932        0.00011307
     6.3000000        0.02375600        0.00010255
     6.4000000        0.02329596        0.00011314
     6.5000000        0.02286474        0.00011534
     6.6000000        0.02245559        0.00011274
     6.7000000        0.02204230        0.00011645
     6.8000000        0.02165399        0.00011330
     6.9000000        0.02126211        0.00011308
     7.0000000        0.02084723        0.00011013
     7.1000000        0.02045689        0.00011524
     7.2000000        0.02005818        0.00011072
     7.3000000        0.01967314        0.00010556
     7.4000000        0.01930136        0.00010300
     7.5000000        0.01895310        0.00010492
     7.6000000        0.01862402        0.00010048
     7.7000000        0.01826974        0.00010082
     7.8000000        0.01790574        0.00009969
     7.9000000        0.01756479        0.00009861
     8.0000000        0.01720800        0.00010246
     8.1000000        0.01685298        0.00009810
     8.2000000        0.01653081        0.00009882
     8.3000000        0.01619557        0.00009896
     8.4000000        0.01589451        0.00010323
     8.5000000        0.01557244        0.00010490
     8.6000000        0.01525844        0.00011009
     8.7000000        0.01494569        0.00010269
     8.8000000        0.01462674        0.00010206
     8.9000000        0.01433552        0.00010672
     9.0000000        0.01405770        0.00010154
     9.1000000        0.01377638        0.00009971
     9.2000000        0.01347411        0.00010274
     9.3000000        0.01319744        0.00010204
     9.4000000        0.01292240        0.00011037
     9.5000000        0.01266840        0.00011172
     9.6000000        0.01240559        0.00010586
     9.7000000        0.01214301        0.00010408
     9.8000000        0.01190077        0.00010309
     9.9000000        0.01166408        0.00010939
    10.0000000        0.01140581        0.00011213
    10.1000000        0.01112975        0.00010515
    10.2000000        0.01086020        0.00010038
    10.3000000        0.01059542        0.00010469
    10.4000000        0.01036957        0.00010758
    10.5000000        0.01012055        0.00011001
    10.6000000        0.00987987        0.00010686
    10.7000000        0.00965285        0.00010990
    10.8000000        0.00942293        0.00011270
    10.9000000        0.00921445        0.00011194
    11.0000000        0.00897502        0.00011716
    11.1000000        0.00876298        0.00011596
    11.2000000        0.00854491        0.00011575
    11.3000000        0.00832505        0.00011988
    11.4000000        0.00811561        0.00011781
    11.5000000        0.00791188        0.00011550
    11.6000000        0.00767697        0.00011380
    11.7000000        0.00746993        0.00011198
    11.8000000        0.00727524        0.00010988
    11.9000000        0.00704609        0.00010522
    12.0000000        0.00685164        0.00010967
    12.1000000        0.00667274        0.00010238
    12.2000000        0.00648119        0.00009177
    12.3000000        0.00630320        0.00008392
    12.4000000        0.00614525        0.00008018
    12.5000000        0.00598148        0.00007233
    12.6000000        0.00578911        0.00006973
    12.7000000        0.00560195        0.00008048
    12.8000000        0.00541347        0.00007956
    12.9000000        0.00521581        0.00007961
    13.0000000        0.00503627        0.00008210
    13.1000000        0.00486668        0.00006685
    13.2000000        0.00469529        0.00006557
    13.3000000        0.00452988        0.00006282
    13.4000000        0.00436690        0.00006644
    13.5000000        0.00421423        0.00006296
    13.6000000        0.00404418        0.00006346
    13.7000000        0.00385862        0.00006273
    13.8000000        0.00372200        0.00006103
    13.9000000        0.00354830        0.00006427
    14.0000000        0.00340127        0.00006629
    14.1000000        0.00326335        0.00006101
    14.2000000        0.00313008        0.00006650
    14.3000000        0.00298456        0.00006878
    14.4000000        0.00285880        0.00006855
    14.5000000        0.00273656        0.00007131
    14.6000000        0.00261543        0.00006930
    14.7000000        0.00247576        0.00006539
    14.8000000        0.00235484        0.00006174
    14.9000000        0.00222012        0.00006217
    15.0000000        0.00211284        0.00006559
    15.1000000        0.00199912        0.00007208
    15.2000000        0.00187969        0.00006308
    15.3000000        0.00175036        0.00006234
    15.4000000        0.00164883        0.00006006
    15.5000000        0.00155528        0.00005771
    15.6000000        0.00147128        0.00005877
    15.7000000        0.00139487        0.00005597
    15.8000000        0.00125692        0.00005959
    15.9000000        0.00115959        0.00005814
    16.0000000        0.00105000        0.00005721
    16.1000000        0.00098039        0.00005635
    16.2000000        0.00088339        0.00006617
    16.3000000        0.00079690        0.00006636
    16.4000000        0.00068511        0.00005572
    16.5000000        0.00059831        0.00005059
    16.6000000        0.00054044        0.00004499
    16.7000000        0.00046769        0.00004956
    16.8000000        0.00039142        0.00004597
    16.9000000        0.00035541        0.00004170
    17.0000000        0.00025013        0.00004294
    17.1000000        0.00019289        0.00004511
    17.2000000        0.00013127        0.00004941
    17.3000000        0.00005422        0.00004860
    17.4000000       -0.00000794        0.00005228
    17.5000000       -0.00004861        0.00005651
    17.6000000       -0.00010386        0.00005490
    17.7000000       -0.00016252        0.00006402
    17.8000000       -0.00022171        0.00006088
    17.9000000       -0.00027530        0.00006337
    18.0000000       -0.00032547        0.00005635
    18.1000000       -0.00038022        0.00005531
    18.2000000       -0.00039949        0.00005845
    18.3000000       -0.00043034        0.00005550
    18.4000000       -0.00043392        0.00005963
    18.5000000       -0.00049186        0.00006623
    18.6000000       -0.00054190        0.00007221
    18.7000000       -0.00059572        0.00006751
    18.8000000       -0.00062226        0.00005942
    18.9000000       -0.00068001        0.00005502
    19.0000000       -0.00069526        0.00005741
    19.1000000       -0.00073388        0.00006140
    19.2000000       -0.00076341        0.00005595
    19.3000000       -0.00077022        0.00005788
    19.4000000       -0.00076517        0.00006176
    19.5000000       -0.00077502        0.00005659
    19.6000000       -0.00080010        0.00005850
    19.7000000       -0.00079256        0.00005794
    19.8000000       -0.00080504        0.00005896
    19.9000000       -0.00079276        0.00006147
    20.0000000       -0.00077789        0.00005935
    20.1000000       -0.00080187        0.00005443
    20.2000000       -0.00078715        0.00006396
    20.3000000       -0.00079593        0.00006530
    20.4000000       -0.00077094        0.00006018
    20.5000000       -0.00077149        0.00005435
    20.6000000       -0.00078438        0.00005626
    20.7000000       -0.00076495        0.00006209
    20.8000000       -0.00074571        0.00006539
    20.9000000       -0.00070677        0.00007108
    21.0000000       -0.00067052        0.00007458
    21.1000000       -0.00063505        0.00007448
    21.2000000       -0.00061293        0.00007306
    21.3000000       -0.00058615        0.00007740
    21.4000000       -0.00053570        0.00007919
    21.5000000       -0.00051033        0.00008305
    21.6000000       -0.00046740        0.00007946
    21.7000000       -0.00042455        0.00007521
    21.8000000       -0.00039409        0.00007319
    21.9000000       -0.00035627        0.00007474
    22.0000000       -0.00030101        0.00007153
    22.1000000       -0.00026015        0.00006503
    22.2000000       -0.00021388        0.00006553
    22.3000000       -0.00016026        0.00005891
    22.4000000       -0.00011389        0.00005426
    22.5000000       -0.00005465        0.00005592
    22.6000000        0.00002310        0.00005966
    22.7000000        0.00008598        0.00005986
    22.8000000        0.00013492        0.00006202
    22.9000000        0.00020973        0.00006286
    23.0000000        0.00028352        0.00006214
    23.1000000        0.00035758        0.00006481
    23.2000000        0.00044636        0.00006579
    23.3000000        0.00052551        0.00006188
    23.4000000        0.00060846        0.00004855
    23.5000000        0.00066878        0.00004796
    23.6000000        0.00073531        0.00005510
    23.7000000        0.00081652        0.00005614
    23.8000000        0.00089860        0.00005422
    23.9000000        0.00100271        0.00004914
    24.0000000        0.00110460        0.00005629
    24.1000000        0.00121090        0.00005983
    24.2000000        0.00130017        0.00006108
    24.3000000        0.00139931        0.00006467
    24.4000000        0.00149719        0.00006123
    24.5000000        0.00159974        0.00006504
    24.6000000        0.00171449        0.00006402
    24.7000000        0.00180934        0.00006225
    24.8000000        0.00193336        0.00006429
    24.9000000        0.00203160        0.00006151
    25.0000000        0.00215344        0.00006361
    25.1000000        0.00228009        0.00006152
    25.2000000        0.00241725        0.00005317
    25.3000000        0.00255112        0.00006035
    25.4000000        0.00266468        0.00006173
    25.5000000        0.00280478        0.00006303
    25.6000000        0.00292856        0.00005483
    25.7000000        0.00307841        0.00005502
    25.8000000        0.00321735        0.00005649
    25.9000000        0.00335059        0.00005965
    26.0000000        0.00346954        0.00006397
    26.1000000        0.00362015        0.00005704
    26.2000000        0.00376448        0.00006079
    26.3000000        0.00393310        0.00005488
    26.4000000        0.00408165        0.00005187
    26.5000000        0.00422612        0.00005788
    26.6000000        0.00437971        0.00005701
    26.7000000        0.00453810        0.00005941
    26.8000000        0.00471355        0.00005352
    26.9000000        0.00489125        0.00006299
    27.0000000        0.00507553        0.00006826
    27.1000000        0.00525949        0.00006592
    27.2000000        0.00543774        0.00007211
    27.3000000        0.00561173        0.00007209
    27.4000000        0.00577384        0.00006885
    27.5000000        0.00594870        0.00006543
    27.6000000        0.00615076        0.00006693
    27.7000000        0.00635409        0.00006871
    27.8000000        0.00651514        0.00007272
    27.9000000        0.00670920        0.00007419
    28.0000000        0.00690911        0.00007390
    28.1000000        0.00712489        0.00008037
    28.2000000        0.00734276        0.00008128
    28.3000000        0.00754526        0.00008566
    28.4000000        0.00774325        0.00007453
    28.5000000        0.00795937        0.00008187
    28.6000000        0.00816358        0.00007882
    28.7000000        0.00837992        0.00007594
    28.8000000        0.00856456        0.00007627
    28.9000000        0.00876669        0.00006852
    29.0000000        0.00902989        0.00006718
    29.1000000        0.00922931        0.00006874
    29.2000000        0.00944915        0.00007680
    29.3000000        0.00969090        0.00007884
    29.4000000        0.00993578        0.00008458
    29.5000000        0.01016018        0.00008272
    29.6000000        0.01039566        0.00008526
    29.7000000        0.01064732        0.00007487
    29.8000000        0.01092193        0.00007600
    29.9000000        0.01117747        0.00007983
    30.0000000        0.01144138        0.00008098
    30.1000000        0.01168004        0.00008052
    30.2000000        0.01194353        0.00008094
    30.3000000        0.01219270        0.00008332
    30.4000000        0.01246480        0.00007570
    30.5000000        0.01271952        0.00007190
    30.6000000        0.01298486        0.00007666
    30.7000000        0.01325696        0.00007755
    30.8000000        0.01352372        0.00007679
    30.9000000        0.01382094        0.00007825
    31.0000000        0.01410159        0.00008063
    31.1000000        0.01441720        0.00008540
    31.2000000        0.01469021        0.00008310
    31.3000000        0.01495341        0.00008398
    31.4000000        0.01523251        0.00008486
    31.5000000        0.01554412        0.00007702
    31.6000000        0.01583536        0.00007396
    31.7000000        0.01615771        0.00007231
    31.8000000        0.01645784        0.00007283
    31.9000000        0.01679810        0.00007488
    32.0000000        0.01713144        0.00007053
    32.1000000        0.01748403        0.00007302
    32.2000000        0.01781324        0.00007641
    32.3000000        0.01816658        0.00008061
    32.4000000        0.01851353        0.00008135
    32.5000000        0.01884591        0.00007020
    32.6000000        0.01920007        0.00007391
    32.7000000        0.01955829        0.00007104
    32.8000000        0.01991199        0.00005787
    32.9000000        0.02029955        0.00006415
    33.0000000        0.02070813        0.00007198
    33.1000000        0.02111329        0.00007622
    33.2000000        0.02151185        0.00007840
    33.3000000        0.02190216        0.00007452
    33.4000000        0.02232541        0.00007039
    33.5000000        0.02273308        0.00007057
    33.6000000        0.02318862        0.00007002
    33.7000000        0.02363206        0.00007325
    33.8000000        0.02409437        0.00008445
    33.9000000        0.02453614        0.00008451
    34.0000000        0.02502839        0.00008964
    34.1000000        0.02550354        0.00007989
    34.2000000        0.02599591        0.00008740
    34.3000000        0.02652911        0.00008145
    34.4000000        0.02706299        0.00008780
    34.5000000        0.02762901        0.00009307
    34.6000000        0.02818537        0.00008403
    34.7000000        0.02883833        0.00008765
    34.8000000        0.02947244        0.00008296
    34.9000000        0.03012972        0.00009158
    35.0000000        0.03082646        0.00009274
    35.1000000        0.03153160        0.00009116
    35.2000000        0.03228046        0.00009221
    35.3000000        0.03309626        0.00009644
    35.4000000        0.03393046        0.00009238
    35.5000000        0.03482996        0.00010669
    35.6000000        0.03577156        0.00011290
    35.7000000        0.03675074        0.00011238
    35.8000000        0.03780609        0.00011627
    35.9000000        0.03891635        0.00011665
    36.0000000        0.04008904        0.00011190
    36.1000000        0.04139645        0.00011800
    36.2000000        0.04276890        0.00011696
    36.3000000        0.04426125        0.00011865
    36.4000000        0.04586388        0.00011833
    36.5000000        0.04759282        0.00011789
    36.6000000        0.04947364        0.00012033
    36.7000000        0.05147719        0.00012318
    36.8000000        0.05370350        0.00011431
    36.9000000        0.05608232        0.00010881
    37.0000000        0.05875141        0.00010022
    37.1000000        0.06162623        0.00009898
    37.2000000        0.06477449        0.00009673
    37.3000000        0.06824615        0.00010256
    37.4000000        0.07210104        0.00010929
    37.5000000        0.07633618        0.00011512
    37.6000000        0.08100920        0.00011561
    37.7000000        0.08619113        0.00012093
    37.8000000        0.09198604        0.00010615
    37.9000000        0.09841246        0.00011518
    38.0000000        0.10566364        0.00011846
    38.1000000        0.11372924        0.00012925
    38.2000000        0.12281950        0.00012357
    38.3000000        0.13308443        0.00012068
    38.4000000        0.14456606        0.00011511
    38.5000000        0.15764716        0.00009369
    38.6000000        0.17250722        0.00011148
    38.7000000        0.18949549        0.00010930
    38.8000000        0.20901445        0.00011611
    38.9000000        0.23137683        0.00012365
    39.0000000        0.25721234        0.00010815
    39.1000000        0.28721764        0.00011997
    39.2000000        0.32225982        0.00012536
    39.3000000        0.36325009        0.00015127
    39.4000000        0.41164652        0.00014238
    39.5000000        0.46913520        0.00012270
    39.6000000        0.53777377        0.00010876
    39.7000000        0.62073844        0.00011583
    39.8000000        0.72170038        0.00010388
    39.9000000        0.84564434        0.00011208
    40.0000000        1.00000000        0.00000000
