     0.0000000        0.51791715        0.02264412
     0.1000000        0.32804445        0.02045266
     0.2000000        0.21247507        0.01870154
     0.3000000        0.14296262        0.01566131
     0.4000000        0.09662577        0.01301191
     0.5000000        0.06746136        0.01297629
     0.6000000        0.04552971        0.01260812
     0.7000000        0.03097550        0.01185474
     0.8000000        0.02358786        0.01154687
     0.9000000        0.01707221        0.01031119
     1.0000000        0.01501621        0.00927383
     1.1000000        0.01316998        0.01186447
     1.2000000        0.01236620        0.01272017
     1.3000000        0.00998032        0.01222945
     1.4000000        0.00707192        0.01091871
     1.5000000        0.00814501        0.01127000
     1.6000000        0.00880899        0.01177998
     1.7000000        0.00548772        0.01243137
     1.8000000        0.00301434        0.01419832
     1.9000000        0.00552208        0.01415591
     2.0000000        0.00753570        0.01404686
     2.1000000        0.01062508        0.01470413
     2.2000000        0.01108792        0.01386316
     2.3000000        0.01546432        0.01173998
     2.4000000        0.01480911        0.01046437
     2.5000000        0.01526263        0.00891311
     2.6000000        0.01260438        0.00748405
     2.7000000        0.01076395        0.00556413
     2.8000000        0.01145278        0.00315971
     2.9000000        0.00883440        0.00132507
     3.0000000        0.00868324        0.00256954
     3.1000000        0.00824587        0.00481340
     3.2000000        0.01048870        0.00617988
     3.3000000        0.00955178        0.00890733
     3.4000000        0.00823469        0.01051183
     3.5000000        0.00616676        0.00893943
     3.6000000        0.00223322        0.00857892
     3.7000000        0.00134806        0.00856574
     3.8000000       -0.00021614        0.00840945
     3.9000000       -0.00100828        0.00768417
     4.0000000       -0.00444647        0.00664218
     4.1000000       -0.00764269        0.00403478
     4.2000000       -0.00904954        0.00393336
     4.3000000       -0.01303290        0.00374073
     4.4000000       -0.01550001        0.00273772
     4.5000000       -0.01698387        0.00293529
     4.6000000       -0.01804895        0.00359185
     4.7000000       -0.01821765        0.00387656
     4.8000000       -0.01530784        0.00585078
     4.9000000       -0.01175465        0.00677999
     5.0000000       -0.00816714        0.00707950
     5.1000000       -0.00371790        0.00640521
     5.2000000       -0.00151632        0.00515032
     5.3000000        0.00194592        0.00486823
     5.4000000        0.00712828        0.00372860
     5.5000000        0.00891738        0.00300403
     5.6000000        0.01076753        0.00411981
     5.7000000        0.00963488        0.00497950
     5.8000000        0.01171519        0.00709424
     5.9000000        0.01425935        0.00811473
     6.0000000        0.01890472        0.00638761
     6.1000000        0.01989034        0.00555198
     6.2000000        0.01601772        0.00388168
     6.3000000        0.00870636        0.00417912
     6.4000000        0.00526389        0.00377992
     6.5000000        0.00306676        0.00435228
     6.6000000        0.00413881        0.00523920
     6.7000000        0.00582895        0.00487534
     6.8000000        0.00672484        0.00499665
     6.9000000        0.00512382        0.00422711
     7.0000000        0.00487667        0.00564627
     7.1000000        0.00499506        0.00664120
     7.2000000        0.00441420        0.00741970
     7.3000000        0.00242807        0.00805201
     7.4000000        0.00069338        0.00819943
     7.5000000       -0.00193235        0.00909561
     7.6000000       -0.00244552        0.01028716
     7.7000000       -0.00135403        0.01102537
     7.8000000        0.00254270        0.01077448
     7.9000000        0.00406989        0.01008268
     8.0000000        0.00451340        0.00937438
     8.1000000        0.00701397        0.00903824
     8.2000000        0.00966198        0.00896166
     8.3000000        0.01175721        0.00811686
     8.4000000        0.01111463        0.00903003
     8.5000000        0.00970836        0.01069195
     8.6000000        0.00951220        0.01167124
     8.7000000        0.01008522        0.01186927
     8.8000000        0.01117015        0.01071593
     8.9000000        0.01484366        0.01064805
     9.0000000        0.02117149        0.01084846
     9.1000000        0.02549664        0.01234969
     9.2000000        0.02867997        0.01384589
     9.3000000        0.03489370        0.01472815
     9.4000000        0.04787113        0.01596230
     9.5000000        0.06712834        0.01886010
     9.6000000        0.09430651        0.02129154
     9.7000000        0.13680203        0.02414544
     9.8000000        0.20713866        0.02512818
     9.9000000        0.32310071        0.02433510
    10.0000000        0.51791715        0.02264412
