     0.0000000        1.00000000        0.00000000
     0.1000000        0.88095244        0.00236161
     0.2000000        0.78554689        0.00262292
     0.3000000        0.70670640        0.00326936
     0.4000000        0.64171224        0.00374111
     0.5000000        0.58727415        0.00354582
     0.6000000        0.53986351        0.00340589
     0.7000000        0.50002636        0.00325966
     0.8000000        0.46252457        0.00319534
     0.9000000        0.43110503        0.00371032
     1.0000000        0.40164243        0.00343890
     1.1000000        0.37553522        0.00464318
     1.2000000        0.35374379        0.00475086
     1.3000000        0.33147129        0.00543026
     1.4000000        0.31070365        0.00566275
     1.5000000        0.29431646        0.00594391
     1.6000000        0.28258253        0.00544654
     1.7000000        0.26867029        0.00608166
     1.8000000        0.25976150        0.00609283
     1.9000000        0.24830246        0.00603128
     2.0000000        0.23728231        0.00745643
     2.1000000        0.23233822        0.00723815
     2.2000000        0.22721761        0.00742630
     2.3000000        0.22441779        0.00725616
     2.4000000        0.22309260        0.00686532
     2.5000000        0.22102207        0.00660452
     2.6000000        0.22173774        0.00625552
     2.7000000        0.22199578        0.00621761
     2.8000000        0.22746552        0.00676337
     2.9000000        0.23295041        0.00612637
     3.0000000        0.23867832        0.00682929
     3.1000000        0.25480383        0.00795274
     3.2000000        0.26465269        0.00781916
     3.3000000        0.27329137        0.00716226
     3.4000000        0.28931331        0.00834004
     3.5000000        0.29874216        0.00768430
     3.6000000        0.31453719        0.00686815
     3.7000000        0.33690913        0.00779716
     3.8000000        0.35805661        0.00736707
     3.9000000        0.38223735        0.00817860
     4.0000000        0.41139530        0.01086634
     4.1000000        0.43835468        0.00868031
     4.2000000        0.46967356        0.00888873
     4.3000000        0.50243755        0.00721384
     4.4000000        0.54360222        0.00650020
     4.5000000        0.59172409        0.00459886
     4.6000000        0.64732687        0.00390971
     4.7000000        0.70937085        0.00331597
     4.8000000        0.78477406        0.00265935
     4.9000000        0.88046809        0.00197804
     5.0000000        1.00000000        0.00000006
