     0.0000000        1.84971495        0.00682549
     0.1000000        1.44710220        0.00537016
     0.2000000        1.14151781        0.00562410
     0.3000000        0.90188303        0.00542500
     0.4000000        0.71974615        0.00585583
     0.5000000        0.57764916        0.00468362
     0.6000000        0.46666729        0.00402067
     0.7000000        0.37381995        0.00392032
     0.8000000        0.30534608        0.00351471
     0.9000000        0.23949264        0.00379672
     1.0000000        0.19208449        0.00419320
     1.1000000        0.15663322        0.00376716
     1.2000000        0.12727657        0.00411867
     1.3000000        0.10464622        0.00425154
     1.4000000        0.08617861        0.00396294
     1.5000000        0.07151685        0.00391310
     1.6000000        0.05885550        0.00269211
     1.7000000        0.04857713        0.00269535
     1.8000000        0.03961821        0.00272100
     1.9000000        0.03027729        0.00414940
     2.0000000        0.02425956        0.00389120
     2.1000000        0.01961303        0.00224909
     2.2000000        0.01605152        0.00183066
     2.3000000        0.01173790        0.00258134
     2.4000000        0.01275692        0.00234209
     2.5000000        0.00905548        0.00345993
     2.6000000        0.00833398        0.00265712
     2.7000000        0.00810318        0.00279472
     2.8000000        0.01041289        0.00361916
     2.9000000        0.00740079        0.00272962
     3.0000000        0.00543711        0.00255362
     3.1000000        0.00512520        0.00276632
     3.2000000        0.00517692        0.00225759
     3.3000000        0.00250576        0.00255773
     3.4000000        0.00247881        0.00270036
     3.5000000        0.00302979        0.00181182
     3.6000000        0.00098900        0.00254746
     3.7000000       -0.00052929        0.00229107
     3.8000000       -0.00095204        0.00171601
     3.9000000       -0.00214520        0.00149434
     4.0000000       -0.00040666        0.00217889
     4.1000000        0.00057988        0.00233279
     4.2000000        0.00038694        0.00200262
     4.3000000       -0.00017477        0.00122724
     4.4000000        0.00160266        0.00172975
     4.5000000        0.00340591        0.00188383
     4.6000000        0.00374037        0.00251561
     4.7000000        0.00350884        0.00316272
     4.8000000        0.00319318        0.00346106
     4.9000000        0.00009755        0.00523365
     5.0000000        0.00137540        0.00372010
     5.1000000        0.00360795        0.00207429
     5.2000000        0.00100241        0.00387501
     5.3000000        0.00144965        0.00147760
     5.4000000       -0.00135643        0.00163147
     5.5000000       -0.00178114        0.00201077
     5.6000000       -0.00274318        0.00309562
     5.7000000       -0.00553216        0.00552383
     5.8000000       -0.00401977        0.00286118
     5.9000000       -0.00161510        0.00195640
     6.0000000        0.00036126        0.00283112
     6.1000000       -0.00036340        0.00213090
     6.2000000       -0.00040713        0.00239451
     6.3000000       -0.00190246        0.00150990
     6.4000000       -0.00245946        0.00211769
     6.5000000       -0.00357471        0.00228015
     6.6000000       -0.00550693        0.00216119
     6.7000000       -0.00033697        0.00223667
     6.8000000       -0.00343955        0.00220368
     6.9000000       -0.00464040        0.00193243
     7.0000000       -0.00051040        0.00193082
     7.1000000        0.00213679        0.00152524
     7.2000000        0.00472211        0.00193092
     7.3000000        0.00200541        0.00358909
     7.4000000        0.00172048        0.00290496
     7.5000000        0.00196005        0.00308172
     7.6000000        0.00046447        0.00276274
     7.7000000        0.00122323        0.00240218
     7.8000000        0.00304607        0.00252204
     7.9000000        0.00528173        0.00213842
     8.0000000        0.00645772        0.00319525
     8.1000000        0.00148792        0.00243779
     8.2000000       -0.00344236        0.00318786
     8.3000000       -0.00127396        0.00331019
     8.4000000        0.00155840        0.00285511
     8.5000000       -0.00029595        0.00297541
     8.6000000       -0.00094958        0.00234487
     8.7000000        0.00194344        0.00377720
     8.8000000        0.00420914        0.00330281
     8.9000000        0.00389355        0.00335102
     9.0000000        0.00969566        0.00397280
     9.1000000        0.01400308        0.00601908
     9.2000000        0.01562091        0.00547679
     9.3000000        0.01727461        0.00445144
     9.4000000        0.01851881        0.00514517
     9.5000000        0.02585018        0.00498345
     9.6000000        0.03608241        0.00543625
     9.7000000        0.04915039        0.00568861
     9.8000000        0.07118197        0.00697229
     9.9000000        0.10064409        0.00735841
    10.0000000        0.15028505        0.00682549
