     0.0000000        0.27338238        0.00811348
     0.1000000        0.09391152        0.00602032
     0.2000000        0.03453491        0.00711634
     0.3000000        0.01287212        0.00840486
     0.4000000        0.00555336        0.00858104
     0.5000000        0.00352527        0.00828512
     0.6000000        0.00311939        0.00704074
     0.7000000        0.00070154        0.00482157
     0.8000000        0.00327282        0.00289948
     0.9000000        0.00493198        0.00332427
     1.0000000       -0.00145560        0.00323969
     1.1000000       -0.00417055        0.00262102
     1.2000000       -0.00405801        0.00275160
     1.3000000       -0.00328110        0.00299815
     1.4000000        0.00066360        0.00438682
     1.5000000        0.00049584        0.00535782
     1.6000000        0.00242167        0.00332815
     1.7000000       -0.00092658        0.00530397
     1.8000000       -0.00037760        0.00671328
     1.9000000       -0.00043354        0.00533538
     2.0000000        0.00035955        0.00540216
     2.1000000       -0.00344469        0.00795658
     2.2000000       -0.00037378        0.00502169
     2.3000000       -0.00413073        0.00175918
     2.4000000       -0.00332775        0.00277814
     2.5000000       -0.00198228        0.00359182
     2.6000000       -0.00086148        0.00431594
     2.7000000       -0.00097544        0.00482807
     2.8000000       -0.00376973        0.00284456
     2.9000000       -0.00220202        0.00458712
     3.0000000       -0.00325788        0.00375668
     3.1000000       -0.00307102        0.00308960
     3.2000000       -0.00062452        0.00446379
     3.3000000        0.00062984        0.00708446
     3.4000000        0.00244947        0.00472904
     3.5000000        0.00383332        0.00294935
     3.6000000        0.00061059        0.00491950
     3.7000000       -0.00336048        0.00554865
     3.8000000        0.00044607        0.00636739
     3.9000000       -0.00249239        0.00626363
     4.0000000       -0.00609906        0.00459923
     4.1000000       -0.00289040        0.00569898
     4.2000000       -0.00069968        0.00775056
     4.3000000       -0.00310088        0.00665506
     4.4000000       -0.00480275        0.00641715
     4.5000000       -0.00622050        0.00505822
     4.6000000       -0.00259635        0.00278297
     4.7000000       -0.00197861        0.00282155
     4.8000000       -0.00201203        0.00376954
     4.9000000       -0.00329727        0.00707802
     5.0000000       -0.00101853        0.00503769
     5.1000000       -0.00148907        0.00235079
     5.2000000       -0.00050550        0.00111689
     5.3000000        0.00166056        0.00165760
     5.4000000        0.00350645        0.00460480
     5.5000000        0.00135664        0.00568944
     5.6000000        0.00169758        0.00634105
     5.7000000       -0.00063733        0.00459264
     5.8000000       -0.00240242        0.00236238
     5.9000000       -0.00274044        0.00361978
     6.0000000       -0.00249777        0.00353292
     6.1000000        0.00286487        0.00517237
     6.2000000        0.00235451        0.00767743
     6.3000000       -0.00051313        0.00645571
     6.4000000        0.00038900        0.00336991
     6.5000000        0.00373386        0.00374563
     6.6000000        0.00297873        0.00367472
     6.7000000       -0.00368214        0.00091341
     6.8000000       -0.00659350        0.00358464
     6.9000000       -0.00797694        0.00436168
     7.0000000       -0.00721648        0.00518145
     7.1000000       -0.00847965        0.00553250
     7.2000000       -0.00654094        0.00357035
     7.3000000       -0.00635762        0.00545664
     7.4000000       -0.00314608        0.00541972
     7.5000000        0.00143199        0.00224563
     7.6000000        0.00546539        0.00049604
     7.7000000        0.00492713        0.00278671
     7.8000000       -0.00152987        0.00376337
     7.9000000       -0.00368338        0.00474665
     8.0000000       -0.00413346        0.00347244
     8.1000000       -0.00401740        0.00087267
     8.2000000       -0.00430457        0.00220224
     8.3000000        0.00039645        0.00015552
     8.4000000       -0.00074827        0.00209598
     8.5000000       -0.00208515        0.00257893
     8.6000000        0.00009744        0.00166185
     8.7000000        0.00327132        0.00213800
     8.8000000        0.00322838        0.00229998
     8.9000000       -0.00246785        0.00150872
     9.0000000       -0.00561195        0.00232124
     9.1000000       -0.00717300        0.00322614
     9.2000000       -0.00441741        0.00495280
     9.3000000        0.00056106        0.00482153
     9.4000000        0.00165540        0.00788341
     9.5000000       -0.00102374        0.00733571
     9.6000000        0.00195850        0.00677818
     9.7000000        0.00558970        0.00235775
     9.8000000        0.02999753        0.00140661
     9.9000000        0.09918738        0.00540275
    10.0000000        0.27338238        0.00811348
