     0.0000000        0.03754824        0.02129388
     0.0500000        0.02966634        0.01983259
     0.1000000        0.02591851        0.01749144
     0.1500000        0.01572543        0.01770943
     0.2000000        0.00673124        0.02029582
     0.2500000       -0.00019812        0.01907596
     0.3000000       -0.00704642        0.01798198
     0.3500000       -0.01533294        0.01533612
     0.4000000       -0.01489873        0.01463489
     0.4500000       -0.01938682        0.01456460
     0.5000000       -0.02259180        0.01480078
     0.5500000       -0.02485134        0.01659924
     0.6000000       -0.02645785        0.01537343
     0.6500000       -0.02774943        0.01650262
     0.7000000       -0.02424379        0.01643569
     0.7500000       -0.02634894        0.01625567
     0.8000000       -0.02621396        0.01555554
     0.8500000       -0.02427605        0.01367773
     0.9000000       -0.02030489        0.01097168
     0.9500000       -0.00944295        0.01004508
     1.0000000       -0.00101141        0.00871934
     1.0500000       -0.00264970        0.00862018
     1.1000000       -0.00576047        0.00705425
     1.1500000       -0.00362308        0.00970504
     1.2000000        0.00114586        0.01396008
     1.2500000        0.00185916        0.01458840
     1.3000000        0.00738807        0.01277644
     1.3500000        0.01083042        0.01060928
     1.4000000        0.00857068        0.00975337
     1.4500000        0.00873379        0.00908721
     1.5000000        0.00953167        0.00998560
     1.5500000        0.01170838        0.00963527
     1.6000000        0.01069231        0.00983741
     1.6500000        0.01137415        0.01070993
     1.7000000        0.01177110        0.01017033
     1.7500000        0.01059335        0.00892626
     1.8000000        0.01450565        0.00875074
     1.8500000        0.01448564        0.01100315
     1.9000000        0.01289230        0.01202112
     1.9500000        0.01056321        0.01010539
     2.0000000        0.01224704        0.00937352
     2.0500000        0.01414538        0.00782670
     2.1000000        0.01521595        0.00791053
     2.1500000        0.01559344        0.00757716
     2.2000000        0.01779950        0.00739139
     2.2500000        0.01749892        0.00733280
     2.3000000        0.02057895        0.00754467
     2.3500000        0.01968349        0.00630463
     2.4000000        0.02323200        0.00569013
     2.4500000        0.02298593        0.00556689
     2.5000000        0.01855915        0.00560793
     2.5500000        0.01655431        0.00655898
     2.6000000        0.01737488        0.00637516
     2.6500000        0.01371722        0.00623104
     2.7000000        0.01057344        0.00732280
     2.7500000        0.00230384        0.00834064
     2.8000000        0.00153333        0.00788334
     2.8500000       -0.00106482        0.00817367
     2.9000000       -0.00373529        0.00864880
     2.9500000       -0.00144552        0.00855342
     3.0000000        0.00186513        0.00751702
     3.0500000       -0.00040294        0.00748646
     3.1000000       -0.00314458        0.00794396
     3.1500000       -0.00313195        0.00816526
     3.2000000       -0.00010225        0.00828662
     3.2500000        0.00294825        0.00847550
     3.3000000        0.00015480        0.00743749
     3.3500000        0.00322517        0.00762207
     3.4000000       -0.00031687        0.00815427
     3.4500000       -0.00197214        0.00849418
     3.5000000       -0.00270091        0.00908890
     3.5500000       -0.00503739        0.00878647
     3.6000000        0.00104614        0.00783934
     3.6500000        0.00570804        0.00680205
     3.7000000        0.00746510        0.00767786
     3.7500000        0.00683388        0.00772430
     3.8000000        0.01015254        0.00755673
     3.8500000        0.00805849        0.00646963
     3.9000000        0.00285324        0.00590466
     3.9500000        0.00734263        0.00768300
     4.0000000        0.00931789        0.00802740
     4.0500000        0.01143403        0.00826624
     4.1000000        0.01158836        0.00789194
     4.1500000        0.01179014        0.00738251
     4.2000000        0.01146937        0.00747230
     4.2500000        0.01481572        0.00682025
     4.3000000        0.01248330        0.00620885
     4.3500000        0.01433583        0.00593693
     4.4000000        0.01555466        0.00645219
     4.4500000        0.01328952        0.00711356
     4.5000000        0.00816888        0.00727710
     4.5500000        0.00353641        0.00672954
     4.6000000       -0.00081369        0.00562237
     4.6500000       -0.00035619        0.00632869
     4.7000000       -0.00240662        0.00644062
     4.7500000       -0.00469523        0.00678910
     4.8000000       -0.00202474        0.00735621
     4.8500000       -0.00169150        0.00641307
     4.9000000        0.00106146        0.00638551
     4.9500000       -0.00014972        0.00700859
     5.0000000        0.00271591        0.00745491
     5.0500000        0.00543641        0.00784676
     5.1000000        0.00752852        0.00762727
     5.1500000        0.00614973        0.00734373
     5.2000000        0.00583794        0.00985954
     5.2500000        0.00850068        0.01056385
     5.3000000        0.00774973        0.00980196
     5.3500000        0.00398490        0.01036112
     5.4000000        0.00499343        0.00870715
     5.4500000        0.00220042        0.00818904
     5.5000000        0.00340800        0.00927773
     5.5500000        0.00450693        0.00856027
     5.6000000        0.00364350        0.00902734
     5.6500000        0.00433396        0.00887842
     5.7000000        0.00480199        0.00779962
     5.7500000        0.00370325        0.00715365
     5.8000000        0.00236200        0.00548853
     5.8500000        0.00144579        0.00498333
     5.9000000       -0.00043831        0.00409053
     5.9500000       -0.00068305        0.00416117
     6.0000000       -0.00358622        0.00463691
     6.0500000       -0.00243341        0.00521749
     6.1000000        0.00033043        0.00576442
     6.1500000        0.00193684        0.00612629
     6.2000000        0.00363864        0.00576650
     6.2500000        0.00443671        0.00538955
     6.3000000        0.00325030        0.00505223
     6.3500000        0.00271735        0.00523289
     6.4000000        0.00305216        0.00437564
     6.4500000        0.00400762        0.00369982
     6.5000000        0.00540320        0.00356579
     6.5500000        0.00613863        0.00338405
     6.6000000        0.00465386        0.00420166
     6.6500000        0.00484832        0.00402819
     6.7000000        0.00495908        0.00436741
     6.7500000        0.00372131        0.00508715
     6.8000000        0.00275405        0.00609078
     6.8500000        0.00107047        0.00602103
     6.9000000       -0.00204064        0.00648293
     6.9500000       -0.00110990        0.00761710
     7.0000000        0.00038956        0.00860720
     7.0500000        0.00060316        0.00842158
     7.1000000       -0.00029974        0.01036180
     7.1500000       -0.00068469        0.00973948
     7.2000000       -0.00312888        0.00873902
     7.2500000       -0.00441222        0.00855120
     7.3000000       -0.00387285        0.00681862
     7.3500000       -0.00437774        0.00690549
     7.4000000       -0.00460048        0.00699767
     7.4500000       -0.00410924        0.00744028
     7.5000000       -0.00362589        0.00753086
     7.5500000       -0.00037656        0.00714205
     7.6000000        0.00063989        0.00642946
     7.6500000       -0.00075358        0.00677287
     7.7000000       -0.00070203        0.00748613
     7.7500000        0.00265379        0.00750609
     7.8000000        0.00326801        0.00767801
     7.8500000        0.00748818        0.00803229
     7.9000000        0.00657474        0.00758587
     7.9500000        0.00555187        0.00710686
     8.0000000        0.00509370        0.00740424
     8.0500000        0.00577944        0.00684669
     8.1000000        0.00605485        0.00730759
     8.1500000        0.00523525        0.00732187
     8.2000000        0.00475678        0.00679751
     8.2500000        0.00686287        0.00611904
     8.3000000        0.00757562        0.00641242
     8.3500000        0.00966479        0.00703195
     8.4000000        0.00875766        0.00852004
     8.4500000        0.00906840        0.00913743
     8.5000000        0.00485621        0.00872980
     8.5500000        0.00086745        0.00908739
     8.6000000       -0.00501492        0.00796697
     8.6500000       -0.00843528        0.00733565
     8.7000000       -0.01089463        0.00800330
     8.7500000       -0.01058180        0.00711270
     8.8000000       -0.01138776        0.00453711
     8.8500000       -0.01046352        0.00447732
     8.9000000       -0.01213170        0.00438129
     8.9500000       -0.01286061        0.00454313
     9.0000000       -0.01209233        0.00521149
     9.0500000       -0.00800106        0.00633984
     9.1000000       -0.00611746        0.00714382
     9.1500000       -0.00514904        0.00722091
     9.2000000       -0.00476662        0.00821118
     9.2500000       -0.00280201        0.00799202
     9.3000000       -0.00061289        0.00806861
     9.3500000       -0.00159149        0.00880436
     9.4000000       -0.00469247        0.00884224
     9.4500000       -0.00595910        0.00860639
     9.5000000       -0.00631244        0.00851751
     9.5500000       -0.00595401        0.00765601
     9.6000000       -0.00348135        0.00765647
     9.6500000       -0.00234006        0.00720213
     9.7000000       -0.00355442        0.00698398
     9.7500000       -0.00543492        0.00698495
     9.8000000       -0.00630272        0.00776206
     9.8500000       -0.00663885        0.00815473
     9.9000000       -0.00686340        0.00850377
     9.9500000       -0.00542983        0.00936418
    10.0000000       -0.00322165        0.00928373
    10.0500000        0.00307058        0.00831476
    10.1000000        0.00858607        0.00835546
    10.1500000        0.00827758        0.00883544
    10.2000000        0.00746520        0.00916995
    10.2500000        0.00563272        0.00825228
    10.3000000        0.00547729        0.00883713
    10.3500000        0.00904526        0.00826138
    10.4000000        0.00965333        0.00844892
    10.4500000        0.00901318        0.00859612
    10.5000000        0.00843656        0.00928243
    10.5500000        0.00625875        0.00939419
    10.6000000        0.00822667        0.00950251
    10.6500000        0.00624197        0.00841061
    10.7000000        0.00521483        0.00722854
    10.7500000        0.00461673        0.00544524
    10.8000000        0.00250269        0.00548441
    10.8500000        0.00190416        0.00513123
    10.9000000        0.00434299        0.00475691
    10.9500000        0.00639179        0.00482827
    11.0000000        0.00464299        0.00503921
    11.0500000       -0.00035462        0.00650608
    11.1000000       -0.00001097        0.00719996
    11.1500000       -0.00121325        0.00784500
    11.2000000        0.00210333        0.00681139
    11.2500000        0.00375467        0.00644799
    11.3000000        0.00518209        0.00600234
    11.3500000        0.00782420        0.00591002
    11.4000000        0.00667509        0.00657042
    11.4500000        0.00624013        0.00576997
    11.5000000        0.00479010        0.00576478
    11.5500000        0.00376995        0.00578413
    11.6000000        0.00086218        0.00508737
    11.6500000       -0.00346796        0.00539355
    11.7000000       -0.00469123        0.00427117
    11.7500000       -0.00612016        0.00336518
    11.8000000       -0.00469610        0.00362000
    11.8500000       -0.00727973        0.00404810
    11.9000000       -0.00637408        0.00525656
    11.9500000       -0.00533060        0.00573217
    12.0000000       -0.00391460        0.00712700
    12.0500000       -0.00249155        0.00771304
    12.1000000       -0.00183666        0.00743670
    12.1500000       -0.00244896        0.00633454
    12.2000000       -0.00024654        0.00478457
    12.2500000       -0.00039479        0.00517817
    12.3000000       -0.00059334        0.00517289
    12.3500000        0.00039894        0.00499893
    12.4000000        0.00018163        0.00474233
    12.4500000       -0.00130196        0.00371584
    12.5000000       -0.00104694        0.00482912
    12.5500000        0.00247509        0.00571331
    12.6000000        0.00707393        0.00475025
    12.6500000        0.00884091        0.00447083
    12.7000000        0.01006010        0.00397967
    12.7500000        0.00939370        0.00490303
    12.8000000        0.00807609        0.00569972
    12.8500000        0.00772211        0.00582449
    12.9000000        0.00794492        0.00658988
    12.9500000       -0.00037364        0.00811180
    13.0000000       -0.00207434        0.00823214
    13.0500000       -0.00185681        0.00802408
    13.1000000        0.00304543        0.00882391
    13.1500000        0.00466537        0.00993731
    13.2000000        0.00467864        0.01212187
    13.2500000        0.00599288        0.01327349
    13.3000000        0.00804198        0.01280194
    13.3500000        0.00787217        0.01200061
    13.4000000        0.00931769        0.01083141
    13.4500000        0.00799349        0.00792358
    13.5000000        0.00557965        0.00754466
    13.5500000        0.00442178        0.00702680
    13.6000000        0.00390944        0.00690689
    13.6500000        0.00421969        0.00657708
    13.7000000        0.00558188        0.00718735
    13.7500000        0.00336180        0.00701567
    13.8000000        0.00225558        0.00754438
    13.8500000        0.00063309        0.00790791
    13.9000000       -0.00176963        0.00797819
    13.9500000       -0.00521528        0.00862081
    14.0000000       -0.00191892        0.00917365
    14.0500000       -0.00147688        0.00904085
    14.1000000       -0.00160524        0.00824761
    14.1500000       -0.00026410        0.00818368
    14.2000000        0.00239678        0.00710120
    14.2500000        0.00393345        0.00735147
    14.3000000        0.00349299        0.00746385
    14.3500000        0.00369086        0.00759881
    14.4000000        0.00448025        0.00706916
    14.4500000        0.00772432        0.00775788
    14.5000000        0.00510180        0.00709889
    14.5500000        0.00692046        0.00915391
    14.6000000        0.00630292        0.00954903
    14.6500000        0.00654261        0.00742196
    14.7000000        0.00998454        0.00805406
    14.7500000        0.01068422        0.00708227
    14.8000000        0.01119953        0.00679944
    14.8500000        0.00719705        0.00668791
    14.9000000        0.00761077        0.00662568
    14.9500000        0.00668092        0.00644021
    15.0000000        0.01102129        0.00718875
    15.0500000        0.01094878        0.00720857
    15.1000000        0.00796810        0.00667337
    15.1500000        0.00655861        0.00593810
    15.2000000        0.00499553        0.00689475
    15.2500000        0.00272485        0.00709271
    15.3000000        0.00289993        0.00661569
    15.3500000        0.00117850        0.00670107
    15.4000000       -0.00237784        0.00613183
    15.4500000       -0.00671094        0.00586436
    15.5000000       -0.00689297        0.00405496
    15.5500000       -0.00620875        0.00435189
    15.6000000       -0.00615390        0.00404234
    15.6500000       -0.00433350        0.00397096
    15.7000000       -0.00531298        0.00456411
    15.7500000       -0.00222973        0.00494830
    15.8000000       -0.00407558        0.00793276
    15.8500000       -0.00430817        0.00902428
    15.9000000       -0.00520874        0.00988513
    15.9500000       -0.00466372        0.01010359
    16.0000000       -0.00073234        0.01027791
    16.0500000       -0.00192192        0.01111503
    16.1000000       -0.00441743        0.01089717
    16.1500000       -0.00374600        0.01092047
    16.2000000        0.00002020        0.01202774
    16.2500000        0.00208880        0.01206200
    16.3000000        0.00103807        0.01120638
    16.3500000       -0.00193484        0.01131461
    16.4000000       -0.00052138        0.01164881
    16.4500000       -0.00266869        0.01165779
    16.5000000       -0.00100006        0.01211143
    16.5500000        0.00024609        0.01278980
    16.6000000        0.00008086        0.01051329
    16.6500000       -0.00124264        0.01091971
    16.7000000       -0.00174896        0.01114089
    16.7500000       -0.00093984        0.00953758
    16.8000000       -0.00439219        0.00915516
    16.8500000       -0.00572278        0.00931709
    16.9000000       -0.00421576        0.00881240
    16.9500000       -0.00294312        0.00836576
    17.0000000       -0.00460219        0.00897693
    17.0500000       -0.00522620        0.00978097
    17.1000000       -0.00232181        0.01085052
    17.1500000       -0.00360883        0.01000629
    17.2000000       -0.00658246        0.01006954
    17.2500000       -0.00395590        0.01005720
    17.3000000       -0.00335113        0.00780222
    17.3500000       -0.00468401        0.00959856
    17.4000000       -0.00431145        0.01039791
    17.4500000       -0.00128342        0.00966028
    17.5000000        0.00212972        0.00856072
    17.5500000        0.00227867        0.00727938
    17.6000000        0.00612610        0.00705740
    17.6500000        0.00628339        0.00552376
    17.7000000        0.00846071        0.00526257
    17.7500000        0.00958951        0.00639507
    17.8000000        0.00650493        0.00627684
    17.8500000        0.01083189        0.00778480
    17.9000000        0.01364436        0.00850435
    17.9500000        0.01543886        0.00771735
    18.0000000        0.01919416        0.00965389
    18.0500000        0.01445367        0.01019832
    18.1000000        0.01462708        0.01016301
    18.1500000        0.01741551        0.01114463
    18.2000000        0.01929845        0.00906193
    18.2500000        0.02241958        0.00836437
    18.3000000        0.02333527        0.00909171
    18.3500000        0.02521758        0.00855634
    18.4000000        0.02751726        0.00966886
    18.4500000        0.02968977        0.01130244
    18.5000000        0.03503956        0.01339494
    18.5500000        0.03754469        0.01440172
    18.6000000        0.03779227        0.01424218
    18.6500000        0.04302290        0.01453268
    18.7000000        0.05029766        0.01556087
    18.7500000        0.05352446        0.01614888
    18.8000000        0.05512299        0.01917883
    18.8500000        0.06152699        0.01977560
    18.9000000        0.06604565        0.01957526
    18.9500000        0.06633027        0.01913935
    19.0000000        0.07170275        0.01754505
    19.0500000        0.07621378        0.01550831
    19.1000000        0.08202759        0.01448995
    19.1500000        0.09107729        0.01689489
    19.2000000        0.10863265        0.01690400
    19.2500000        0.12877150        0.01647668
    19.3000000        0.15020227        0.01532534
    19.3500000        0.17218167        0.01560579
    19.4000000        0.20051352        0.01258812
    19.4500000        0.23944829        0.01135235
    19.5000000        0.28881038        0.01143865
    19.5500000        0.34226814        0.01367746
    19.6000000        0.40783230        0.01463980
    19.6500000        0.48334078        0.01640173
    19.7000000        0.58321847        0.01720075
    19.7500000        0.70932450        0.01804700
    19.8000000        0.86300141        0.02126612
    19.8500000        1.05343887        0.02356775
    19.9000000        1.29255854        0.02315269
    19.9500000        1.58949342        0.02265250
    20.0000000        1.96245176        0.02129388
