     0.0000000        2.00000000        0.00000007
     0.1000000        1.58917817        0.00315952
     0.2000000        1.27361730        0.00406256
     0.3000000        1.02923221        0.00477214
     0.4000000        0.83545576        0.00261769
     0.5000000        0.68244458        0.00432682
     0.6000000        0.56399907        0.00298410
     0.7000000        0.46774039        0.00357222
     0.8000000        0.38558510        0.00580800
     0.9000000        0.31819713        0.00741333
     1.0000000        0.26571702        0.00636545
     1.1000000        0.22289299        0.00828470
     1.2000000        0.18247302        0.00663172
     1.3000000        0.15698972        0.00444186
     1.4000000        0.13253176        0.00467463
     1.5000000        0.11337146        0.00258355
     1.6000000        0.09347925        0.00232594
     1.7000000        0.07867940        0.00231464
     1.8000000        0.06773265        0.00254434
     1.9000000        0.05372700        0.00236463
     2.0000000        0.04518275        0.00370373
     2.1000000        0.03700480        0.00608722
     2.2000000        0.03470450        0.00364089
     2.3000000        0.03156105        0.00275502
     2.4000000        0.02542702        0.00288459
     2.5000000        0.02138332        0.00345849
     2.6000000        0.01406694        0.00193781
     2.7000000        0.01673325        0.00443523
     2.8000000        0.01487742        0.00366493
     2.9000000        0.01642584        0.00561995
     3.0000000        0.02010391        0.00329212
     3.1000000        0.01616131        0.00402328
     3.2000000        0.01151214        0.00422187
     3.3000000        0.00963968        0.00252574
     3.4000000        0.00449992        0.00466958
     3.5000000        0.00350857        0.00494463
     3.6000000        0.00682656        0.00407920
     3.7000000       -0.00000058        0.00480250
     3.8000000        0.00460016        0.00401002
     3.9000000        0.00208442        0.00269789
     4.0000000        0.00024073        0.00223438
     4.1000000        0.00064935        0.00360235
     4.2000000        0.00360413        0.00366076
     4.3000000        0.00344930        0.00460063
     4.4000000        0.00408129        0.00421437
     4.5000000       -0.00114487        0.00364499
     4.6000000       -0.00613336        0.00372301
     4.7000000       -0.00422017        0.00408466
     4.8000000       -0.00074337        0.00430225
     4.9000000       -0.00343624        0.00448784
     5.0000000        0.00035960        0.00412764
     5.1000000        0.00148816        0.00700086
     5.2000000       -0.00025192        0.00497032
     5.3000000       -0.00089297        0.00422917
     5.4000000       -0.00200789        0.00507749
     5.5000000       -0.00102879        0.00393858
     5.6000000       -0.00059374        0.00271846
     5.7000000        0.00083454        0.00401929
     5.8000000       -0.00373669        0.00422103
     5.9000000        0.00435616        0.00400105
     6.0000000        0.00618687        0.00294673
     6.1000000        0.00669734        0.00285110
     6.2000000        0.00553153        0.00427318
     6.3000000        0.00522011        0.00457320
     6.4000000        0.00545911        0.00381367
     6.5000000        0.00700096        0.00453526
     6.6000000        0.00766784        0.00488025
     6.7000000        0.01175192        0.00267373
     6.8000000        0.01084707        0.00314924
     6.9000000        0.00977212        0.00443746
     7.0000000        0.00964477        0.00456718
     7.1000000        0.01019144        0.00640807
     7.2000000        0.01167477        0.00413136
     7.3000000        0.01739744        0.00403548
     7.4000000        0.01954471        0.00435542
     7.5000000        0.02657286        0.00498565
     7.6000000        0.02650629        0.00250006
     7.7000000        0.03022267        0.00227574
     7.8000000        0.03787239        0.00488688
     7.9000000        0.03873397        0.00565649
     8.0000000        0.04563452        0.00256405
     8.1000000        0.05020770        0.00293960
     8.2000000        0.06337542        0.00635976
     8.3000000        0.07350748        0.00638521
     8.4000000        0.09397216        0.00329308
     8.5000000        0.11549990        0.00406795
     8.6000000        0.13259992        0.00405817
     8.7000000        0.15452884        0.00508216
     8.8000000        0.18081430        0.00713015
     8.9000000        0.21707684        0.00539933
     9.0000000        0.26224041        0.00505208
     9.1000000        0.31963808        0.00934808
     9.2000000        0.38261207        0.00715267
     9.3000000        0.46407059        0.00564950
     9.4000000        0.56305699        0.00768760
     9.5000000        0.68557123        0.00657995
     9.6000000        0.83720802        0.00393978
     9.7000000        1.02763533        0.00460338
     9.8000000        1.27291447        0.00458065
     9.9000000        1.58630725        0.00485521
    10.0000000        2.00000000        0.00000000
