     0.0000000        0.90612887        0.02722430
     0.1000000        0.56550325        0.01459501
     0.2000000        0.37321159        0.01010915
     0.3000000        0.25922044        0.00580958
     0.4000000        0.18037574        0.00429419
     0.5000000        0.12576221        0.00527722
     0.6000000        0.09100800        0.00624284
     0.7000000        0.06715998        0.00495132
     0.8000000        0.04992392        0.00349448
     0.9000000        0.03607682        0.00113217
     1.0000000        0.02458046        0.00109412
     1.1000000        0.01766768        0.00240278
     1.2000000        0.01334028        0.00355904
     1.3000000        0.01029703        0.00338584
     1.4000000        0.00757822        0.00289070
     1.5000000        0.00544547        0.00296095
     1.6000000        0.00323533        0.00221670
     1.7000000        0.00187202        0.00211423
     1.8000000        0.00106241        0.00193901
     1.9000000        0.00142297        0.00127786
     2.0000000        0.00183883        0.00108810
     2.1000000        0.00113243        0.00013018
     2.2000000        0.00043276        0.00037530
     2.3000000        0.00031580        0.00084347
     2.4000000        0.00023295        0.00062031
     2.5000000        0.00000711        0.00099724
     2.6000000       -0.00050193        0.00103123
     2.7000000       -0.00028890        0.00081906
     2.8000000        0.00031055        0.00069241
     2.9000000        0.00058581        0.00044862
     3.0000000        0.00039119        0.00055781
     3.1000000        0.00048243        0.00049570
     3.2000000        0.00091809        0.00050305
     3.3000000        0.00127671        0.00074337
     3.4000000        0.00167854        0.00109353
     3.5000000        0.00123936        0.00057429
     3.6000000        0.00075193        0.00049702
     3.7000000        0.00044664        0.00059776
     3.8000000        0.00037243        0.00045066
     3.9000000        0.00038117        0.00030147
     4.0000000        0.00041601        0.00010680
     4.1000000        0.00034133        0.00011457
     4.2000000        0.00018187        0.00020615
     4.3000000        0.00016188        0.00007255
     4.4000000        0.00016501        0.00012977
     4.5000000        0.00014815        0.00009382
     4.6000000        0.00013626        0.00009846
     4.7000000        0.00008227        0.00014578
     4.8000000        0.00004476        0.00014473
     4.9000000        0.00006485        0.00019699
     5.0000000       -0.00002904        0.00016762
     5.1000000       -0.00005100        0.00011934
     5.2000000       -0.00003473        0.00014492
     5.3000000        0.00001031        0.00001939
     5.4000000       -0.00005417        0.00011394
     5.5000000       -0.00001714        0.00025067
     5.6000000       -0.00001290        0.00017764
     5.7000000        0.00006240        0.00012883
     5.8000000        0.00001978        0.00009012
     5.9000000       -0.00002798        0.00010245
     6.0000000        0.00003205        0.00020986
     6.1000000        0.00002781        0.00026827
     6.2000000       -0.00007905        0.00051540
     6.3000000       -0.00016814        0.00093351
     6.4000000        0.00026650        0.00109811
     6.5000000        0.00022352        0.00089687
     6.6000000        0.00030825        0.00072710
     6.7000000        0.00027243        0.00059994
     6.8000000        0.00062106        0.00051690
     6.9000000        0.00093917        0.00063270
     7.0000000        0.00054105        0.00078268
     7.1000000        0.00005737        0.00102428
     7.2000000       -0.00022502        0.00081718
     7.3000000        0.00050246        0.00082452
     7.4000000        0.00115219        0.00067917
     7.5000000        0.00110743        0.00071858
     7.6000000        0.00126639        0.00033832
     7.7000000        0.00135007        0.00036670
     7.8000000        0.00181248        0.00115933
     7.9000000        0.00144932        0.00156313
     8.0000000        0.00270255        0.00154537
     8.1000000        0.00444047        0.00079113
     8.2000000        0.00417856        0.00338055
     8.3000000        0.00339121        0.00369840
     8.4000000        0.00245600        0.00343273
     8.5000000        0.00412660        0.00521975
     8.6000000        0.00381316        0.01114750
     8.7000000        0.00697766        0.00937410
     8.8000000        0.01382502        0.00785849
     8.9000000        0.02043380        0.00547703
     9.0000000        0.02710642        0.00089800
     9.1000000        0.03241335        0.00173617
     9.2000000        0.04153525        0.00171404
     9.3000000        0.05635431        0.00192482
     9.4000000        0.08286154        0.01086268
     9.5000000        0.12595899        0.01650211
     9.6000000        0.17864144        0.01591924
     9.7000000        0.25898852        0.01685123
     9.8000000        0.37998000        0.02331076
     9.9000000        0.56168782        0.01809481
    10.0000000        0.90612887        0.02722430
