   -1.000000     -1.000000
  1    1        0.07437672        0.00008659       -0.00000000        0.00000000
   -1.000000      0.000000
  1    1       -0.17364292        0.00018534       -0.00000000        0.00000000
   -1.000000      1.000000
  1    1        0.07440555        0.00008474       -0.00000000        0.00000000
   -1.000000      2.000000
  1    1       -0.07672706        0.00013355       -0.00000000        0.00000000
    0.000000     -1.000000
  1    1       -0.17459940        0.00018933       -0.00000000        0.00000000
    0.000000      0.000000
  1    1        0.50000000        0.00000000        0.00000000        0.00000000
    0.000000      1.000000
  1    1       -0.17459940        0.00018933        0.00000000        0.00000000
    0.000000      2.000000
  1    1        0.07452029        0.00010763        0.00000000        0.00000000
    1.000000     -1.000000
  1    1        0.07440555        0.00008474       -0.00000000        0.00000000
    1.000000      0.000000
  1    1       -0.17364292        0.00018534        0.00000000        0.00000000
    1.000000      1.000000
  1    1        0.07437672        0.00008659       -0.00000000        0.00000000
    1.000000      2.000000
  1    1       -0.07672706        0.00013355        0.00000000        0.00000000
    2.000000     -1.000000
  1    1       -0.07650659        0.00012735        0.00000000        0.00000000
    2.000000      0.000000
  1    1        0.07423143        0.00010156        0.00000000        0.00000000
    2.000000      1.000000
  1    1       -0.07650659        0.00012735        0.00000000        0.00000000
    2.000000      2.000000
  1    1        0.05692829        0.00011295        0.00000000        0.00000000
