   -1.570796     -1.570796
  1    1        0.40823422        0.00009750       -0.00000000        0.00000000
   -1.570796      0.000000
  1    1        0.24717496        0.00036507        0.00000000        0.00000000
   -1.570796      1.570796
  1    1        0.40811892        0.00009417       -0.00000000        0.00000000
   -1.570796      3.141593
  1    1        0.63954618        0.00062730        0.00000000        0.00000000
    0.000000     -1.570796
  1    1        0.24895114        0.00037112        0.00000000        0.00000000
    0.000000      0.000000
  1    1        0.00029262        0.00000939        0.00000000        0.00000000
    0.000000      1.570796
  1    1        0.24895114        0.00037112       -0.00000000        0.00000000
    0.000000      3.141593
  1    1        0.40958749        0.00053610        0.00000000        0.00000000
    1.570796     -1.570796
  1    1        0.40811892        0.00009417        0.00000000        0.00000000
    1.570796      0.000000
  1    1        0.24717496        0.00036507       -0.00000000        0.00000000
    1.570796      1.570796
  1    1        0.40823422        0.00009750        0.00000000        0.00000000
    1.570796      3.141593
  1    1        0.63954618        0.00062730       -0.00000000        0.00000000
    3.141593     -1.570796
  1    1        0.63661456        0.00066385        0.00000000        0.00000000
    3.141593      0.000000
  1    1        0.40664344        0.00055606        0.00000000        0.00000000
    3.141593      1.570796
  1    1        0.63661456        0.00066385       -0.00000000        0.00000000
    3.141593      3.141593
  1    1        2.00619648        0.00123139        0.00000000        0.00000000
