   -1.570796     -1.570796
  1    1        1.00000000        0.00000000       -0.00000000        0.00000000
   -1.570796      0.000000
  1    1        1.83719632        0.00030636        0.00020249        0.00011796
   -1.570796      1.570796
  1    1        1.00000000        0.00000000       -0.00000000        0.00000000
   -1.570796      3.141593
  1    1        0.16280368        0.00030636       -0.00020249        0.00011796
    0.000000     -1.570796
  1    1        1.83663331        0.00029833        0.00023978        0.00012552
    0.000000      0.000000
  1    1        1.95714027        0.00008757        0.00000000        0.00000000
    0.000000      1.570796
  1    1        1.83663331        0.00029833       -0.00023978        0.00012552
    0.000000      3.141593
  1    1        0.99344971        0.00370273       -0.00000000        0.00000000
    1.570796     -1.570796
  1    1        1.00000000        0.00000000        0.00000000        0.00000000
    1.570796      0.000000
  1    1        1.83719632        0.00030636       -0.00020249        0.00011796
    1.570796      1.570796
  1    1        1.00000000        0.00000000        0.00000000        0.00000000
    1.570796      3.141593
  1    1        0.16280368        0.00030636        0.00020249        0.00011796
    3.141593     -1.570796
  1    1        0.16336669        0.00029833       -0.00023978        0.00012552
    3.141593      0.000000
  1    1        1.00655029        0.00370273       -0.00000000        0.00000000
    3.141593      1.570796
  1    1        0.16336669        0.00029833        0.00023978        0.00012552
    3.141593      3.141593
  1    1        0.04285973        0.00008757        0.00000000        0.00000000
