   -1.000000     -1.000000
  1    1       -0.00011057        0.00003993        0.00000000        0.00000000
   -1.000000      0.000000
  1    1        0.32798208        0.00051893       -0.00000000        0.00000000
   -1.000000      1.000000
  1    1        0.00000932        0.00004599        0.00000000        0.00000000
   -1.000000      2.000000
  1    1       -0.09033458        0.00041392       -0.00000000        0.00000000
    0.000000     -1.000000
  1    1        0.32976040        0.00051918       -0.00000000        0.00000000
    0.000000      0.000000
  1    1        1.00000000        0.00000000       -0.00000000        0.00000000
    0.000000      1.000000
  1    1        0.32976040        0.00051918        0.00000000        0.00000000
    0.000000      2.000000
  1    1        0.00000000        0.00000000       -0.00000000        0.00000000
    1.000000     -1.000000
  1    1       -0.00000932        0.00004599        0.00000000        0.00000000
    1.000000      0.000000
  1    1        0.32798208        0.00051893        0.00000000        0.00000000
    1.000000      1.000000
  1    1        0.00011057        0.00003993        0.00000000        0.00000000
    1.000000      2.000000
  1    1       -0.09033458        0.00041392       -0.00000000        0.00000000
    2.000000     -1.000000
  1    1       -0.08883776        0.00041237       -0.00000000        0.00000000
    2.000000      0.000000
  1    1        0.00000000        0.00000000       -0.00000000        0.00000000
    2.000000      1.000000
  1    1       -0.08883776        0.00041237       -0.00000000        0.00000000
    2.000000      2.000000
  1    1        0.00000000        0.00000000       -0.00000000        0.00000000
