     0.0000000        1.85144885        0.00419327
     0.1000000        1.45238261        0.00547503
     0.2000000        1.14414956        0.00606316
     0.3000000        0.90856715        0.00663708
     0.4000000        0.72454218        0.00611340
     0.5000000        0.58081832        0.00409466
     0.6000000        0.46453189        0.00344139
     0.7000000        0.37614736        0.00423943
     0.8000000        0.30619648        0.00392361
     0.9000000        0.25028131        0.00444266
     1.0000000        0.20032171        0.00385892
     1.1000000        0.16142375        0.00392059
     1.2000000        0.13103909        0.00276634
     1.3000000        0.10530374        0.00309275
     1.4000000        0.08549866        0.00363049
     1.5000000        0.07437676        0.00427685
     1.6000000        0.06084236        0.00389794
     1.7000000        0.05177614        0.00269928
     1.8000000        0.03998428        0.00182678
     1.9000000        0.03199871        0.00214854
     2.0000000        0.02509319        0.00259977
     2.1000000        0.02267517        0.00320353
     2.2000000        0.01858840        0.00184571
     2.3000000        0.01620634        0.00238774
     2.4000000        0.01467764        0.00241926
     2.5000000        0.00977111        0.00147843
     2.6000000        0.00862420        0.00221277
     2.7000000        0.00753278        0.00186042
     2.8000000        0.00217509        0.00298224
     2.9000000        0.00347570        0.00273926
     3.0000000        0.00570603        0.00196478
     3.1000000        0.00554041        0.00263119
     3.2000000        0.00323519        0.00306419
     3.3000000        0.00417624        0.00252006
     3.4000000        0.00343803        0.00213992
     3.5000000        0.00262449        0.00225072
     3.6000000        0.00200341        0.00271010
     3.7000000        0.00167497        0.00196405
     3.8000000        0.00016708        0.00200530
     3.9000000        0.00038292        0.00182566
     4.0000000        0.00028910        0.00328997
     4.1000000        0.00017603        0.00282527
     4.2000000       -0.00140440        0.00197916
     4.3000000       -0.00264085        0.00260120
     4.4000000       -0.00228595        0.00270613
     4.5000000       -0.00275967        0.00243410
     4.6000000       -0.00130099        0.00180867
     4.7000000       -0.00271533        0.00171752
     4.8000000       -0.00298781        0.00285119
     4.9000000       -0.00059833        0.00210888
     5.0000000        0.00032436        0.00178595
     5.1000000        0.00101680        0.00221113
     5.2000000        0.00108155        0.00206489
     5.3000000       -0.00043907        0.00184203
     5.4000000        0.00021643        0.00207823
     5.5000000        0.00056727        0.00126637
     5.6000000        0.00037449        0.00142059
     5.7000000        0.00234643        0.00257665
     5.8000000        0.00029644        0.00195031
     5.9000000       -0.00187911        0.00179198
     6.0000000       -0.00100279        0.00233218
     6.1000000       -0.00176909        0.00255839
     6.2000000       -0.00364948        0.00347005
     6.3000000       -0.00150769        0.00270935
     6.4000000        0.00008550        0.00335529
     6.5000000       -0.00154340        0.00398629
     6.6000000        0.00050225        0.00380138
     6.7000000        0.00016548        0.00330602
     6.8000000       -0.00316758        0.00340375
     6.9000000       -0.00143579        0.00176943
     7.0000000       -0.00336358        0.00199015
     7.1000000       -0.00268516        0.00293991
     7.2000000       -0.00431164        0.00394005
     7.3000000       -0.00072845        0.00242204
     7.4000000        0.00074674        0.00431393
     7.5000000       -0.00089419        0.00477187
     7.6000000       -0.00045386        0.00365187
     7.7000000        0.00244689        0.00283461
     7.8000000        0.00421612        0.00336230
     7.9000000        0.00509279        0.00309335
     8.0000000        0.00497106        0.00321327
     8.1000000        0.00397519        0.00275476
     8.2000000        0.00035529        0.00224296
     8.3000000       -0.00137992        0.00162082
     8.4000000       -0.00054523        0.00326703
     8.5000000        0.00424322        0.00251212
     8.6000000        0.00569553        0.00204916
     8.7000000        0.00209150        0.00388686
     8.8000000        0.00713402        0.00380090
     8.9000000        0.00814230        0.00284265
     9.0000000        0.00906718        0.00360942
     9.1000000        0.00985664        0.00298055
     9.2000000        0.00981436        0.00298515
     9.3000000        0.01375940        0.00271890
     9.4000000        0.01763739        0.00270346
     9.5000000        0.02534349        0.00233117
     9.6000000        0.03559328        0.00132644
     9.7000000        0.04876474        0.00204404
     9.8000000        0.06557126        0.00292963
     9.9000000        0.09771373        0.00288034
    10.0000000        0.14855115        0.00419327
