     0.0000000        0.07501435        0.58983354
     0.1000000       -0.25762708        0.72847320
     0.2000000       -0.37320746        0.77937746
     0.3000000       -0.40972186        0.81894854
     0.4000000       -0.39740101        0.75838925
     0.5000000       -0.38280503        0.72157710
     0.6000000       -0.32625176        0.64150842
     0.7000000       -0.30954242        0.69633852
     0.8000000       -0.27979640        0.67900947
     0.9000000       -0.29570451        0.68076360
     1.0000000       -0.24741598        0.61785554
     1.1000000       -0.22298327        0.57126831
     1.2000000       -0.21193214        0.53419031
     1.3000000       -0.18072093        0.53934854
     1.4000000       -0.23003026        0.54795205
     1.5000000       -0.19514460        0.46648691
     1.6000000       -0.12416375        0.37746413
     1.7000000       -0.07975336        0.32934533
     1.8000000       -0.04901045        0.29929966
     1.9000000       -0.07147618        0.30859716
     2.0000000       -0.13239524        0.33632187
     2.1000000       -0.15813692        0.35814801
     2.2000000       -0.17147200        0.32513117
     2.3000000       -0.14861678        0.24191792
     2.4000000       -0.11382183        0.22579154
     2.5000000       -0.10121180        0.25032750
     2.6000000       -0.08743183        0.26279344
     2.7000000       -0.08475404        0.24904876
     2.8000000       -0.09126446        0.26965477
     2.9000000       -0.08873058        0.25633715
     3.0000000       -0.08336258        0.24260957
     3.1000000       -0.08154610        0.21583069
     3.2000000       -0.05508898        0.17069172
     3.3000000       -0.01571594        0.16575918
     3.4000000        0.01351100        0.11037940
     3.5000000        0.00981277        0.04647426
     3.6000000        0.05759688        0.02279333
     3.7000000        0.06550324        0.01540637
     3.8000000        0.08261359        0.00154336
     3.9000000        0.07447134        0.02726082
     4.0000000        0.07397083        0.05525698
     4.1000000        0.06381490        0.02299639
     4.2000000        0.04289337        0.01678520
     4.3000000        0.06162337        0.02770336
     4.4000000        0.08354655        0.06293572
     4.5000000        0.09546118        0.06097255
     4.6000000        0.08113145        0.05946012
     4.7000000        0.05071583        0.09310098
     4.8000000        0.05362468        0.10003235
     4.9000000        0.03401250        0.06482793
     5.0000000        0.04464562        0.02486578
     5.1000000        0.03759242        0.02867856
     5.2000000        0.02165446        0.03572780
     5.3000000        0.03009362        0.03330676
     5.4000000        0.03814222        0.01453101
     5.5000000        0.04728819        0.02306201
     5.6000000        0.07599245        0.01048029
     5.7000000        0.10561680        0.01856328
     5.8000000        0.09297161        0.01564229
     5.9000000        0.06779483        0.01052055
     6.0000000        0.03255113        0.03751387
     6.1000000        0.05783176        0.04453679
     6.2000000        0.04916980        0.07650670
     6.3000000        0.04333425        0.08700387
     6.4000000        0.05155044        0.05558897
     6.5000000        0.06254162        0.03143461
     6.6000000        0.06351596        0.04057126
     6.7000000        0.07228144        0.02275714
     6.8000000        0.05759840        0.00374945
     6.9000000        0.04060308        0.00988993
     7.0000000        0.05185395        0.02623512
     7.1000000        0.06855008        0.00970780
     7.2000000        0.06309846        0.01596118
     7.3000000        0.06852001        0.03600865
     7.4000000        0.10268486        0.09910037
     7.5000000        0.10950982        0.12371759
     7.6000000        0.09458668        0.12722479
     7.7000000        0.11853061        0.10937962
     7.8000000        0.11640712        0.10077437
     7.9000000        0.10346984        0.11934835
     8.0000000        0.08934658        0.08214827
     8.1000000        0.08034144        0.03943610
     8.2000000        0.05950813        0.04055322
     8.3000000        0.04861452        0.01826979
     8.4000000        0.04005736        0.00170034
     8.5000000        0.01084339        0.02845340
     8.6000000        0.00090189        0.03604378
     8.7000000        0.01404457        0.05360646
     8.8000000       -0.01652851        0.09606150
     8.9000000       -0.08320400        0.18666108
     9.0000000       -0.14177876        0.28025462
     9.1000000       -0.18873795        0.34913183
     9.2000000       -0.23672179        0.44773401
     9.3000000       -0.23349715        0.46891265
     9.4000000       -0.23020026        0.49308727
     9.5000000       -0.26148251        0.50112229
     9.6000000       -0.32271281        0.56320707
     9.7000000       -0.23292625        0.47847896
     9.8000000       -0.25318474        0.55846357
     9.9000000       -0.19354339        0.58883661
    10.0000000        0.07501435        0.58983354
