   1.00000000000000                2           9
 (1.00000000000000,-3.287621094004787E-004)
 (0.999999999999999,7.993231535504677E-005)
  -2.09439510239320       -1.20919957615614     
 (0.246477819806797,7.894919286223335E-016)
 (-9.356414404085871E-002,-5.406001032335252E-002)
 (-9.356414404085830E-002,5.406001032335360E-002)
 (0.245468843555854,8.881784197001252E-016)
  -2.09439510239320        1.20919957615614     
 (0.243744812107236,-5.921189464667501E-016)
 (-9.275145597940397E-002,5.423142785810676E-002)
 (-9.275145597940397E-002,-5.423142785810765E-002)
 (0.244495122804926,-4.934324553889585E-016)
  0.000000000000000E+000  -2.41839915231229     
 (0.244023844036559,9.868649107779170E-016)
 (-1.074616634777136E-003,-0.105344033148169)
 (-1.074616634777432E-003,0.105344033148171)
 (0.244355999026943,8.881784197001252E-016)
  0.000000000000000E+000  0.000000000000000E+000
 (9.19991338621438,-5.917717969213403E-003)
 (8.79744186555847,-2.239468146408581E-003)
 (8.79744186555847,-2.239468146408579E-003)
 (9.20476482266325,1.438781676386396E-003)
  0.000000000000000E+000   2.41839915231229     
 (0.244023844036559,-9.868649107779170E-016)
 (-1.074616634776938E-003,0.105344033148170)
 (-1.074616634777432E-003,-0.105344033148171)
 (0.244355999026943,-1.085551401855709E-015)
   2.09439510239320       -1.20919957615614     
 (0.243744812107236,1.973729821555834E-016)
 (-9.275145597940417E-002,-5.423142785810696E-002)
 (-9.275145597940417E-002,5.423142785810745E-002)
 (0.244495122804926,4.934324553889585E-016)
   2.09439510239320        1.20919957615614     
 (0.246477819806797,-7.894919286223335E-016)
 (-9.356414404085890E-002,5.406001032335281E-002)
 (-9.356414404085811E-002,-5.406001032335320E-002)
 (0.245468843555854,-1.973729821555834E-016)
   2.09439510239320        3.62759872846843     
 (0.250992127494276,2.615384760614366E-015)
 (-1.455163271810278E-003,-4.128811128291327E-004)
 (-1.455163271809883E-003,4.128811128359253E-004)
 (0.249531256184698,2.978664768541842E-015)
   4.18879020478639       0.000000000000000E+000
 (0.250992127494277,1.514028100421980E-016)
 (-1.455163271808896E-003,4.128811128326679E-004)
 (-1.455163271809489E-003,-4.128811128327798E-004)
 (0.249531256184699,1.197681999872321E-016)
   1.00000000000000                2           9
 (1.00000000000000,5.955106573785873E-004)
 (0.999999999999998,3.380887945688603E-004)
  -2.09439510239320       -1.20919957615614     
 (0.241741567674151,3.947459643111667E-016)
 (-9.288334794870076E-002,-5.154541058555879E-002)
 (-9.288334794869987E-002,5.154541058555968E-002)
 (0.246709413877916,2.960594732333751E-016)
  -2.09439510239320        1.20919957615614     
 (0.238313645271582,-1.480297366166875E-015)
 (-8.975540259676734E-002,5.203045500715299E-002)
 (-8.975540259676862E-002,-5.203045500715289E-002)
 (0.244852427304302,-1.184237892933500E-015)
  0.000000000000000E+000  -2.41839915231229     
 (0.242098604037869,4.934324553889585E-016)
 (-2.076438448142228E-004,-0.103087363976009)
 (-2.076438448146176E-004,0.103087363976012)
 (0.242580261552347,1.282924384011292E-015)
  0.000000000000000E+000  0.000000000000000E+000
 (9.18349245657721,1.071919183281015E-002)
 (8.81194000738874,8.402395067520297E-003)
 (8.81194000738874,8.402395067520286E-003)
 (9.19153216324410,6.085598302235679E-003)
  0.000000000000000E+000   2.41839915231229     
 (0.242098604037869,-1.085551401855709E-015)
 (-2.076438448148150E-004,0.103087363976010)
 (-2.076438448140255E-004,-0.103087363976011)
 (0.242580261552347,-4.934324553889585E-016)
   2.09439510239320       -1.20919957615614     
 (0.238313645271582,-1.282924384011292E-015)
 (-8.975540259676872E-002,-5.203045500715141E-002)
 (-8.975540259676744E-002,5.203045500715407E-002)
 (0.244852427304302,-3.947459643111667E-016)
   2.09439510239320        1.20919957615614     
 (0.241741567674151,-5.921189464667501E-016)
 (-9.288334794870018E-002,5.154541058555830E-002)
 (-9.288334794870047E-002,-5.154541058556027E-002)
 (0.246709413877916,-6.908054375445419E-016)
   2.09439510239320        3.62759872846843     
 (0.248318244497268,2.736044415721197E-015)
 (-4.699825359321292E-003,4.427451798521299E-003)
 (-4.699825359321095E-003,-4.427451798516569E-003)
 (0.246988792622675,3.752881493222935E-015)
   4.18879020478639       0.000000000000000E+000
 (0.248318244497269,-6.150558457602212E-016)
 (-4.699825359320503E-003,-4.427451798519610E-003)
 (-4.699825359320503E-003,4.427451798518126E-003)
 (0.246988792622676,5.997324550557595E-016)
   1.00000000000000                2           9
 (1.00000000000000,1.639345916313476E-003)
 (0.999999999999999,-1.163586467034388E-003)
  -2.09439510239320       -1.20919957615614     
 (0.246282887609924,-1.973729821555834E-016)
 (-9.388951551258688E-002,-5.441074506479104E-002)
 (-9.388951551258667E-002,5.441074506479174E-002)
 (0.247876970690409,4.934324553889585E-016)
  -2.09439510239320        1.20919957615614     
 (0.248142461768441,9.868649107779169E-017)
 (-9.479638217985789E-002,5.434765799986972E-002)
 (-9.479638217985729E-002,-5.434765799987002E-002)
 (0.248292739582639,-6.908054375445419E-016)
  0.000000000000000E+000  -2.41839915231229     
 (0.246957690105068,1.578983857244667E-015)
 (9.886679898143155E-004,-0.108763532605207)
 (9.886679898139209E-004,0.108763532605209)
 (0.248269296201554,1.381610875089084E-015)
  0.000000000000000E+000  0.000000000000000E+000
 (9.23402171570518,2.950822649363855E-002)
 (8.76640936217987,4.281835043507699E-003)
 (8.76640936217987,4.281835043507704E-003)
 (9.23276049849992,-2.094455640662204E-002)
  0.000000000000000E+000   2.41839915231229     
 (0.246957690105068,-3.947459643111667E-016)
 (9.886679898137235E-004,0.108763532605207)
 (9.886679898145128E-004,-0.108763532605209)
 (0.248269296201554,-7.894919286223335E-016)
   2.09439510239320       -1.20919957615614     
 (0.248142461768441,8.881784197001252E-016)
 (-9.479638217985749E-002,-5.434765799986933E-002)
 (-9.479638217985770E-002,5.434765799987022E-002)
 (0.248292739582639,9.868649107779169E-017)
   2.09439510239320        1.20919957615614     
 (0.246282887609924,-5.921189464667501E-016)
 (-9.388951551258648E-002,5.441074506479075E-002)
 (-9.388951551258688E-002,-5.441074506479193E-002)
 (0.247876970690409,-6.908054375445419E-016)
   2.09439510239320        3.62759872846843     
 (0.254187500271873,2.853427370928961E-015)
 (1.417069342469151E-003,1.821245346356815E-004)
 (1.417069342469151E-003,-1.821245346296167E-004)
 (0.256043399221739,3.031140153690141E-015)
   4.18879020478639       0.000000000000000E+000
 (0.254187500271873,3.858795998783964E-016)
 (1.417069342470138E-003,-1.821245346323948E-004)
 (1.417069342469743E-003,1.821245346329417E-004)
 (0.256043399221740,-1.268275607991932E-016)
   1.00000000000000                2           9
 (1.00000000000000,-4.453517520748376E-004)
 (0.999999999999999,1.067310651915283E-003)
  -2.09439510239320       -1.20919957615614     
 (0.248956486622787,1.381610875089084E-015)
 (-9.367799487672793E-002,-5.556247584626650E-002)
 (-9.367799487672822E-002,5.556247584626670E-002)
 (0.248385707634453,1.184237892933500E-015)
  -2.09439510239320        1.20919957615614     
 (0.246708961781512,2.960594732333751E-016)
 (-9.524697413540710E-002,5.345468052787942E-002)
 (-9.524697413540621E-002,-5.345468052788228E-002)
 (0.249255882491749,-6.908054375445419E-016)
  0.000000000000000E+000  -2.41839915231229     
 (0.247648882581225,1.578983857244667E-015)
 (1.068447168879574E-004,-0.109385283044011)
 (1.068447168873653E-004,0.109385283044013)
 (0.247273945045882,1.776356839400250E-015)
  0.000000000000000E+000  0.000000000000000E+000
 (9.22761617748295,-8.016331537363535E-003)
 (8.77144671079650,5.597630098547831E-003)
 (8.77144671079650,5.597630098547834E-003)
 (9.22831029075287,1.921159173445803E-002)
  0.000000000000000E+000   2.41839915231229     
 (0.247648882581225,-3.947459643111667E-016)
 (1.068447168875627E-004,0.109385283044011)
 (1.068447168877600E-004,-0.109385283044013)
 (0.247273945045882,-5.921189464667501E-016)
   2.09439510239320       -1.20919957615614     
 (0.246708961781511,1.085551401855709E-015)
 (-9.524697413540631E-002,-5.345468052788179E-002)
 (-9.524697413540660E-002,5.345468052788031E-002)
 (0.249255882491749,6.908054375445419E-016)
   2.09439510239320        1.20919957615614     
 (0.248956486622787,1.973729821555834E-016)
 (-9.367799487672851E-002,5.556247584626571E-002)
 (-9.367799487672762E-002,-5.556247584626749E-002)
 (0.248385707634453,0.000000000000000E+000)
   2.09439510239320        3.62759872846843     
 (0.251510486981764,3.648316217032112E-015)
 (6.652711693754378E-004,-2.048599477531363E-003)
 (6.652711693754378E-004,2.048599477538199E-003)
 (0.254512436291828,3.486023198501837E-015)
   4.18879020478639       0.000000000000000E+000
 (0.251510486981765,7.877572051463567E-016)
 (6.652711693762273E-004,2.048599477535277E-003)
 (6.652711693762273E-004,-2.048599477534158E-003)
 (0.254512436291829,9.209454186907983E-016)
   1.00000000000000                2           9
 (1.00000000000000,1.613121076954608E-003)
 (0.999999999999999,-1.591644879972537E-003)
  -2.09439510239320       -1.20919957615614     
 (0.247256615511265,4.934324553889585E-016)
 (-9.414647724515263E-002,-5.440880245765860E-002)
 (-9.414647724515232E-002,5.440880245765949E-002)
 (0.248847715423970,7.894919286223335E-016)
  -2.09439510239320        1.20919957615614     
 (0.246511888324594,0.000000000000000E+000)
 (-9.397682506705617E-002,5.428098501737180E-002)
 (-9.397682506705686E-002,-5.428098501737279E-002)
 (0.247271703083802,-9.868649107779170E-016)
  0.000000000000000E+000  -2.41839915231229     
 (0.247079717485895,1.282924384011292E-015)
 (-2.049915554258794E-003,-0.106949112093319)
 (-2.049915554258794E-003,0.106949112093321)
 (0.246696702313640,1.282924384011292E-015)
  0.000000000000000E+000  0.000000000000000E+000
 (9.21569243007995,2.903617938518748E-002)
 (8.78399589845657,1.932857728427808E-004)
 (8.78399589845657,1.932857728427810E-004)
 (9.21743239371829,-2.864960783950181E-002)
  0.000000000000000E+000   2.41839915231229     
 (0.247079717485895,-8.881784197001252E-016)
 (-2.049915554258991E-003,0.106949112093319)
 (-2.049915554258597E-003,-0.106949112093321)
 (0.246696702313640,-8.881784197001252E-016)
   2.09439510239320       -1.20919957615614     
 (0.246511888324593,7.894919286223335E-016)
 (-9.397682506705636E-002,-5.428098501737219E-002)
 (-9.397682506705646E-002,5.428098501737239E-002)
 (0.247271703083802,7.894919286223335E-016)
   2.09439510239320        1.20919957615614     
 (0.247256615511266,-6.908054375445419E-016)
 (-9.414647724515242E-002,5.440880245765890E-002)
 (-9.414647724515272E-002,-5.440880245765910E-002)
 (0.248847715423970,-7.894919286223335E-016)
   2.09439510239320        3.62759872846843     
 (0.252114066532773,3.252028276297854E-015)
 (-2.899812071862505E-004,-1.024858146992974E-003)
 (-2.899812071860532E-004,1.024858146998912E-003)
 (0.255815789253242,3.290192192769344E-015)
   4.18879020478639       0.000000000000000E+000
 (0.252114066532774,2.933610144929667E-016)
 (-2.899812071854610E-004,1.024858146996105E-003)
 (-2.899812071852637E-004,-1.024858146995887E-003)
 (0.255815789253243,7.254999070640780E-016)
   1.00000000000000                2           9
 (1.00000000000000,-1.464587222756038E-003)
 (0.999999999999999,8.220483106664114E-004)
  -2.09439510239320       -1.20919957615614     
 (0.246403537696810,4.934324553889585E-016)
 (-9.248120842540154E-002,-5.185054527481222E-002)
 (-9.248120842540183E-002,5.185054527481379E-002)
 (0.240000567441485,5.921189464667501E-016)
  -2.09439510239320        1.20919957615614     
 (0.243545496346574,-1.184237892933500E-015)
 (-9.289247783174916E-002,5.205038297840344E-002)
 (-9.289247783174846E-002,-5.205038297840443E-002)
 (0.244933792138329,-2.960594732333751E-016)
  0.000000000000000E+000  -2.41839915231229     
 (0.243901858684464,-2.960594732333751E-016)
 (-1.916266761563633E-003,-0.107342823294707)
 (-1.916266761563041E-003,0.107342823294709)
 (0.245273657643286,6.908054375445419E-016)
  0.000000000000000E+000  0.000000000000000E+000
 (9.19948418584011,-2.636257000960346E-002)
 (8.80540849775037,-5.782850208811964E-003)
 (8.80540849775037,-5.782850208811971E-003)
 (9.19138390066035,1.479686959200142E-002)
  0.000000000000000E+000   2.41839915231229     
 (0.243901858684464,-2.072416312633626E-015)
 (-1.916266761562646E-003,0.107342823294707)
 (-1.916266761564028E-003,-0.107342823294709)
 (0.245273657643286,-1.282924384011292E-015)
   2.09439510239320       -1.20919957615614     
 (0.243545496346573,-1.973729821555834E-016)
 (-9.289247783174896E-002,-5.205038297840344E-002)
 (-9.289247783174866E-002,5.205038297840462E-002)
 (0.244933792138329,6.908054375445419E-016)
   2.09439510239320        1.20919957615614     
 (0.246403537696810,-4.934324553889585E-016)
 (-9.248120842540214E-002,5.185054527481232E-002)
 (-9.248120842540145E-002,-5.185054527481379E-002)
 (0.240000567441485,-3.947459643111667E-016)
   2.09439510239320        3.62759872846843     
 (0.253664535492691,3.897730903466999E-015)
 (3.695850868462950E-004,8.513391048504937E-004)
 (3.695850868460977E-004,-8.513391048437110E-004)
 (0.251061494306780,3.107853480738893E-015)
   4.18879020478639       0.000000000000000E+000
 (0.253664535492692,7.420761536123008E-016)
 (3.695850868470845E-004,-8.513391048468639E-004)
 (3.695850868468871E-004,8.513391048474308E-004)
 (0.251061494306781,1.509209424099822E-016)
   1.00000000000000                2           9
 (1.00000000000000,-8.406505617931095E-004)
 (0.999999999999999,5.961203130418961E-004)
  -2.09439510239320       -1.20919957615614     
 (0.248560801798920,1.973729821555834E-016)
 (-9.518340048883653E-002,-5.376179204131729E-002)
 (-9.518340048883624E-002,5.376179204131907E-002)
 (0.247087612733473,0.000000000000000E+000)
  -2.09439510239320        1.20919957615614     
 (0.247584605033729,-1.973729821555834E-016)
 (-9.351871706695124E-002,5.529007589431986E-002)
 (-9.351871706695174E-002,-5.529007589432054E-002)
 (0.246279383746067,-1.282924384011292E-015)
  0.000000000000000E+000  -2.41839915231229     
 (0.247309554054818,6.908054375445419E-016)
 (-2.377463117961338E-004,-0.107238641671317)
 (-2.377463117949495E-004,0.107238641671319)
 (0.247328120040372,4.934324553889585E-016)
  0.000000000000000E+000  0.000000000000000E+000
 (9.22496249362230,-1.513171011226805E-002)
 (8.77792399400573,-2.200772238752327E-003)
 (8.77792399400573,-2.200772238752322E-003)
 (9.22051190244171,1.073016563476098E-002)
  0.000000000000000E+000   2.41839915231229     
 (0.247309554054818,-1.282924384011292E-015)
 (-2.377463117955416E-004,0.107238641671317)
 (-2.377463117955416E-004,-0.107238641671319)
 (0.247328120040372,-1.480297366166875E-015)
   2.09439510239320       -1.20919957615614     
 (0.247584605033729,1.973729821555834E-016)
 (-9.351871706695143E-002,-5.529007589431946E-002)
 (-9.351871706695133E-002,5.529007589432094E-002)
 (0.246279383746068,9.868649107779169E-017)
   2.09439510239320        1.20919957615614     
 (0.248560801798920,-9.868649107779170E-016)
 (-9.518340048883633E-002,5.376179204131769E-002)
 (-9.518340048883643E-002,-5.376179204131887E-002)
 (0.247087612733473,-1.085551401855709E-015)
   2.09439510239320        3.62759872846843     
 (0.254435831730830,2.513999810796166E-015)
 (7.082776340252808E-004,-6.006730747394616E-005)
 (7.082776340246886E-004,6.006730748063897E-005)
 (0.251556546183448,2.588592920263169E-015)
   4.18879020478639       0.000000000000000E+000
 (0.254435831730830,-5.088522196198634E-017)
 (7.082776340256755E-004,6.006730747753545E-005)
 (7.082776340258729E-004,-6.006730747705363E-005)
 (0.251556546183448,-2.717733445696998E-016)
   1.00000000000000                2           9
 (1.00000000000000,1.498532173556304E-003)
 (1.00000000000000,-1.166459904928881E-003)
  -2.09439510239320       -1.20919957615614     
 (0.247953381639020,-4.934324553889585E-016)
 (-9.455381171497725E-002,-5.417471386239164E-002)
 (-9.455381171497705E-002,5.417471386239302E-002)
 (0.248897643161577,9.868649107779169E-017)
  -2.09439510239320        1.20919957615614     
 (0.247343677344077,-2.960594732333751E-016)
 (-9.258489906339336E-002,5.584680535672890E-002)
 (-9.258489906339396E-002,-5.584680535672959E-002)
 (0.248537070037391,-1.085551401855709E-015)
  0.000000000000000E+000  -2.41839915231229     
 (0.248149725470879,5.921189464667501E-016)
 (1.596683970041448E-003,-0.109881748976925)
 (1.596683970041646E-003,0.109881748976927)
 (0.248509045237969,1.973729821555834E-016)
  0.000000000000000E+000  0.000000000000000E+000
 (9.23060238616001,2.697357912402708E-002)
 (8.77073289607856,2.988650417658885E-003)
 (8.77073289607856,2.988650417658887E-003)
 (9.22981419076404,-2.099627828870657E-002)
  0.000000000000000E+000   2.41839915231229     
 (0.248149725470879,-1.381610875089084E-015)
 (1.596683970041646E-003,0.109881748976925)
 (1.596683970041448E-003,-0.109881748976927)
 (0.248509045237969,-1.184237892933500E-015)
   2.09439510239320       -1.20919957615614     
 (0.247343677344077,-2.960594732333751E-016)
 (-9.258489906339376E-002,-5.584680535672910E-002)
 (-9.258489906339376E-002,5.584680535672978E-002)
 (0.248537070037391,2.960594732333751E-016)
   2.09439510239320        1.20919957615614     
 (0.247953381639020,-6.908054375445419E-016)
 (-9.455381171497705E-002,5.417471386239184E-002)
 (-9.455381171497725E-002,-5.417471386239282E-002)
 (0.248897643161577,-1.085551401855709E-015)
   2.09439510239320        3.62759872846843     
 (0.253734727346864,2.447502077550389E-015)
 (5.609117749357671E-004,1.062915267838141E-003)
 (5.609117749357671E-004,-1.062915267832394E-003)
 (0.256200752186430,3.130212138873705E-015)
   4.18879020478639       0.000000000000000E+000
 (0.253734727346865,-2.166476874442146E-016)
 (5.609117749365566E-004,-1.062915267835356E-003)
 (5.609117749369514E-004,1.062915267835091E-003)
 (0.256200752186431,-5.208025368988148E-016)
   1.00000000000000                2           9
 (1.00000000000000,1.541092799757325E-003)
 (1.00000000000000,-1.940745038652924E-003)
  -2.09439510239320       -1.20919957615614     
 (0.250767467331413,6.908054375445419E-016)
 (-9.440110096655127E-002,-5.561600276574187E-002)
 (-9.440110096655108E-002,5.561600276574315E-002)
 (0.250250236884789,4.934324553889585E-016)
  -2.09439510239320        1.20919957615614     
 (0.251559306200635,-7.894919286223335E-016)
 (-9.566244035342297E-002,5.446232221596128E-002)
 (-9.566244035342357E-002,-5.446232221596217E-002)
 (0.249879141987043,-6.908054375445419E-016)
  0.000000000000000E+000  -2.41839915231229     
 (0.250097282709452,5.921189464667501E-016)
 (4.716260756629293E-004,-0.110366993422410)
 (4.716260756635214E-004,0.110366993422412)
 (0.252613909610241,1.282924384011292E-015)
  0.000000000000000E+000  0.000000000000000E+000
 (9.23481236368563,2.773967039563789E-002)
 (8.76631116723457,-3.596870150053947E-003)
 (8.76631116723457,-3.596870150053945E-003)
 (9.23478328904883,-3.493341069574826E-002)
  0.000000000000000E+000   2.41839915231229     
 (0.250097282709452,-2.171102803711417E-015)
 (4.716260756635214E-004,0.110366993422410)
 (4.716260756629293E-004,-0.110366993422412)
 (0.252613909610241,-8.881784197001252E-016)
   2.09439510239320       -1.20919957615614     
 (0.251559306200635,1.973729821555834E-016)
 (-9.566244035342317E-002,-5.446232221596148E-002)
 (-9.566244035342297E-002,5.446232221596237E-002)
 (0.249879141987043,4.934324553889585E-016)
   2.09439510239320        1.20919957615614     
 (0.250767467331413,-4.934324553889585E-016)
 (-9.440110096655108E-002,5.561600276574177E-002)
 (-9.440110096655127E-002,-5.561600276574335E-002)
 (0.250250236884789,-2.960594732333751E-016)
   2.09439510239320        3.62759872846843     
 (0.255765752716585,2.277113682798889E-015)
 (-3.617701937476249E-004,-1.101151430654426E-003)
 (-3.617701937476249E-004,1.101151430661304E-003)
 (0.256266024568574,2.860366264832869E-015)
   4.18879020478639       0.000000000000000E+000
 (0.255765752716586,1.067818672990168E-016)
 (-3.617701937470328E-004,1.101151430658286E-003)
 (-3.617701937466380E-004,-1.101151430657616E-003)
 (0.256266024568575,-3.962879407342573E-016)
   1.00000000000000                2           9
 (1.00000000000000,-1.260803917790580E-003)
 (0.999999999999999,1.011273596294923E-003)
  -2.09439510239320       -1.20919957615614     
 (0.245070731661703,1.282924384011292E-015)
 (-9.185662530325306E-002,-5.328875132028789E-002)
 (-9.185662530325228E-002,5.328875132028957E-002)
 (0.245127642431398,3.947459643111667E-016)
  -2.09439510239320        1.20919957615614     
 (0.242078570788894,-7.894919286223335E-016)
 (-9.125922117355006E-002,5.387287105086210E-002)
 (-9.125922117354968E-002,-5.387287105086289E-002)
 (0.245857851549401,-8.881784197001252E-016)
  0.000000000000000E+000  -2.41839915231229     
 (0.243527346925054,9.868649107779169E-017)
 (-1.817657253585144E-004,-0.107131391509245)
 (-1.817657253576262E-004,0.107131391509247)
 (0.246516501113912,1.973729821555834E-016)
  0.000000000000000E+000  0.000000000000000E+000
 (9.20627567729392,-2.269447052022751E-002)
 (8.79293982975356,-2.245772893458460E-003)
 (8.79293982975356,-2.245772893458458E-003)
 (9.20922764460137,1.820292473331149E-002)
  0.000000000000000E+000   2.41839915231229     
 (0.243527346925054,-1.282924384011292E-015)
 (-1.817657253575275E-004,0.107131391509245)
 (-1.817657253586131E-004,-0.107131391509247)
 (0.246516501113912,-1.776356839400250E-015)
   2.09439510239320       -1.20919957615614     
 (0.242078570788894,9.868649107779170E-016)
 (-9.125922117354968E-002,-5.387287105086210E-002)
 (-9.125922117354968E-002,5.387287105086328E-002)
 (0.245857851549401,9.868649107779169E-017)
   2.09439510239320        1.20919957615614     
 (0.245070731661703,-4.934324553889585E-016)
 (-9.185662530325248E-002,5.328875132028799E-002)
 (-9.185662530325267E-002,-5.328875132028937E-002)
 (0.245127642431398,-3.947459643111667E-016)
   2.09439510239320        3.62759872846843     
 (0.250651529378321,2.886579864025407E-015)
 (-7.938025001465516E-004,7.030411999985097E-004)
 (-7.938025001471437E-004,-7.030411999918947E-004)
 (0.252433259930483,3.331440062087015E-015)
   4.18879020478639       0.000000000000000E+000
 (0.250651529378321,2.698458740408367E-017)
 (-7.938025001461568E-004,-7.030411999954207E-004)
 (-7.938025001459595E-004,7.030411999953300E-004)
 (0.252433259930484,-2.158766992326693E-017)
   1.00000000000000                2           9
 (1.00000000000000,6.962541970130260E-005)
 (0.999999999999999,5.514950210537093E-004)
  -2.09439510239320       -1.20919957615614     
 (0.249261152197640,6.908054375445419E-016)
 (-9.211766606756279E-002,-5.496428900689260E-002)
 (-9.211766606756219E-002,5.496428900689319E-002)
 (0.243771055936737,8.881784197001252E-016)
  -2.09439510239320        1.20919957615614     
 (0.245837559499778,9.868649107779169E-017)
 (-9.393963430052467E-002,5.343018559285865E-002)
 (-9.393963430052349E-002,-5.343018559286013E-002)
 (0.245893944773572,-1.085551401855709E-015)
  0.000000000000000E+000  -2.41839915231229     
 (0.246149426581188,9.868649107779170E-016)
 (4.887322454372425E-004,-0.106793889802589)
 (4.887322454367490E-004,0.106793889802591)
 (0.244699526257407,1.184237892933500E-015)
  0.000000000000000E+000  0.000000000000000E+000
 (9.21168711834782,1.253257554630362E-003)
 (8.78931254341333,5.590083966805130E-003)
 (8.78931254341333,5.590083966805130E-003)
 (9.21078095977836,9.926910378973629E-003)
  0.000000000000000E+000   2.41839915231229     
 (0.246149426581188,-1.184237892933500E-015)
 (4.887322454368478E-004,0.106793889802589)
 (4.887322454371438E-004,-0.106793889802592)
 (0.244699526257407,-3.947459643111667E-016)
   2.09439510239320       -1.20919957615614     
 (0.245837559499778,8.881784197001252E-016)
 (-9.393963430052368E-002,-5.343018559285904E-002)
 (-9.393963430052467E-002,5.343018559285974E-002)
 (0.245893944773572,-4.934324553889585E-016)
   2.09439510239320        1.20919957615614     
 (0.249261152197640,-6.908054375445419E-016)
 (-9.211766606756260E-002,5.496428900689231E-002)
 (-9.211766606756219E-002,-5.496428900689359E-002)
 (0.243771055936737,-2.960594732333751E-016)
   2.09439510239320        3.62759872846843     
 (0.250231681661575,2.632876555663799E-015)
 (-3.993956593622746E-004,-5.225240819328638E-004)
 (-3.993956593626693E-004,5.225240819380009E-004)
 (0.252163195328191,1.904340882516762E-015)
   4.18879020478639       0.000000000000000E+000
 (0.250231681661576,-5.222240464138513E-016)
 (-3.993956593616825E-004,5.225240819353035E-004)
 (-3.993956593618799E-004,-5.225240819359838E-004)
 (0.252163195328192,-2.648344506657925E-016)
   1.00000000000000                2           9
 (1.00000000000000,-1.394354718136099E-003)
 (0.999999999999999,1.616958494438436E-003)
  -2.09439510239320       -1.20919957615614     
 (0.242471195202880,2.960594732333751E-016)
 (-8.830842619733195E-002,-5.278722131497560E-002)
 (-8.830842619733165E-002,5.278722131497718E-002)
 (0.239529290404693,7.894919286223335E-016)
  -2.09439510239320        1.20919957615614     
 (0.242946322240679,-1.381610875089084E-015)
 (-9.002630040110887E-002,5.368978177341028E-002)
 (-9.002630040110857E-002,-5.368978177341047E-002)
 (0.244786159181151,-9.868649107779169E-017)
  0.000000000000000E+000  -2.41839915231229     
 (0.244560075715320,7.894919286223335E-016)
 (2.687678812488572E-003,-0.107375446661543)
 (2.687678812489460E-003,0.107375446661545)
 (0.244401821979167,3.947459643111667E-016)
  0.000000000000000E+000  0.000000000000000E+000
 (9.19249390540450,-2.509838492645903E-002)
 (8.80794780605831,2.003433986725995E-003)
 (8.80794780605831,2.003433986726004E-003)
 (9.19311106704986,2.910525289988219E-002)
  0.000000000000000E+000   2.41839915231229     
 (0.244560075715320,-1.578983857244667E-015)
 (2.687678812489757E-003,0.107375446661543)
 (2.687678812488276E-003,-0.107375446661545)
 (0.244401821979167,-1.578983857244667E-015)
   2.09439510239320       -1.20919957615614     
 (0.242946322240679,0.000000000000000E+000)
 (-9.002630040110887E-002,-5.368978177340988E-002)
 (-9.002630040110876E-002,5.368978177341067E-002)
 (0.244786159181151,8.881784197001252E-016)
   2.09439510239320        1.20919957615614     
 (0.242471195202880,-6.908054375445419E-016)
 (-8.830842619733155E-002,5.278722131497579E-002)
 (-8.830842619733185E-002,-5.278722131497718E-002)
 (0.239529290404693,-1.973729821555834E-016)
   2.09439510239320        3.62759872846843     
 (0.253137927157442,3.618247676781847E-015)
 (1.664349617480730E-003,1.974245989302961E-003)
 (1.664349617480730E-003,-1.974245989296577E-003)
 (0.252132128054804,2.909709510371764E-015)
   4.18879020478639       0.000000000000000E+000
 (0.253137927157443,8.581098794498606E-016)
 (1.664349617481914E-003,-1.974245989299871E-003)
 (1.664349617481125E-003,1.974245989299546E-003)
 (0.252132128054805,5.088522196198634E-017)
   1.00000000000000                2           9
 (1.00000000000000,-1.785380978333252E-003)
 (0.999999999999999,1.959386594376351E-003)
  -2.09439510239320       -1.20919957615614     
 (0.246643559827241,1.282924384011292E-015)
 (-9.348495819980190E-002,-5.451100014399706E-002)
 (-9.348495819980407E-002,5.451100014399884E-002)
 (0.245670865061988,1.480297366166875E-015)
  -2.09439510239320        1.20919957615614     
 (0.246261190378415,2.960594732333751E-016)
 (-9.433218910865332E-002,5.435548323039235E-002)
 (-9.433218910865371E-002,-5.435548323039314E-002)
 (0.246731559386505,0.000000000000000E+000)
  0.000000000000000E+000  -2.41839915231229     
 (0.246709387391789,9.868649107779170E-016)
 (3.738538615732799E-004,-0.108859702913645)
 (3.738538615729839E-004,0.108859702913647)
 (0.246784130000545,1.677670348322459E-015)
  0.000000000000000E+000  0.000000000000000E+000
 (9.20689048850407,-3.213685761000126E-002)
 (8.79205268829674,1.566050544379894E-003)
 (8.79205268829674,1.566050544379903E-003)
 (9.20945156609016,3.526895869877185E-002)
  0.000000000000000E+000   2.41839915231229     
 (0.246709387391789,-9.868649107779170E-016)
 (3.738538615730826E-004,0.108859702913645)
 (3.738538615731812E-004,-0.108859702913646)
 (0.246784130000545,-1.085551401855709E-015)
   2.09439510239320       -1.20919957615614     
 (0.246261190378415,8.881784197001252E-016)
 (-9.433218910865371E-002,-5.435548323039195E-002)
 (-9.433218910865371E-002,5.435548323039333E-002)
 (0.246731559386505,1.973729821555834E-016)
   2.09439510239320        1.20919957615614     
 (0.246643559827241,2.960594732333751E-016)
 (-9.348495819980387E-002,5.451100014399726E-002)
 (-9.348495819980210E-002,-5.451100014399844E-002)
 (0.245670865061988,9.868649107779169E-017)
   2.09439510239320        3.62759872846843     
 (0.253276543310320,3.056968258776907E-015)
 (5.890524042469912E-004,-1.505934751289034E-003)
 (5.890524042469912E-004,1.505934751294644E-003)
 (0.251637520806581,3.293661639721298E-015)
   4.18879020478639       0.000000000000000E+000
 (0.253276543310320,1.981439703671286E-016)
 (5.890524042475834E-004,1.505934751291791E-003)
 (5.890524042481755E-004,-1.505934751291901E-003)
 (0.251637520806582,2.374643691559363E-016)
   1.00000000000000                2           9
 (1.00000000000000,-5.586333686779292E-004)
 (0.999999999999999,5.313313220170251E-004)
  -2.09439510239320       -1.20919957615614     
 (0.242338549136075,8.881784197001252E-016)
 (-9.286629484150982E-002,-5.487876179459771E-002)
 (-9.286629484151002E-002,5.487876179459909E-002)
 (0.247572604026308,6.908054375445419E-016)
  -2.09439510239320        1.20919957615614     
 (0.242097369956426,-2.960594732333751E-016)
 (-9.213200409248401E-002,5.063404285490947E-002)
 (-9.213200409248420E-002,-5.063404285491006E-002)
 (0.241379901946399,-1.282924384011292E-015)
  0.000000000000000E+000  -2.41839915231229     
 (0.235827477582148,4.934324553889585E-016)
 (-4.531472129680007E-004,-0.103013839777181)
 (-4.531472129669151E-004,0.103013839777182)
 (0.241422203044519,8.881784197001252E-016)
  0.000000000000000E+000  0.000000000000000E+000
 (9.19345935621869,-1.005540063620670E-002)
 (8.80734710349801,-2.457184199486079E-004)
 (8.80734710349801,-2.457184199486049E-004)
 (9.19053415746401,9.563963796301691E-003)
  0.000000000000000E+000   2.41839915231229     
 (0.235827477582148,-1.480297366166875E-015)
 (-4.531472129674086E-004,0.103013839777181)
 (-4.531472129675072E-004,-0.103013839777182)
 (0.241422203044519,-1.480297366166875E-015)
   2.09439510239320       -1.20919957615614     
 (0.242097369956426,9.868649107779169E-017)
 (-9.213200409248420E-002,-5.063404285490907E-002)
 (-9.213200409248420E-002,5.063404285491026E-002)
 (0.241379901946398,4.934324553889585E-016)
   2.09439510239320        1.20919957615614     
 (0.242338549136074,-6.908054375445419E-016)
 (-9.286629484151002E-002,5.487876179459771E-002)
 (-9.286629484151002E-002,-5.487876179459909E-002)
 (0.247572604026308,-2.960594732333751E-016)
   2.09439510239320        3.62759872846843     
 (0.242481231899286,2.200593102803023E-015)
 (-2.294298443252055E-003,1.013324889344981E-003)
 (-2.294298443252451E-003,-1.013324889338782E-003)
 (0.249406914194415,3.470988928376705E-015)
   4.18879020478639       0.000000000000000E+000
 (0.242481231899287,-2.623287389782705E-016)
 (-2.294298443251858E-003,-1.013324889341440E-003)
 (-2.294298443251463E-003,1.013324889342312E-003)
 (0.249406914194416,-3.737365355465588E-016)
   1.00000000000000                2           9
 (1.00000000000000,1.589785717478419E-004)
 (0.999999999999999,-3.804160000503900E-004)
  -2.09439510239320       -1.20919957615614     
 (0.248787547615933,5.921189464667501E-016)
 (-9.450336564813286E-002,-5.421603886353063E-002)
 (-9.450336564813266E-002,5.421603886353291E-002)
 (0.247513296461261,2.960594732333751E-016)
  -2.09439510239320        1.20919957615614     
 (0.247783796355186,-7.894919286223335E-016)
 (-9.406220938718501E-002,5.598866175488087E-002)
 (-9.406220938718540E-002,-5.598866175488117E-002)
 (0.247393095962132,-9.868649107779170E-016)
  0.000000000000000E+000  -2.41839915231229     
 (0.247312538503089,9.868649107779170E-016)
 (-1.406449612345718E-004,-0.107824946548344)
 (-1.406449612346705E-004,0.107824946548347)
 (0.245778056180434,1.282924384011292E-015)
  0.000000000000000E+000  0.000000000000000E+000
 (9.22112468801439,2.861614291471791E-003)
 (8.78043509034400,-1.992936854717188E-003)
 (8.78043509034400,-1.992936854717191E-003)
 (9.21955908519661,-6.847488000896888E-003)
  0.000000000000000E+000   2.41839915231229     
 (0.247312538503089,-1.184237892933500E-015)
 (-1.406449612347692E-004,0.107824946548344)
 (-1.406449612344731E-004,-0.107824946548346)
 (0.245778056180434,-1.085551401855709E-015)
   2.09439510239320       -1.20919957615614     
 (0.247783796355186,9.868649107779170E-016)
 (-9.406220938718561E-002,-5.598866175488028E-002)
 (-9.406220938718482E-002,5.598866175488156E-002)
 (0.247393095962132,-5.921189464667501E-016)
   2.09439510239320        1.20919957615614     
 (0.248787547615933,-5.921189464667501E-016)
 (-9.450336564813247E-002,5.421603886353172E-002)
 (-9.450336564813305E-002,-5.421603886353172E-002)
 (0.247513296461261,-1.677670348322459E-015)
   2.09439510239320        3.62759872846843     
 (0.252531388423533,2.974327959851900E-015)
 (-1.393160619786905E-003,-7.797707787231624E-005)
 (-1.393160619787103E-003,7.797707787868133E-005)
 (0.254796999719236,3.114406880537028E-015)
   4.18879020478639       0.000000000000000E+000
 (0.252531388423533,-6.753374865504153E-016)
 (-1.393160619786116E-003,7.797707787592948E-005)
 (-1.393160619786116E-003,-7.797707787528156E-005)
 (0.254796999719237,5.628213944280307E-017)
   1.00000000000000                2           9
 (1.00000000000000,1.427742990693843E-004)
 (0.999999999999999,-2.091763083395351E-004)
  -2.09439510239320       -1.20919957615614     
 (0.247378459551737,4.934324553889585E-016)
 (-9.497401541592460E-002,-5.413306059979769E-002)
 (-9.497401541592392E-002,5.413306059979837E-002)
 (0.248461584671563,6.908054375445419E-016)
  -2.09439510239320        1.20919957615614     
 (0.246525717114553,-7.894919286223335E-016)
 (-9.472174910899442E-002,5.360420390997669E-002)
 (-9.472174910899452E-002,-5.360420390997778E-002)
 (0.247094517344658,0.000000000000000E+000)
  0.000000000000000E+000  -2.41839915231229     
 (0.247214774976368,1.282924384011292E-015)
 (-5.844104694143266E-004,-0.109913906409360)
 (-5.844104694146227E-004,0.109913906409362)
 (0.247412227654393,1.184237892933500E-015)
  0.000000000000000E+000  0.000000000000000E+000
 (9.21074437989257,2.569937383242162E-003)
 (8.79116455275412,-5.976180834301831E-004)
 (8.79116455275412,-5.976180834301741E-004)
 (9.20968133408818,-3.765173550117724E-003)
  0.000000000000000E+000   2.41839915231229     
 (0.247214774976368,-1.085551401855709E-015)
 (-5.844104694145239E-004,0.109913906409361)
 (-5.844104694142279E-004,-0.109913906409362)
 (0.247412227654393,-5.921189464667501E-016)
   2.09439510239320       -1.20919957615614     
 (0.246525717114553,0.000000000000000E+000)
 (-9.472174910899482E-002,-5.360420390997728E-002)
 (-9.472174910899452E-002,5.360420390997679E-002)
 (0.247094517344658,7.894919286223335E-016)
   2.09439510239320        1.20919957615614     
 (0.247378459551737,-4.934324553889585E-016)
 (-9.497401541592421E-002,5.413306059979758E-002)
 (-9.497401541592411E-002,-5.413306059979858E-002)
 (0.248461584671562,-6.908054375445419E-016)
   2.09439510239320        3.62759872846843     
 (0.251827899633776,2.971051259952833E-015)
 (-1.098893814809938E-004,2.055863218176797E-004)
 (-1.098893814811911E-004,-2.055863218116702E-004)
 (0.252004062251870,3.174929455143330E-015)
   4.18879020478639       0.000000000000000E+000
 (0.251827899633777,5.065392549852277E-016)
 (-1.098893814802043E-004,-2.055863218145610E-004)
 (-1.098893814805990E-004,2.055863218143570E-004)
 (0.252004062251871,3.159124196806652E-016)
   1.00000000000000                2           9
 (1.00000000000000,1.462888355845451E-003)
 (0.999999999999999,-1.640020013639128E-003)
  -2.09439510239320       -1.20919957615614     
 (0.249706369010305,1.282924384011292E-015)
 (-9.515795566950806E-002,-5.391268715186875E-002)
 (-9.515795566950845E-002,5.391268715186964E-002)
 (0.249517939672013,4.934324553889585E-016)
  -2.09439510239320        1.20919957615614     
 (0.248819424463710,-1.381610875089084E-015)
 (-9.403949421833079E-002,5.475515118806859E-002)
 (-9.403949421833019E-002,-5.475515118806889E-002)
 (0.247689432160721,-2.960594732333751E-016)
  0.000000000000000E+000  -2.41839915231229     
 (0.250060565637492,1.085551401855709E-015)
 (-2.041752100622555E-004,-0.109879915781009)
 (-2.041752100622555E-004,0.109879915781010)
 (0.249904550216043,1.085551401855709E-015)
  0.000000000000000E+000  0.000000000000000E+000
 (9.22582095826335,2.633199040521499E-002)
 (8.77521815495454,-1.594184920145001E-003)
 (8.77521815495454,-1.594184920145003E-003)
 (9.22580560813674,-2.952036024550814E-002)
  0.000000000000000E+000   2.41839915231229     
 (0.250060565637492,-8.881784197001252E-016)
 (-2.041752100620582E-004,0.109879915781009)
 (-2.041752100624529E-004,-0.109879915781011)
 (0.249904550216043,-8.881784197001252E-016)
   2.09439510239320       -1.20919957615614     
 (0.248819424463709,-1.973729821555834E-016)
 (-9.403949421833040E-002,-5.475515118806820E-002)
 (-9.403949421833059E-002,5.475515118806889E-002)
 (0.247689432160721,4.934324553889585E-016)
   2.09439510239320        1.20919957615614     
 (0.249706369010305,-4.934324553889585E-016)
 (-9.515795566950845E-002,5.391268715186855E-002)
 (-9.515795566950826E-002,-5.391268715187003E-002)
 (0.249517939672013,-6.908054375445419E-016)
   2.09439510239320        3.62759872846843     
 (0.255338133768579,3.221574241941817E-015)
 (-1.318052510490257E-003,1.980747550569395E-003)
 (-1.318052510489862E-003,-1.980747550562883E-003)
 (0.255199386055877,3.130983127085251E-015)
   4.18879020478639       0.000000000000000E+000
 (0.255338133768580,6.514850387557342E-017)
 (-1.318052510489072E-003,-1.980747550565436E-003)
 (-1.318052510489270E-003,1.980747550566627E-003)
 (0.255199386055878,1.715448770688176E-016)
   1.00000000000000                2           9
 (1.00000000000000,-4.417723701473533E-004)
 (0.999999999999999,1.324292670563370E-003)
  -2.09439510239320       -1.20919957615614     
 (0.246982607438755,-9.868649107779169E-017)
 (-9.402086035168357E-002,-5.461726185471941E-002)
 (-9.402086035168347E-002,5.461726185472138E-002)
 (0.243519842948636,-1.973729821555834E-016)
  -2.09439510239320        1.20919957615614     
 (0.245395082502261,-2.960594732333751E-016)
 (-9.083217963198810E-002,5.346886247111401E-002)
 (-9.083217963198820E-002,-5.346886247111420E-002)
 (0.244105909982665,2.960594732333751E-016)
  0.000000000000000E+000  -2.41839915231229     
 (0.246233820095061,1.184237892933500E-015)
 (5.463778496339858E-004,-0.107874528154483)
 (5.463778496341831E-004,0.107874528154485)
 (0.243235264852996,6.908054375445419E-016)
  0.000000000000000E+000  0.000000000000000E+000
 (9.21356353268692,-7.951902662650881E-003)
 (8.78576872810596,7.942682703748493E-003)
 (8.78576872810596,7.942682703748495E-003)
 (9.21547318634329,2.383726807014169E-002)
  0.000000000000000E+000   2.41839915231229     
 (0.246233820095061,-1.578983857244667E-015)
 (5.463778496341831E-004,0.107874528154483)
 (5.463778496339858E-004,-0.107874528154484)
 (0.243235264852996,-1.677670348322459E-015)
   2.09439510239320       -1.20919957615614     
 (0.245395082502261,-9.868649107779169E-017)
 (-9.083217963198791E-002,-5.346886247111361E-002)
 (-9.083217963198820E-002,5.346886247111499E-002)
 (0.244105909982665,4.934324553889585E-016)
   2.09439510239320        1.20919957615614     
 (0.246982607438755,-4.934324553889585E-016)
 (-9.402086035168337E-002,5.461726185472029E-002)
 (-9.402086035168347E-002,-5.461726185472039E-002)
 (0.243519842948636,-1.184237892933500E-015)
   2.09439510239320        3.62759872846843     
 (0.253715619428668,3.018997089358303E-015)
 (2.071892919612850E-004,1.316834476716684E-003)
 (2.071892919618771E-004,-1.316834476710123E-003)
 (0.249642787589548,3.340691920625558E-015)
   4.18879020478639       0.000000000000000E+000
 (0.253715619428669,6.013708050052931E-017)
 (2.071892919626666E-004,-1.316834476712787E-003)
 (2.071892919618771E-004,1.316834476713630E-003)
 (0.249642787589549,-3.091662728296443E-016)
   1.00000000000000                2           9
 (1.00000000000000,-6.381840041106244E-004)
 (0.999999999999999,1.131397032091895E-004)
  -2.09439510239320       -1.20919957615614     
 (0.246829126770110,6.908054375445419E-016)
 (-9.353221493077592E-002,-5.422196063349589E-002)
 (-9.353221493077572E-002,5.422196063349608E-002)
 (0.246039397946619,5.921189464667501E-016)
  -2.09439510239320        1.20919957615614     
 (0.247242256672131,-1.973729821555834E-016)
 (-9.273794551016717E-002,5.446428660010118E-002)
 (-9.273794551016697E-002,-5.446428660010157E-002)
 (0.245675022830087,-5.921189464667501E-016)
  0.000000000000000E+000  -2.41839915231229     
 (0.247864390372070,1.085551401855709E-015)
 (6.325689805234526E-004,-0.109336712260315)
 (6.325689805232552E-004,0.109336712260317)
 (0.247961335357243,1.085551401855709E-015)
  0.000000000000000E+000  0.000000000000000E+000
 (9.22142824318048,-1.148731207399177E-002)
 (8.78059841892531,-4.725398708113998E-003)
 (8.78059841892531,-4.725398708114000E-003)
 (9.22085009520403,2.036514657765423E-003)
  0.000000000000000E+000   2.41839915231229     
 (0.247864390372070,-8.881784197001252E-016)
 (6.325689805234526E-004,0.109336712260315)
 (6.325689805232552E-004,-0.109336712260317)
 (0.247961335357243,-1.085551401855709E-015)
   2.09439510239320       -1.20919957615614     
 (0.247242256672131,9.868649107779170E-016)
 (-9.273794551016677E-002,-5.446428660010078E-002)
 (-9.273794551016717E-002,5.446428660010236E-002)
 (0.245675022830087,3.947459643111667E-016)
   2.09439510239320        1.20919957615614     
 (0.246829126770110,-2.960594732333751E-016)
 (-9.353221493077572E-002,5.422196063349569E-002)
 (-9.353221493077572E-002,-5.422196063349648E-002)
 (0.246039397946619,-5.921189464667501E-016)
   2.09439510239320        3.62759872846843     
 (0.250795890830419,3.323922927024449E-015)
 (2.812780987271582E-004,-1.391970641529337E-004)
 (2.812780987271582E-004,1.391970641594253E-004)
 (0.252291801858868,3.053016944192737E-015)
   4.18879020478639       0.000000000000000E+000
 (0.250795890830419,3.652556652195610E-016)
 (2.812780987275529E-004,1.391970641562938E-004)
 (2.812780987281451E-004,-1.391970641560129E-004)
 (0.252291801858869,9.381962799241232E-017)
   1.00000000000000                2           9
 (1.00000000000000,-1.203663652573700E-004)
 (1.00000000000000,-2.439143225354049E-004)
  -2.09439510239320       -1.20919957615614     
 (0.251898695451442,8.881784197001252E-016)
 (-9.550107157390236E-002,-5.516549627454934E-002)
 (-9.550107157390296E-002,5.516549627455033E-002)
 (0.250409092420891,1.875043330478042E-015)
  -2.09439510239320        1.20919957615614     
 (0.251250828569601,-4.934324553889585E-016)
 (-9.689338173867244E-002,5.397966838168462E-002)
 (-9.689338173867225E-002,-5.397966838168590E-002)
 (0.251958024010839,2.960594732333751E-016)
  0.000000000000000E+000  -2.41839915231229     
 (0.251567367945398,1.085551401855709E-015)
 (-5.661386840130808E-004,-0.110356031337344)
 (-5.661386840129820E-004,0.110356031337347)
 (0.251417208906513,1.184237892933500E-015)
  0.000000000000000E+000  0.000000000000000E+000
 (9.24491246055695,-2.166594574633389E-003)
 (8.75672432105207,-3.278526190134173E-003)
 (8.75672432105207,-3.278526190134170E-003)
 (9.24310649954574,-4.390457805638702E-003)
  0.000000000000000E+000   2.41839915231229     
 (0.251567367945398,-1.085551401855709E-015)
 (-5.661386840128833E-004,0.110356031337344)
 (-5.661386840131794E-004,-0.110356031337346)
 (0.251417208906513,-1.184237892933500E-015)
   2.09439510239320       -1.20919957615614     
 (0.251250828569601,1.085551401855709E-015)
 (-9.689338173867225E-002,-5.397966838168462E-002)
 (-9.689338173867244E-002,5.397966838168590E-002)
 (0.251958024010839,6.908054375445419E-016)
   2.09439510239320        1.20919957615614     
 (0.251898695451442,-1.973729821555834E-016)
 (-9.550107157390315E-002,5.516549627454914E-002)
 (-9.550107157390217E-002,-5.516549627455052E-002)
 (0.250409092420891,4.934324553889585E-016)
   2.09439510239320        3.62759872846843     
 (0.255961819085065,2.876942511381091E-015)
 (-5.573219040064556E-004,4.536029997477604E-004)
 (-5.573219040066530E-004,-4.536029997418283E-004)
 (0.255520267135941,3.641184576075318E-015)
   4.18879020478639       0.000000000000000E+000
 (0.255961819085066,1.396452398161330E-015)
 (-5.573219040056662E-004,-4.536029997443320E-004)
 (-5.573219040054687E-004,4.536029997448464E-004)
 (0.255520267135942,2.858438794304005E-016)
   1.00000000000000                2           9
 (1.00000000000000,-5.067140184860939E-004)
 (0.999999999999999,5.101465182629145E-004)
  -2.09439510239320       -1.20919957615614     
 (0.246948001075586,4.934324553889585E-016)
 (-9.346948940150362E-002,-5.541236030416267E-002)
 (-9.346948940150362E-002,5.541236030416366E-002)
 (0.248947674079496,7.894919286223335E-016)
  -2.09439510239320        1.20919957615614     
 (0.246602594918456,-1.973729821555834E-016)
 (-9.388671257106049E-002,5.426152571365753E-002)
 (-9.388671257106068E-002,-5.426152571365853E-002)
 (0.247233602419746,-8.881784197001252E-016)
  0.000000000000000E+000  -2.41839915231229     
 (0.244267446416319,1.184237892933500E-015)
 (-8.794929786702315E-004,-0.106837721221562)
 (-8.794929786705276E-004,0.106837721221564)
 (0.245707463578906,8.881784197001252E-016)
  0.000000000000000E+000  0.000000000000000E+000
 (9.21227795894158,-9.120852332749695E-003)
 (8.78625407526617,3.089249799115150E-005)
 (8.78625407526617,3.089249799114640E-005)
 (9.21699663764244,9.182637328733999E-003)
  0.000000000000000E+000   2.41839915231229     
 (0.244267446416319,-1.184237892933500E-015)
 (-8.794929786708236E-004,0.106837721221562)
 (-8.794929786699354E-004,-0.106837721221564)
 (0.245707463578906,-1.677670348322459E-015)
   2.09439510239320       -1.20919957615614     
 (0.246602594918457,1.973729821555834E-016)
 (-9.388671257106049E-002,-5.426152571365694E-002)
 (-9.388671257106049E-002,5.426152571365853E-002)
 (0.247233602419746,2.960594732333751E-016)
   2.09439510239320        1.20919957615614     
 (0.246948001075586,-9.868649107779169E-017)
 (-9.346948940150362E-002,5.541236030416277E-002)
 (-9.346948940150362E-002,-5.541236030416346E-002)
 (0.248947674079496,-3.947459643111667E-016)
   2.09439510239320        3.62759872846843     
 (0.252990823068531,3.224658194787998E-015)
 (-8.259481586638313E-004,-1.059124812433923E-003)
 (-8.259481586642260E-004,1.059124812440462E-003)
 (0.253391879534297,3.710188021008618E-015)
   4.18879020478639       0.000000000000000E+000
 (0.252990823068532,2.659909329831104E-016)
 (-8.259481586630418E-004,1.059124812437460E-003)
 (-8.259481586634365E-004,-1.059124812437034E-003)
 (0.253391879534297,1.592090656840936E-016)
   1.00000000000000                2           9
 (1.00000000000000,1.591694296655475E-003)
 (0.999999999999999,-1.409480312012665E-003)
  -2.09439510239320       -1.20919957615614     
 (0.245314835047780,-3.947459643111667E-016)
 (-9.406724383733946E-002,-5.445244367310861E-002)
 (-9.406724383733926E-002,5.445244367310961E-002)
 (0.246893521437980,4.934324553889585E-016)
  -2.09439510239320        1.20919957615614     
 (0.244908591488533,-1.578983857244667E-015)
 (-9.221530754970135E-002,5.382335816751452E-002)
 (-9.221530754970154E-002,-5.382335816751520E-002)
 (0.241011853504909,-1.973729821555834E-016)
  0.000000000000000E+000  -2.41839915231229     
 (0.243503779015881,6.908054375445419E-016)
 (-2.680087380663585E-003,-0.106146021316764)
 (-2.680087380663782E-003,0.106146021316766)
 (0.240956647972973,8.881784197001252E-016)
  0.000000000000000E+000  0.000000000000000E+000
 (9.20450064787038,2.865049733980722E-002)
 (8.79871622351873,1.639925861793073E-003)
 (8.79871622351873,1.639925861793069E-003)
 (9.19732109579302,-2.537064561622036E-002)
  0.000000000000000E+000   2.41839915231229     
 (0.243503779015881,-8.881784197001252E-016)
 (-2.680087380663782E-003,0.106146021316764)
 (-2.680087380663585E-003,-0.106146021316766)
 (0.240956647972973,-1.085551401855709E-015)
   2.09439510239320       -1.20919957615614     
 (0.244908591488533,-1.973729821555834E-016)
 (-9.221530754970154E-002,-5.382335816751373E-002)
 (-9.221530754970135E-002,5.382335816751579E-002)
 (0.241011853504909,1.973729821555834E-016)
   2.09439510239320        1.20919957615614     
 (0.245314835047780,-7.894919286223335E-016)
 (-9.406724383733905E-002,5.445244367310852E-002)
 (-9.406724383733946E-002,-5.445244367310961E-002)
 (0.246893521437980,-8.881784197001252E-016)
   2.09439510239320        3.62759872846843     
 (0.251652259576537,2.772859102822483E-015)
 (-6.611325405737981E-004,6.497678724898332E-004)
 (-6.611325405736008E-004,-6.497678724838343E-004)
 (0.249734940264268,2.762450761966622E-015)
   4.18879020478639       0.000000000000000E+000
 (0.251652259576538,-8.635067969306773E-017)
 (-6.611325405730087E-004,-6.497678724865365E-004)
 (-6.611325405730087E-004,6.497678724873075E-004)
 (0.249734940264269,2.983724378680108E-016)
   1.00000000000000                2           9
 (1.00000000000000,1.742216946432298E-005)
 (0.999999999999999,4.799472411119569E-005)
  -2.09439510239320       -1.20919957615614     
 (0.247750969101630,1.381610875089084E-015)
 (-9.486238249073696E-002,-5.541307023872487E-002)
 (-9.486238249073657E-002,5.541307023872517E-002)
 (0.249573884508359,1.085551401855709E-015)
  -2.09439510239320        1.20919957615614     
 (0.246052226896183,-9.868649107779169E-017)
 (-9.581990897805021E-002,5.306842029293356E-002)
 (-9.581990897805061E-002,-5.306842029293425E-002)
 (0.248265611740527,-3.947459643111667E-016)
  0.000000000000000E+000  -2.41839915231229     
 (0.246596340505808,1.381610875089084E-015)
 (1.784740768289655E-005,-0.108218652841175)
 (1.784740768289655E-005,0.108218652841176)
 (0.247470808429963,1.578983857244667E-015)
  0.000000000000000E+000  0.000000000000000E+000
 (9.21530233121063,3.135990503533051E-004)
 (8.78483887496173,5.887520421733233E-004)
 (8.78483887496173,5.887520421733251E-004)
 (9.21580373263259,8.639050339971618E-004)
  0.000000000000000E+000   2.41839915231229     
 (0.246596340505808,-1.184237892933500E-015)
 (1.784740768289655E-005,0.108218652841175)
 (1.784740768289655E-005,-0.108218652841176)
 (0.247470808429963,-9.868649107779170E-016)
   2.09439510239320       -1.20919957615614     
 (0.246052226896183,4.934324553889585E-016)
 (-9.581990897805001E-002,-5.306842029293336E-002)
 (-9.581990897805080E-002,5.306842029293445E-002)
 (0.248265611740527,7.894919286223335E-016)
   2.09439510239320        1.20919957615614     
 (0.247750969101630,-1.973729821555834E-016)
 (-9.486238249073756E-002,5.541307023872418E-002)
 (-9.486238249073597E-002,-5.541307023872576E-002)
 (0.249573884508359,-9.868649107779169E-017)
   2.09439510239320        3.62759872846843     
 (0.252704495929657,3.509128751466584E-015)
 (1.029335568095825E-003,-1.434836982786241E-003)
 (1.029335568095825E-003,1.434836982792268E-003)
 (0.253306863397882,3.510261140402291E-015)
   4.18879020478639       0.000000000000000E+000
 (0.252704495929658,1.557275720413346E-016)
 (1.029335568096615E-003,1.434836982789318E-003)
 (1.029335568096220E-003,-1.434836982788812E-003)
 (0.253306863397883,5.519311859399542E-016)
   1.00000000000000                2           9
 (1.00000000000000,1.558303509501629E-004)
 (0.999999999999998,-4.341243362771184E-004)
  -2.09439510239320       -1.20919957615614     
 (0.246744227185332,0.000000000000000E+000)
 (-9.394270411706529E-002,-5.415164905781111E-002)
 (-9.394270411706529E-002,5.415164905781249E-002)
 (0.246216568536239,7.894919286223335E-016)
  -2.09439510239320        1.20919957615614     
 (0.243848431615575,-2.960594732333751E-016)
 (-9.336440461555423E-002,5.391805133866355E-002)
 (-9.336440461555304E-002,-5.391805133866562E-002)
 (0.245017951653136,-1.973729821555834E-016)
  0.000000000000000E+000  -2.41839915231229     
 (0.247873051360506,9.868649107779170E-016)
 (1.173917132224330E-003,-0.109798873530925)
 (1.173917132223540E-003,0.109798873530926)
 (0.242603014230648,9.868649107779170E-016)
  0.000000000000000E+000  0.000000000000000E+000
 (9.19990021406800,2.804946317102588E-003)
 (8.80098156624127,-2.504645867944355E-003)
 (8.80098156624127,-2.504645867944353E-003)
 (9.20043047009342,-7.814238052988233E-003)
  0.000000000000000E+000   2.41839915231229     
 (0.247873051360506,-1.381610875089084E-015)
 (1.173917132223540E-003,0.109798873530924)
 (1.173917132224330E-003,-0.109798873530926)
 (0.242603014230648,-1.381610875089084E-015)
   2.09439510239320       -1.20919957615614     
 (0.243848431615575,8.881784197001252E-016)
 (-9.336440461555304E-002,-5.391805133866454E-002)
 (-9.336440461555423E-002,5.391805133866444E-002)
 (0.245017951653136,3.947459643111667E-016)
   2.09439510239320        1.20919957615614     
 (0.246744227185332,-1.578983857244667E-015)
 (-9.394270411706490E-002,5.415164905781121E-002)
 (-9.394270411706548E-002,-5.415164905781230E-002)
 (0.246216568536239,0.000000000000000E+000)
   2.09439510239320        3.62759872846843     
 (0.253244791399834,3.058702982252883E-015)
 (7.564062388869530E-004,-1.138777051091224E-003)
 (7.564062388877425E-004,1.138777051098983E-003)
 (0.253490954889164,2.474679412007359E-015)
   4.18879020478639       0.000000000000000E+000
 (0.253244791399834,9.894669959918822E-016)
 (7.564062388881373E-004,1.138777051096032E-003)
 (7.564062388881373E-004,-1.138777051094489E-003)
 (0.253490954889165,-3.845303705081922E-016)
   1.00000000000000                2           9
 (1.00000000000000,-1.715011462155652E-003)
 (0.999999999999998,1.389666313571222E-003)
  -2.09439510239320       -1.20919957615614     
 (0.237226391492631,9.868649107779169E-017)
 (-9.409408602349936E-002,-4.668881494782262E-002)
 (-9.409408602349709E-002,4.668881494782538E-002)
 (0.241562624976408,-7.894919286223335E-016)
  -2.09439510239320        1.20919957615614     
 (0.240455176132822,-4.934324553889585E-016)
 (-8.891299093626337E-002,5.337970131749841E-002)
 (-8.891299093626188E-002,-5.337970131749743E-002)
 (0.244766317993052,-2.072416312633626E-015)
  0.000000000000000E+000  -2.41839915231229     
 (0.241100998053603,0.000000000000000E+000)
 (-2.000076870031897E-003,-0.104639645627231)
 (-2.000076870029726E-003,0.104639645627233)
 (0.243917051652992,1.085551401855709E-015)
  0.000000000000000E+000  0.000000000000000E+000
 (9.20348365791589,-3.087020631881982E-002)
 (8.79948216027393,-2.928106337278529E-003)
 (8.79948216027393,-2.928106337278531E-003)
 (9.19955500170034,2.501399364426237E-002)
  0.000000000000000E+000   2.41839915231229     
 (0.241100998053603,-1.578983857244667E-015)
 (-2.000076870029726E-003,0.104639645627230)
 (-2.000076870031897E-003,-0.104639645627233)
 (0.243917051652993,-1.085551401855709E-015)
   2.09439510239320       -1.20919957615614     
 (0.240455176132822,9.868649107779169E-017)
 (-8.891299093626159E-002,-5.337970131749703E-002)
 (-8.891299093626287E-002,5.337970131749900E-002)
 (0.244766317993053,-1.282924384011292E-015)
   2.09439510239320        1.20919957615614     
 (0.237226391492631,-1.085551401855709E-015)
 (-9.409408602349718E-002,4.668881494782459E-002)
 (-9.409408602349927E-002,-4.668881494782341E-002)
 (0.241562624976408,-1.578983857244667E-015)
   2.09439510239320        3.62759872846843     
 (0.246302017565665,2.413193102136625E-016)
 (-2.688606781074496E-003,2.310940743827147E-003)
 (-2.688606781074299E-003,-2.310940743821214E-003)
 (0.253120439442485,3.707682309321096E-015)
   4.18879020478639       0.000000000000000E+000
 (0.246302017565666,-3.013021930718828E-015)
 (-2.688606781073312E-003,-2.310940743824029E-003)
 (-2.688606781073904E-003,2.310940743824144E-003)
 (0.253120439442486,8.484725268055449E-016)
   1.00000000000000                2           9
 (1.00000000000000,-1.213346891506979E-003)
 (0.999999999999999,4.790719425492774E-005)
  -2.09439510239320       -1.20919957615614     
 (0.247101898056847,8.881784197001252E-016)
 (-9.355584634424287E-002,-5.501604086574869E-002)
 (-9.355584634424297E-002,5.501604086574948E-002)
 (0.247165514983357,1.381610875089084E-015)
  -2.09439510239320        1.20919957615614     
 (0.247148410523579,-4.934324553889585E-016)
 (-9.378693998702786E-002,5.551520781040894E-002)
 (-9.378693998702738E-002,-5.551520781041002E-002)
 (0.247866693017400,9.868649107779169E-017)
  0.000000000000000E+000  -2.41839915231229     
 (0.248507817269106,1.282924384011292E-015)
 (9.026372117546286E-004,-0.109070376457444)
 (9.026372117534444E-004,0.109070376457447)
 (0.247031145436202,1.776356839400250E-015)
  0.000000000000000E+000  0.000000000000000E+000
 (9.22182920284142,-2.184024404714237E-002)
 (8.78075181876957,-1.048895727528565E-002)
 (8.78075181876957,-1.048895727528566E-002)
 (9.21837665567262,8.623294965714843E-004)
  0.000000000000000E+000   2.41839915231229     
 (0.248507817269106,-2.960594732333751E-016)
 (9.026372117536417E-004,0.109070376457445)
 (9.026372117544312E-004,-0.109070376457447)
 (0.247031145436202,-1.973729821555834E-016)
   2.09439510239320       -1.20919957615614     
 (0.247148410523579,9.868649107779169E-017)
 (-9.378693998702728E-002,-5.551520781040894E-002)
 (-9.378693998702757E-002,5.551520781041002E-002)
 (0.247866693017400,8.881784197001252E-016)
   2.09439510239320        1.20919957615614     
 (0.247101898056847,-9.868649107779169E-017)
 (-9.355584634424306E-002,5.501604086574829E-002)
 (-9.355584634424277E-002,-5.501604086574968E-002)
 (0.247165514983356,-1.973729821555834E-016)
   2.09439510239320        3.62759872846843     
 (0.254155049514491,4.300186749893618E-015)
 (1.413338513527565E-003,2.632619550621356E-004)
 (1.413338513527959E-003,-2.632619550553517E-004)
 (0.253098822385699,3.473506686755032E-015)
   4.18879020478639       0.000000000000000E+000
 (0.254155049514492,9.460025355660189E-016)
 (1.413338513528354E-003,-2.632619550584835E-004)
 (1.413338513528749E-003,2.632619550588588E-004)
 (0.253098822385700,1.008067086595411E-015)
   1.00000000000000                2           9
 (1.00000000000000,-3.965107594290087E-005)
 (0.999999999999999,-5.291110902495001E-004)
  -2.09439510239320       -1.20919957615614     
 (0.246410684595491,9.868649107779169E-017)
 (-9.198924978193131E-002,-5.313308013815989E-002)
 (-9.198924978193171E-002,5.313308013816146E-002)
 (0.243505417183267,1.973729821555834E-016)
  -2.09439510239320        1.20919957615614     
 (0.243938823524968,-9.868649107779169E-017)
 (-9.123031827673936E-002,5.188620606147697E-002)
 (-9.123031827673955E-002,-5.188620606147736E-002)
 (0.240107759993101,-5.921189464667501E-016)
  0.000000000000000E+000  -2.41839915231229     
 (0.245745409444444,7.894919286223335E-016)
 (-3.394294416168009E-004,-0.105673680862434)
 (-3.394294416169983E-004,0.105673680862435)
 (0.242499226962263,1.973729821555834E-016)
  0.000000000000000E+000  0.000000000000000E+000
 (9.20179535607698,-7.137193669673925E-004)
 (8.79814020587369,-5.118859495726040E-003)
 (8.79814020587369,-5.118859495726038E-003)
 (9.20329866073346,-9.523999624487391E-003)
  0.000000000000000E+000   2.41839915231229     
 (0.245745409444444,-1.381610875089084E-015)
 (-3.394294416168009E-004,0.105673680862433)
 (-3.394294416169983E-004,-0.105673680862436)
 (0.242499226962263,-1.776356839400250E-015)
   2.09439510239320       -1.20919957615614     
 (0.243938823524968,9.868649107779169E-017)
 (-9.123031827673916E-002,-5.188620606147657E-002)
 (-9.123031827673975E-002,5.188620606147795E-002)
 (0.240107759993102,0.000000000000000E+000)
   2.09439510239320        1.20919957615614     
 (0.246410684595491,-1.184237892933500E-015)
 (-9.198924978193131E-002,5.313308013816018E-002)
 (-9.198924978193190E-002,-5.313308013816127E-002)
 (0.243505417183268,-7.894919286223335E-016)
   2.09439510239320        3.62759872846843     
 (0.253649551720635,3.096878945415179E-015)
 (-3.827491482412250E-005,-1.543316393797949E-003)
 (-3.827491482353038E-005,1.543316393804165E-003)
 (0.249666517891665,2.500314770041238E-015)
   4.18879020478639       0.000000000000000E+000
 (0.253649551720636,-5.518468591043163E-016)
 (-3.827491482333301E-005,1.543316393801554E-003)
 (-3.827491482254352E-005,-1.543316393800860E-003)
 (0.249666517891666,-3.592805065800854E-016)
   1.00000000000000                2           9
 (1.00000000000000,8.438916969748128E-004)
 (0.999999999999998,-1.391911917699494E-004)
  -2.09439510239320       -1.20919957615614     
 (0.236513701601234,-1.973729821555834E-016)
 (-9.250182501436181E-002,-5.285933764225841E-002)
 (-9.250182501436172E-002,5.285933764226068E-002)
 (0.243745028429072,9.868649107779169E-017)
  -2.09439510239320        1.20919957615614     
 (0.238718117184713,-9.868649107779169E-017)
 (-9.575690360079767E-002,4.898043614997722E-002)
 (-9.575690360079687E-002,-4.898043614997860E-002)
 (0.243943461663433,-9.868649107779170E-016)
  0.000000000000000E+000  -2.41839915231229     
 (0.242365757912763,8.881784197001252E-016)
 (-6.496874039241953E-003,-0.108529944517632)
 (-6.496874039240375E-003,0.108529944517634)
 (0.241825967944073,-1.973729821555834E-016)
  0.000000000000000E+000  0.000000000000000E+000
 (9.20172223435753,1.519005054554851E-002)
 (8.80612398518320,6.342304546847241E-003)
 (8.80612398518320,6.342304546847232E-003)
 (9.18501737856330,-2.505441451856173E-003)
  0.000000000000000E+000   2.41839915231229     
 (0.242365757912763,-1.875043330478042E-015)
 (-6.496874039240375E-003,0.108529944517632)
 (-6.496874039241953E-003,-0.108529944517634)
 (0.241825967944073,-1.776356839400250E-015)
   2.09439510239320       -1.20919957615614     
 (0.238718117184714,9.868649107779169E-017)
 (-9.575690360079687E-002,-4.898043614997741E-002)
 (-9.575690360079747E-002,4.898043614997821E-002)
 (0.243943461663433,9.868649107779170E-016)
   2.09439510239320        1.20919957615614     
 (0.236513701601233,-9.868649107779170E-016)
 (-9.250182501436141E-002,5.285933764225940E-002)
 (-9.250182501436191E-002,-5.285933764225970E-002)
 (0.243745028429072,-1.776356839400250E-015)
   2.09439510239320        3.62759872846843     
 (0.247179741614437,2.378305885564203E-015)
 (3.994915221678102E-003,-2.335448495863954E-003)
 (3.994915221678102E-003,2.335448495870312E-003)
 (0.247731745744315,3.190975647296115E-015)
   4.18879020478639       0.000000000000000E+000
 (0.247179741614438,-8.673617379884035E-017)
 (3.994915221678694E-003,2.335448495867556E-003)
 (3.994915221679089E-003,-2.335448495866924E-003)
 (0.247731745744316,5.312590645178972E-016)
   1.00000000000000                2           9
 (1.00000000000000,6.215565888200591E-005)
 (0.999999999999999,-1.141964731116633E-004)
  -2.09439510239320       -1.20919957615614     
 (0.246487836642354,7.894919286223335E-016)
 (-9.405397862913488E-002,-5.498313198489709E-002)
 (-9.405397862913517E-002,5.498313198489749E-002)
 (0.247716177872008,4.934324553889585E-016)
  -2.09439510239320        1.20919957615614     
 (0.248011656925335,-9.868649107779169E-017)
 (-9.510157874052992E-002,5.554038558174500E-002)
 (-9.510157874053021E-002,-5.554038558174539E-002)
 (0.245166789551199,1.973729821555834E-016)
  0.000000000000000E+000  -2.41839915231229     
 (0.247516249306276,6.908054375445419E-016)
 (-3.852332852944211E-004,-0.107347975889167)
 (-3.852332852943224E-004,0.107347975889170)
 (0.246375293013339,1.381610875089084E-015)
  0.000000000000000E+000  0.000000000000000E+000
 (9.22184310416061,1.118801859872109E-003)
 (8.77865209048664,-4.683673280707771E-004)
 (8.77865209048664,-4.683673280707797E-004)
 (9.22184215633622,-2.055536516013979E-003)
  0.000000000000000E+000   2.41839915231229     
 (0.247516249306276,-1.282924384011292E-015)
 (-3.852332852942237E-004,0.107347975889167)
 (-3.852332852945197E-004,-0.107347975889169)
 (0.246375293013339,-3.947459643111667E-016)
   2.09439510239320       -1.20919957615614     
 (0.248011656925335,8.881784197001252E-016)
 (-9.510157874053032E-002,-5.554038558174480E-002)
 (-9.510157874052963E-002,5.554038558174559E-002)
 (0.245166789551199,9.868649107779170E-016)
   2.09439510239320        1.20919957615614     
 (0.246487836642354,-3.947459643111667E-016)
 (-9.405397862913507E-002,5.498313198489650E-002)
 (-9.405397862913498E-002,-5.498313198489827E-002)
 (0.247716177872008,-2.960594732333751E-016)
   2.09439510239320        3.62759872846843     
 (0.254012037111178,3.547461321609349E-015)
 (2.316380535404900E-004,-4.974369551278788E-004)
 (2.316380535402926E-004,4.974369551341652E-004)
 (0.253093474133857,2.874725920272899E-015)
   4.18879020478639       0.000000000000000E+000
 (0.254012037111179,5.880712583561376E-016)
 (2.316380535412795E-004,4.974369551311349E-004)
 (2.316380535410821E-004,-4.974369551310596E-004)
 (0.253093474133857,-6.768794629735058E-016)
   1.00000000000000                2           9
 (1.00000000000000,-2.689801421959711E-004)
 (0.999999999999999,-2.101937610300025E-004)
  -2.09439510239320       -1.20919957615614     
 (0.244268826267154,1.184237892933500E-015)
 (-9.027341510828564E-002,-5.404715944218008E-002)
 (-9.027341510828545E-002,5.404715944218156E-002)
 (0.244507041670573,7.894919286223335E-016)
  -2.09439510239320        1.20919957615614     
 (0.245192052578880,-1.973729821555834E-016)
 (-9.398211648995798E-002,5.320885175895472E-002)
 (-9.398211648995819E-002,-5.320885175895610E-002)
 (0.243574701088544,-2.960594732333751E-016)
  0.000000000000000E+000  -2.41839915231229     
 (0.245228398672227,1.973729821555834E-015)
 (-4.511139104940535E-004,-0.108657579775146)
 (-4.511139104938561E-004,0.108657579775148)
 (0.248172302831301,1.578983857244667E-015)
  0.000000000000000E+000  0.000000000000000E+000
 (9.20073678019951,-4.841642559548279E-003)
 (8.79785476473410,-4.312565129051411E-003)
 (8.79785476473410,-4.312565129051415E-003)
 (9.20457159568166,-3.783487698559892E-003)
  0.000000000000000E+000   2.41839915231229     
 (0.245228398672227,-3.947459643111667E-016)
 (-4.511139104938561E-004,0.108657579775146)
 (-4.511139104940535E-004,-0.108657579775148)
 (0.248172302831301,-7.894919286223335E-016)
   2.09439510239320       -1.20919957615614     
 (0.245192052578880,1.973729821555834E-016)
 (-9.398211648995798E-002,-5.320885175895492E-002)
 (-9.398211648995819E-002,5.320885175895571E-002)
 (0.243574701088544,9.868649107779169E-017)
   2.09439510239320        1.20919957615614     
 (0.244268826267154,0.000000000000000E+000)
 (-9.027341510828545E-002,5.404715944217998E-002)
 (-9.027341510828564E-002,-5.404715944218156E-002)
 (0.244507041670573,-1.973729821555834E-016)
   2.09439510239320        3.62759872846843     
 (0.251979905342868,3.646581493556135E-015)
 (-5.571345935406510E-004,-8.713090719059174E-004)
 (-5.571345935408485E-004,8.713090719118367E-004)
 (0.250916572945791,3.630920795509122E-015)
   4.18879020478639       0.000000000000000E+000
 (0.251979905342868,1.182406795931080E-015)
 (-5.571345935402564E-004,8.713090719088704E-004)
 (-5.571345935396642E-004,-8.713090719091645E-004)
 (0.250916572945792,1.068011420043054E-015)
   1.00000000000000                2           9
 (1.00000000000000,6.722652519891808E-005)
 (0.999999999999999,-6.405858210790916E-004)
  -2.09439510239320       -1.20919957615614     
 (0.244202470734150,2.960594732333751E-016)
 (-9.280435632809672E-002,-5.339666605124056E-002)
 (-9.280435632809692E-002,5.339666605124105E-002)
 (0.242686508794216,-2.960594732333751E-016)
  -2.09439510239320        1.20919957615614     
 (0.245404807181405,5.921189464667501E-016)
 (-9.142619288518440E-002,5.350810924059749E-002)
 (-9.142619288518421E-002,-5.350810924059937E-002)
 (0.242674037839819,-1.973729821555834E-016)
  0.000000000000000E+000  -2.41839915231229     
 (0.243870778267773,-4.934324553889585E-016)
 (5.915821597327743E-004,-0.108231723618073)
 (5.915821597343532E-004,0.108231723618075)
 (0.244764785320699,4.934324553889585E-016)
  0.000000000000000E+000  0.000000000000000E+000
 (9.20603487062834,1.210077453567178E-003)
 (8.79472699783176,-5.160233662930359E-003)
 (8.79472699783176,-5.160233662930364E-003)
 (9.20379205228913,-1.153054477943669E-002)
  0.000000000000000E+000   2.41839915231229     
 (0.243870778267773,-1.480297366166875E-015)
 (5.915821597343532E-004,0.108231723618073)
 (5.915821597327743E-004,-0.108231723618075)
 (0.244764785320699,-1.480297366166875E-015)
   2.09439510239320       -1.20919957615614     
 (0.245404807181405,1.973729821555834E-016)
 (-9.142619288518440E-002,-5.350810924059828E-002)
 (-9.142619288518421E-002,5.350810924059878E-002)
 (0.242674037839819,3.947459643111667E-016)
   2.09439510239320        1.20919957615614     
 (0.244202470734150,-2.960594732333751E-016)
 (-9.280435632809692E-002,5.339666605123976E-002)
 (-9.280435632809672E-002,-5.339666605124164E-002)
 (0.242686508794217,-1.282924384011292E-015)
   2.09439510239320        3.62759872846843     
 (0.252546019963103,3.346787546173088E-015)
 (1.366123285910545E-003,1.094851884512347E-003)
 (1.366123285909953E-003,-1.094851884505606E-003)
 (0.248768319480007,2.932260915559463E-015)
   4.18879020478639       0.000000000000000E+000
 (0.252546019963104,9.234993171415419E-017)
 (1.366123285910940E-003,-1.094851884508337E-003)
 (1.366123285911137E-003,1.094851884509358E-003)
 (0.248768319480008,-2.544261098099317E-017)
   1.00000000000000                2           9
 (1.00000000000000,2.756045822979336E-004)
 (0.999999999999998,-6.843325263573873E-004)
  -2.09439510239320       -1.20919957615614     
 (0.248589652576825,-4.934324553889585E-016)
 (-9.367926532571463E-002,-5.541029105662629E-002)
 (-9.367926532571413E-002,5.541029105662757E-002)
 (0.248728053083727,-1.973729821555834E-016)
  -2.09439510239320        1.20919957615614     
 (0.246482200831928,-1.184237892933500E-015)
 (-9.509410893654113E-002,5.536307396686505E-002)
 (-9.509410893654222E-002,-5.536307396686525E-002)
 (0.245840207879739,-9.868649107779170E-016)
  0.000000000000000E+000  -2.41839915231229     
 (0.249721719809042,4.934324553889585E-016)
 (8.317206690370406E-004,-0.109945610598878)
 (8.317206690373366E-004,0.109945610598879)
 (0.248188273267835,3.947459643111667E-016)
  0.000000000000000E+000  0.000000000000000E+000
 (9.20868552928549,4.960882481376047E-003)
 (8.78895793538851,-3.678551496517148E-003)
 (8.78895793538851,-3.678551496517140E-003)
 (9.21300512530602,-1.231798547441980E-002)
  0.000000000000000E+000   2.41839915231229     
 (0.249721719809042,-1.085551401855709E-015)
 (8.317206690374354E-004,0.109945610598877)
 (8.317206690369419E-004,-0.109945610598880)
 (0.248188273267835,-1.578983857244667E-015)
   2.09439510239320       -1.20919957615614     
 (0.246482200831928,-3.947459643111667E-016)
 (-9.509410893654192E-002,-5.536307396686446E-002)
 (-9.509410893654123E-002,5.536307396686565E-002)
 (0.245840207879740,-5.921189464667501E-016)
   2.09439510239320        1.20919957615614     
 (0.248589652576825,-1.085551401855709E-015)
 (-9.367926532571404E-002,5.541029105662659E-002)
 (-9.367926532571473E-002,-5.541029105662738E-002)
 (0.248728053083727,-2.171102803711417E-015)
   2.09439510239320        3.62759872846843     
 (0.253045010318211,2.139106792932289E-015)
 (2.680683798006456E-003,-5.364596872092518E-004)
 (2.680683798007048E-003,5.364596872155028E-004)
 (0.252855853145513,1.914941970425509E-015)
   4.18879020478639       0.000000000000000E+000
 (0.253045010318212,-4.237543957705567E-016)
 (2.680683798007640E-003,5.364596872126131E-004)
 (2.680683798007443E-003,-5.364596872122797E-004)
 (0.252855853145513,-2.538478686512728E-016)
   1.00000000000000                2           9
 (1.00000000000000,1.166546381694575E-003)
 (0.999999999999999,-9.819411972673611E-004)
  -2.09439510239320       -1.20919957615614     
 (0.244703016723887,1.480297366166875E-015)
 (-9.361585407479645E-002,-5.512701723801783E-002)
 (-9.361585407479664E-002,5.512701723801743E-002)
 (0.248357460754400,4.934324553889585E-016)
  -2.09439510239320        1.20919957615614     
 (0.245316270602137,-1.085551401855709E-015)
 (-9.296697595866672E-002,5.399151200351840E-002)
 (-9.296697595866633E-002,-5.399151200351929E-002)
 (0.244305862064667,-4.934324553889585E-016)
  0.000000000000000E+000  -2.41839915231229     
 (0.246350343997205,4.934324553889585E-016)
 (2.803774157568779E-004,-0.106493962093456)
 (2.803774157566805E-004,0.106493962093457)
 (0.245781072329350,1.578983857244667E-015)
  0.000000000000000E+000  0.000000000000000E+000
 (9.20197659923645,2.099783487050179E-002)
 (8.79774368849212,1.661446659840280E-003)
 (8.79774368849212,1.661446659840283E-003)
 (9.20304518993719,-1.767494155081257E-002)
  0.000000000000000E+000   2.41839915231229     
 (0.246350343997205,-1.282924384011292E-015)
 (2.803774157566805E-004,0.106493962093455)
 (2.803774157566805E-004,-0.106493962093458)
 (0.245781072329350,-3.947459643111667E-016)
   2.09439510239320       -1.20919957615614     
 (0.245316270602137,6.908054375445419E-016)
 (-9.296697595866653E-002,-5.399151200351879E-002)
 (-9.296697595866633E-002,5.399151200351909E-002)
 (0.244305862064667,2.960594732333751E-016)
   2.09439510239320        1.20919957615614     
 (0.244703016723887,1.973729821555834E-016)
 (-9.361585407479664E-002,5.512701723801664E-002)
 (-9.361585407479645E-002,-5.512701723801881E-002)
 (0.248357460754400,-8.881784197001252E-016)
   2.09439510239320        3.62759872846843     
 (0.250197847258875,3.231211594586133E-015)
 (-8.507459120556701E-004,1.081998190558667E-004)
 (-8.507459120554728E-004,-1.081998190497596E-004)
 (0.252075117400567,3.350329273269873E-015)
   4.18879020478639       0.000000000000000E+000
 (0.250197847258876,-5.154056194179980E-016)
 (-8.507459120544859E-004,-1.081998190525097E-004)
 (-8.507459120548807E-004,1.081998190530939E-004)
 (0.252075117400568,6.888779670156787E-016)
   1.00000000000000                2           9
 (1.00000000000000,2.952004231566142E-004)
 (0.999999999999999,-4.349909018317918E-004)
  -2.09439510239320       -1.20919957615614     
 (0.248685189673247,3.947459643111667E-016)
 (-9.414794939718647E-002,-5.447898440810049E-002)
 (-9.414794939718638E-002,5.447898440810237E-002)
 (0.245503909090474,9.868649107779169E-017)
  -2.09439510239320        1.20919957615614     
 (0.246515592459572,-9.868649107779169E-017)
 (-9.259298454882280E-002,5.548877361825758E-002)
 (-9.259298454882309E-002,-5.548877361825985E-002)
 (0.247416538580865,-4.934324553889585E-016)
  0.000000000000000E+000  -2.41839915231229     
 (0.246717609843510,6.908054375445419E-016)
 (-1.007492281098384E-004,-0.108582372285798)
 (-1.007492281095423E-004,0.108582372285800)
 (0.246278960264586,5.921189464667501E-016)
  0.000000000000000E+000  0.000000000000000E+000
 (9.22573747188196,5.313607616817677E-003)
 (8.77561127553637,-1.258114308078469E-003)
 (8.77561127553637,-1.258114308078466E-003)
 (9.22458173582208,-7.829836232973527E-003)
  0.000000000000000E+000   2.41839915231229     
 (0.246717609843510,-1.282924384011292E-015)
 (-1.007492281098384E-004,0.108582372285798)
 (-1.007492281095423E-004,-0.108582372285800)
 (0.246278960264586,-9.868649107779170E-016)
   2.09439510239320       -1.20919957615614     
 (0.246515592459572,6.908054375445419E-016)
 (-9.259298454882280E-002,-5.548877361825837E-002)
 (-9.259298454882309E-002,5.548877361825867E-002)
 (0.247416538580865,8.881784197001252E-016)
   2.09439510239320        1.20919957615614     
 (0.248685189673247,-1.184237892933500E-015)
 (-9.414794939718647E-002,5.447898440810128E-002)
 (-9.414794939718638E-002,-5.447898440810158E-002)
 (0.245503909090474,-6.908054375445419E-016)
   2.09439510239320        3.62759872846843     
 (0.253617239875167,2.913660824955934E-015)
 (-9.862442598627614E-004,1.909875922868883E-004)
 (-9.862442598629587E-004,-1.909875922805218E-004)
 (0.252383491284128,3.215020842143682E-015)
   4.18879020478639       0.000000000000000E+000
 (0.253617239875168,2.499929275935465E-016)
 (-9.862442598619718E-004,-1.909875922832053E-004)
 (-9.862442598623665E-004,1.909875922841519E-004)
 (0.252383491284129,-5.341020835479703E-016)
   1.00000000000000                2           9
 (1.00000000000000,-3.005711290133704E-004)
 (0.999999999999999,4.759110778062370E-004)
  -2.09439510239320       -1.20919957615614     
 (0.246176468716268,5.921189464667501E-016)
 (-9.255116915169204E-002,-5.333674777905204E-002)
 (-9.255116915169233E-002,5.333674777905322E-002)
 (0.246185321928861,7.894919286223335E-016)
  -2.09439510239320        1.20919957615614     
 (0.245441744621288,-9.868649107779169E-017)
 (-9.409650821907532E-002,5.488300024337297E-002)
 (-9.409650821907523E-002,-5.488300024337356E-002)
 (0.247378630446319,-9.868649107779169E-017)
  0.000000000000000E+000  -2.41839915231229     
 (0.245300341060250,1.184237892933500E-015)
 (-9.992654864504008E-004,-0.105896774732238)
 (-9.992654864504008E-004,0.105896774732240)
 (0.246643751648710,8.881784197001252E-016)
  0.000000000000000E+000  0.000000000000000E+000
 (9.21408768502430,-5.410280322241350E-003)
 (8.78510726785103,1.578059539133839E-003)
 (8.78510726785103,1.578059539133841E-003)
 (9.21697017637290,8.566399400511333E-003)
  0.000000000000000E+000   2.41839915231229     
 (0.245300341060250,-9.868649107779170E-016)
 (-9.992654864504008E-004,0.105896774732238)
 (-9.992654864504008E-004,-0.105896774732240)
 (0.246643751648710,-1.085551401855709E-015)
   2.09439510239320       -1.20919957615614     
 (0.245441744621288,8.881784197001252E-016)
 (-9.409650821907552E-002,-5.488300024337297E-002)
 (-9.409650821907503E-002,5.488300024337375E-002)
 (0.247378630446319,8.881784197001252E-016)
   2.09439510239320        1.20919957615614     
 (0.246176468716268,-5.921189464667501E-016)
 (-9.255116915169223E-002,5.333674777905204E-002)
 (-9.255116915169213E-002,-5.333674777905322E-002)
 (0.246185321928861,-9.868649107779170E-016)
   2.09439510239320        3.62759872846843     
 (0.255440785670670,3.310045139216634E-015)
 (-3.727241019573471E-004,-1.573977474944636E-003)
 (-3.727241019583340E-004,1.573977474950810E-003)
 (0.252438814386367,3.325850397553312E-015)
   4.18879020478639       0.000000000000000E+000
 (0.255440785670671,3.506068892002014E-016)
 (-3.727241019577418E-004,1.573977474947897E-003)
 (-3.727241019567549E-004,-1.573977474947442E-003)
 (0.252438814386368,-2.775557561562891E-017)
