   -2.094395     -1.209200
  1    1        0.24627258        0.00063005        0.00000000        0.00000000
  1    2       -0.09341839        0.00031326       -0.05400021        0.00031860
  2    1       -0.09341839        0.00031326        0.05400021        0.00031860
  2    2        0.24615545        0.00064273        0.00000000        0.00000000
   -2.094395      1.209200
  1    1        0.24567693        0.00051496       -0.00000000        0.00000000
  1    2       -0.09332896        0.00033144        0.05389031        0.00019857
  2    1       -0.09332896        0.00033144       -0.05389031        0.00019857
  2    2        0.24575883        0.00049822       -0.00000000        0.00000000
    0.000000     -2.418399
  1    1        0.24603839        0.00052762        0.00000000        0.00000000
  1    2       -0.00026737        0.00031231       -0.10790871        0.00031511
  2    1       -0.00026737        0.00031231        0.10790871        0.00031511
  2    2        0.24604911        0.00054383        0.00000000        0.00000000
    0.000000      0.000000
  1    1        0.21261395        0.00251839       -0.00000000        0.00000000
  1    2       -0.21154611        0.00251324       -0.00000000        0.00000000
  2    1       -0.21154611        0.00251324       -0.00000000        0.00000000
  2    2        0.21163051        0.00268523       -0.00000000        0.00000000
    0.000000      2.418399
  1    1        0.24603839        0.00052762       -0.00000000        0.00000000
  1    2       -0.00026737        0.00031231        0.10790871        0.00031511
  2    1       -0.00026737        0.00031231       -0.10790871        0.00031511
  2    2        0.24604911        0.00054383       -0.00000000        0.00000000
    2.094395     -1.209200
  1    1        0.24567693        0.00051496        0.00000000        0.00000000
  1    2       -0.09332896        0.00033144       -0.05389031        0.00019857
  2    1       -0.09332896        0.00033144        0.05389031        0.00019857
  2    2        0.24575883        0.00049822        0.00000000        0.00000000
    2.094395      1.209200
  1    1        0.24627258        0.00063005       -0.00000000        0.00000000
  1    2       -0.09341839        0.00031326        0.05400021        0.00031860
  2    1       -0.09341839        0.00031326       -0.05400021        0.00031860
  2    2        0.24615545        0.00064273       -0.00000000        0.00000000
    2.094395      3.627599
  1    1        0.25234227        0.00055319        0.00000000        0.00000000
  1    2        0.00005482        0.00026434       -0.00000726        0.00016784
  2    1        0.00005482        0.00026434        0.00000726        0.00016784
  2    2        0.25227956        0.00043378        0.00000000        0.00000000
    4.188790      0.000000
  1    1        0.25234227        0.00055319        0.00000000        0.00000000
  1    2        0.00005482        0.00026434        0.00000726        0.00016784
  2    1        0.00005482        0.00026434       -0.00000726        0.00016784
  2    2        0.25227956        0.00043378        0.00000000        0.00000000
