   -1.000000      0.000000
  1    1       -0.00440012        0.00023698       -0.00000000        0.00000000
  1    2       -0.00280117        0.00024214       -0.00000000        0.00000000
  2    1       -0.00284068        0.00024999       -0.00000000        0.00000000
  2    2       -0.00449612        0.00028816       -0.00000000        0.00000000
   -0.500000      0.866025
  1    1       -0.00432205        0.00027962       -0.00000000        0.00000000
  1    2       -0.06500810        0.00036782       -0.00000000        0.00000000
  2    1       -0.00273443        0.00025202       -0.00000000        0.00000000
  2    2       -0.00446068        0.00028852       -0.00000000        0.00000000
    0.000000      1.732051
  1    1       -0.00229882        0.00023595        0.00000000        0.00000000
  1    2       -0.00271003        0.00030968        0.00000000        0.00000000
  2    1       -0.00271703        0.00026223        0.00000000        0.00000000
  2    2       -0.00241930        0.00023463        0.00000000        0.00000000
   -0.500000     -0.866025
  1    1       -0.00452060        0.00026542       -0.00000000        0.00000000
  1    2       -0.00268067        0.00022916       -0.00000000        0.00000000
  2    1       -0.06500224        0.00039111       -0.00000000        0.00000000
  2    2       -0.00459288        0.00027569       -0.00000000        0.00000000
    0.000000      0.000000
  1    1        0.24369714        0.00067880        0.00000000        0.00000000
  1    2       -0.06505177        0.00039345        0.00000000        0.00000000
  2    1       -0.06505177        0.00039345        0.00000000        0.00000000
  2    2        0.24356849        0.00067896        0.00000000        0.00000000
    0.500000      0.866025
  1    1       -0.00452060        0.00026542       -0.00000000        0.00000000
  1    2       -0.06500224        0.00039111       -0.00000000        0.00000000
  2    1       -0.00268067        0.00022916       -0.00000000        0.00000000
  2    2       -0.00459288        0.00027569       -0.00000000        0.00000000
    0.500000     -0.866025
  1    1       -0.00432205        0.00027962       -0.00000000        0.00000000
  1    2       -0.00273443        0.00025202       -0.00000000        0.00000000
  2    1       -0.06500810        0.00036782       -0.00000000        0.00000000
  2    2       -0.00446068        0.00028852       -0.00000000        0.00000000
    1.000000      0.000000
  1    1       -0.00440012        0.00023698       -0.00000000        0.00000000
  1    2       -0.00284068        0.00024999       -0.00000000        0.00000000
  2    1       -0.00280117        0.00024214       -0.00000000        0.00000000
  2    2       -0.00449612        0.00028816       -0.00000000        0.00000000
    1.500000      0.866025
  1    1       -0.00229882        0.00023595        0.00000000        0.00000000
  1    2       -0.00271703        0.00026223        0.00000000        0.00000000
  2    1       -0.00271003        0.00030968        0.00000000        0.00000000
  2    2       -0.00241930        0.00023463        0.00000000        0.00000000
