           2 (-14.2019446816175,-4.478936292838672E-003)   1.00000000000000     
           2 (-14.3205897631615,1.680479013501839E-002)   1.00000000000000     
           2 (-13.9684570226535,8.563670087002788E-003)   1.00000000000000     
           2 (-14.0038936162854,1.119526019703246E-002)   1.00000000000000     
           2 (-14.0776189483925,3.865715457060815E-004)   1.00000000000000     
           2 (-14.2412276012766,-1.156570041759649E-002)   1.00000000000000     
           2 (-14.0391532859460,-4.401544477484193E-003)   1.00000000000000     
           2 (-13.9757900303771,5.977300835363628E-003)   1.00000000000000     
           2 (-13.9048800963233,-7.193740300094077E-003)   1.00000000000000     
           2 (-14.1825305337939,-4.491545786906734E-003)   1.00000000000000     
           2 (-14.1454109074560,1.118016793363561E-002)   1.00000000000000     
           2 (-14.2471539248370,4.006867973395101E-003)   1.00000000000000     
           2 (-14.1144194236969,3.132101088755832E-003)   1.00000000000000     
           2 (-14.3341571852466,-4.914368399297347E-004)   1.00000000000000     
           2 (-14.0395529039903,-3.985873709389546E-003)   1.00000000000000     
           2 (-14.0941141678956,-1.195236166889434E-003)   1.00000000000000     
           2 (-13.9608132282152,-3.188369840302999E-003)   1.00000000000000     
           2 (-14.1424753966158,1.588536540749355E-002)   1.00000000000000     
           2 (-14.0529305925085,-9.450797416230006E-003)   1.00000000000000     
           2 (-13.8509869902495,-6.557052380271173E-003)   1.00000000000000     
           2 (-14.0839594640499,6.178499599023349E-005)   1.00000000000000     
           2 (-14.2115027961541,3.279851723612637E-003)   1.00000000000000     
           2 (-14.0724833896777,1.177504084336313E-003)   1.00000000000000     
           2 (-14.1996236371690,-5.009291735885713E-003)   1.00000000000000     
           2 (-14.2933581856827,-5.856212674652826E-003)   1.00000000000000     
           2 (-14.0547812245391,-2.097791455063462E-002)   1.00000000000000     
           2 (-14.2236313271386,-1.023771899144598E-002)   1.00000000000000     
           2 (-14.3582315734286,1.268460909369864E-002)   1.00000000000000     
           2 (-14.0341424248939,-9.367346561576328E-004)   1.00000000000000     
           2 (-14.1895365439779,-8.625130258191262E-003)   1.00000000000000     
           2 (-14.2294463153279,-1.032046732592778E-002)   1.00000000000000     
           2 (-14.0717559045747,-7.357102992992241E-003)   1.00000000000000     
           2 (-14.2018260350750,3.322893319681482E-003)   1.00000000000000     
           2 (-14.0605357390448,-2.516228616165070E-003)   1.00000000000000     
           2 (-14.1275714410490,3.156119078270348E-003)   1.00000000000000     
