   -1.000000      0.000000
  1    1       -0.00000043        0.00007462        0.00007599        0.00007560
  1    2       -0.06070251        0.00018850        0.00018129        0.00015517
  2    1       -0.06090413        0.00017785        0.00008292        0.00014697
  2    2        0.00001167        0.00010005        0.00004114        0.00008234
   -0.500000      0.866025
  1    1        0.00011533        0.00005915        0.00007513        0.00007451
  1    2        0.42393456        0.00027552       -0.00004698        0.00011939
  2    1       -0.06064439        0.00018949       -0.00010891        0.00013969
  2    2       -0.00002087        0.00007702       -0.00001853        0.00005953
    0.000000      1.732051
  1    1       -0.00002490        0.00004133       -0.00022377        0.00014276
  1    2       -0.06092218        0.00012224       -0.00012460        0.00017464
  2    1       -0.06103052        0.00015072        0.00011840        0.00013001
  2    2        0.00003629        0.00002774        0.00000604        0.00013472
   -0.500000     -0.866025
  1    1       -0.00005499        0.00006916        0.00008580        0.00007318
  1    2       -0.06090517        0.00022553       -0.00009239        0.00011620
  2    1        0.42423012        0.00025248       -0.00018875        0.00014521
  2    2        0.00009583        0.00006079       -0.00002617        0.00007301
    0.000000      0.000000
  1    1        1.00000000        0.00000000       -0.00010665        0.00022369
  1    2        0.42379916        0.00020361       -0.00004038        0.00021753
  2    1        0.42379916        0.00020361        0.00004038        0.00021753
  2    2        1.00000000        0.00000000       -0.00000537        0.00022315
    0.500000      0.866025
  1    1        0.00005499        0.00006916        0.00008580        0.00007318
  1    2        0.42423012        0.00025248        0.00018875        0.00014521
  2    1       -0.06090517        0.00022553        0.00009239        0.00011620
  2    2       -0.00009583        0.00006079       -0.00002617        0.00007301
    0.500000     -0.866025
  1    1       -0.00011533        0.00005915        0.00007513        0.00007451
  1    2       -0.06064439        0.00018949        0.00010891        0.00013969
  2    1        0.42393456        0.00027552        0.00004698        0.00011939
  2    2        0.00002087        0.00007702       -0.00001853        0.00005953
    1.000000      0.000000
  1    1        0.00000043        0.00007462        0.00007599        0.00007560
  1    2       -0.06090413        0.00017785       -0.00008292        0.00014697
  2    1       -0.06070251        0.00018850       -0.00018129        0.00015517
  2    2       -0.00001167        0.00010005        0.00004114        0.00008234
    1.500000      0.866025
  1    1        0.00002490        0.00004133       -0.00022377        0.00014276
  1    2       -0.06103052        0.00015072       -0.00011840        0.00013001
  2    1       -0.06092218        0.00012224        0.00012460        0.00017464
  2    2       -0.00003629        0.00002774        0.00000604        0.00013472
