   -2.094395     -1.209200
  1    1        1.00000000        0.00000000        0.00015845        0.00032549
  1    2        0.72719723        0.00016500        0.42010439        0.00029101
  2    1        0.72719723        0.00016500       -0.42010439        0.00029101
  2    2        1.00000000        0.00000000       -0.00018678        0.00028914
   -2.094395      1.209200
  1    1        1.00000000        0.00000004       -0.00001829        0.00023290
  1    2        0.72734714        0.00025120       -0.41982878        0.00031144
  2    1        0.72734714        0.00025120        0.41982878        0.00031144
  2    2        1.00000000        0.00000000       -0.00013329        0.00031160
    0.000000     -2.418399
  1    1        1.00000000        0.00000000        0.00044630        0.00024192
  1    2       -0.00025253        0.00022202        0.83980368        0.00016485
  2    1       -0.00025253        0.00022202       -0.83980368        0.00016485
  2    2        1.00000000        0.00000000       -0.00014940        0.00026822
    0.000000      0.000000
  1    1        1.00000000        0.00000000       -0.00008037        0.00012479
  1    2        0.90685495        0.00012578       -0.00002672        0.00008189
  2    1        0.90685495        0.00012578        0.00002672        0.00008189
  2    2        1.00000000        0.00000011       -0.00000040        0.00014994
    0.000000      2.418399
  1    1        1.00000000        0.00000000       -0.00022996        0.00026234
  1    2       -0.00002485        0.00018868       -0.83960299        0.00011811
  2    1       -0.00002485        0.00018868        0.83960299        0.00011811
  2    2        1.00000000        0.00000000        0.00038054        0.00028954
    2.094395     -1.209200
  1    1        1.00000000        0.00000004        0.00029350        0.00028312
  1    2        0.72717025        0.00021884        0.42002344        0.00025184
  2    1        0.72717025        0.00021884       -0.42002344        0.00025184
  2    2        1.00000000        0.00000004       -0.00003945        0.00026233
    2.094395      1.209200
  1    1        1.00000000        0.00000000        0.00005271        0.00025829
  1    2        0.72721581        0.00026565       -0.42001302        0.00021141
  2    1        0.72721581        0.00026565        0.42001302        0.00021141
  2    2        1.00000000        0.00000000        0.00005989        0.00026389
    2.094395      3.627599
  1    1        1.00000000        0.00000000       -0.00089634        0.00075512
  1    2       -0.00126507        0.00076905        0.00024470        0.00110073
  2    1       -0.00126507        0.00076905       -0.00024470        0.00110073
  2    2        1.00000000        0.00000004       -0.00009936        0.00072816
    4.188790      0.000000
  1    1        1.00000000        0.00000004       -0.00068586        0.00061344
  1    2       -0.00005048        0.00089549       -0.00106811        0.00140747
  2    1       -0.00005048        0.00089549        0.00106811        0.00140747
  2    2        1.00000000        0.00000004        0.00011988        0.00062953
