   1.00000000000000                2           9
 (0.000000000000000E+000,0.000000000000000E+000)
 (0.000000000000000E+000,0.000000000000000E+000)
  -2.09439510239320       -1.20919957615614     
 (1.00000000000000,-1.984502885656766E-004)
 (0.726218509351520,0.420211473003552)
 (0.726218509351521,-0.420211473003552)
 (1.00000000000000,-4.711281520139522E-004)
  -2.09439510239320        1.20919957615614     
 (1.00000000000000,-9.055861841487668E-004)
 (0.728718624557777,-0.416377271741884)
 (0.728718624557777,0.416377271741884)
 (0.999999999999999,3.563055590724327E-004)
  0.000000000000000E+000  -2.41839915231229     
 (1.00000000000000,6.169518042225408E-005)
 (5.980528445405334E-004,0.839005271975327)
 (5.980528445418533E-004,-0.839005271975326)
 (1.00000000000000,6.812062343635439E-004)
  0.000000000000000E+000  0.000000000000000E+000
 (1.00000000000000,-2.666798270875973E-004)
 (0.907528518842517,1.854625091236681E-004)
 (0.907528518842516,-1.854625091234988E-004)
 (0.999999999999999,3.739195212630776E-004)
  0.000000000000000E+000   2.41839915231229     
 (1.00000000000000,-1.046838370887388E-003)
 (2.361857677486460E-003,-0.838649980189319)
 (2.361857677487114E-003,0.838649980189318)
 (1.00000000000000,-1.004107860524151E-003)
   2.09439510239320       -1.20919957615614     
 (1.00000000000000,1.848794592182031E-003)
 (0.727256450794947,0.420461708541483)
 (0.727256450794947,-0.420461708541482)
 (0.999999999999999,-7.094702191972240E-004)
   2.09439510239320        1.20919957615614     
 (1.00000000000000,1.922124542615829E-003)
 (0.726546222704517,-0.419979794786360)
 (0.726546222704516,0.419979794786360)
 (1.00000000000000,-1.003514417940376E-003)
   2.09439510239320        3.62759872846843     
 (1.00000000000000,-4.475237034597946E-003)
 (9.116029479583516E-003,4.189400251507650E-003)
 (9.116029479586847E-003,-4.189400251508059E-003)
 (0.999999999999997,4.205571225630273E-003)
   4.18879020478639       0.000000000000000E+000
 (1.00000000000000,1.013184054629561E-004)
 (6.053743874455502E-003,-1.685489581210451E-003)
 (6.053743874456464E-003,1.685489581211042E-003)
 (0.999999999999996,-1.709391052458207E-003)
   1.00000000000000                2           9
 (0.000000000000000E+000,0.000000000000000E+000)
 (0.000000000000000E+000,0.000000000000000E+000)
  -2.09439510239320       -1.20919957615614     
 (1.00000000000000,2.818851694974510E-004)
 (0.727311504450876,0.419439469114318)
 (0.727311504450878,-0.419439469114320)
 (1.00000000000000,-1.292601765852149E-003)
  -2.09439510239320        1.20919957615614     
 (1.00000000000000,-1.307421316644096E-003)
 (0.727615416967519,-0.418795745099305)
 (0.727615416967522,0.418795745099306)
 (0.999999999999998,-8.625782577133054E-005)
  0.000000000000000E+000  -2.41839915231229     
 (1.00000000000000,1.221577752133290E-003)
 (2.109594494786192E-004,0.839720853374204)
 (2.109594494790510E-004,-0.839720853374205)
 (1.00000000000000,-2.007991144715642E-004)
  0.000000000000000E+000  0.000000000000000E+000
 (1.00000000000000,5.359112551914563E-004)
 (0.906379067602827,-7.725465087705877E-004)
 (0.906379067602831,7.725465087713404E-004)
 (0.999999999999998,-1.073589903389813E-003)
  0.000000000000000E+000   2.41839915231229     
 (1.00000000000000,-1.531868824959898E-004)
 (8.217600870849674E-004,-0.839460722011654)
 (8.217600870828209E-004,0.839460722011656)
 (1.00000000000000,-1.913234222091139E-003)
   2.09439510239320       -1.20919957615614     
 (1.00000000000000,6.736750943223409E-005)
 (0.725743179669265,0.418688583183536)
 (0.725743179669269,-0.418688583183538)
 (0.999999999999998,1.533826878454267E-003)
   2.09439510239320        1.20919957615614     
 (1.00000000000000,-2.698086754630648E-003)
 (0.725650276482866,-0.419100757851660)
 (0.725650276482866,0.419100757851664)
 (1.00000000000000,3.133000482688257E-003)
   2.09439510239320        3.62759872846843     
 (1.00000000000000,6.883172515031876E-003)
 (-2.778696360108696E-003,1.132959242583786E-002)
 (-2.778696360109856E-003,-1.132959242583950E-002)
 (0.999999999999995,2.640103835907139E-003)
   4.18879020478639       0.000000000000000E+000
 (1.00000000000000,5.283766688917052E-004)
 (1.228606026619721E-003,7.147314332789005E-004)
 (1.228606026621201E-003,-7.147314332769168E-004)
 (0.999999999999996,3.023507856460722E-004)
   1.00000000000000                2           9
 (0.000000000000000E+000,0.000000000000000E+000)
 (0.000000000000000E+000,0.000000000000000E+000)
  -2.09439510239320       -1.20919957615614     
 (1.00000000000000,1.170449713998856E-003)
 (0.726901443218139,0.416245240956822)
 (0.726901443218140,-0.416245240956821)
 (1.00000000000000,-2.790128511280260E-003)
  -2.09439510239320        1.20919957615614     
 (1.00000000000000,1.026261068851381E-003)
 (0.724707872698980,-0.421892786635200)
 (0.724707872698982,0.421892786635201)
 (0.999999999999999,-3.087023535517308E-003)
  0.000000000000000E+000  -2.41839915231229     
 (1.00000000000000,1.247441681218343E-003)
 (7.514638679877265E-004,0.839664224602854)
 (7.514638679888922E-004,-0.839664224602855)
 (1.00000000000000,-8.686518786179183E-004)
  0.000000000000000E+000  0.000000000000000E+000
 (1.00000000000000,1.638138272259955E-003)
 (0.906746606353015,-1.638067205136845E-003)
 (0.906746606353017,1.638067205137691E-003)
 (1.00000000000000,-9.472335430762836E-004)
  0.000000000000000E+000   2.41839915231229     
 (1.00000000000000,2.584625390699946E-003)
 (-2.626798194218090E-003,-0.840144094304916)
 (-2.626798194218577E-003,0.840144094304918)
 (1.00000000000000,-2.210019411109647E-003)
   2.09439510239320       -1.20919957615614     
 (1.00000000000000,1.397299251462705E-003)
 (0.728198214780205,0.419369657277397)
 (0.728198214780207,-0.419369657277396)
 (0.999999999999999,-3.921157869573267E-004)
   2.09439510239320        1.20919957615614     
 (1.00000000000000,1.102112359120183E-003)
 (0.725861632615505,-0.422419590616904)
 (0.725861632615506,0.422419590616905)
 (1.00000000000000,-1.563049241266062E-003)
   2.09439510239320        3.62759872846843     
 (0.999999999999999,8.152859856805091E-004)
 (-2.138149656984803E-003,-1.499552866533495E-003)
 (-2.138149656983224E-003,1.499552866531491E-003)
 (0.999999999999997,-3.318077794189031E-003)
   4.18879020478639       0.000000000000000E+000
 (0.999999999999999,3.772499523529404E-003)
 (3.984040645185649E-003,3.407337806628242E-004)
 (3.984040645188338E-003,-3.407337806615194E-004)
 (0.999999999999997,4.704021498704345E-003)
   1.00000000000000                2           9
 (0.000000000000000E+000,0.000000000000000E+000)
 (0.000000000000000E+000,0.000000000000000E+000)
  -2.09439510239320       -1.20919957615614     
 (1.00000000000000,-1.591270380012044E-003)
 (0.726603416557881,0.421297919896305)
 (0.726603416557883,-0.421297919896302)
 (1.00000000000000,1.984732501207457E-003)
  -2.09439510239320        1.20919957615614     
 (0.999999999999999,-1.501887021038239E-003)
 (0.728101588333269,-0.417417181568011)
 (0.728101588333268,0.417417181568013)
 (0.999999999999998,1.424541449884911E-003)
  0.000000000000000E+000  -2.41839915231229     
 (1.00000000000000,-7.661439441805453E-004)
 (-3.362634877246911E-004,0.838761871010345)
 (-3.362634877213111E-004,-0.838761871010344)
 (1.00000000000000,-1.332095919178964E-003)
  0.000000000000000E+000  0.000000000000000E+000
 (1.00000000000000,-1.516500544309744E-003)
 (0.906308404339504,1.079676237588000E-003)
 (0.906308404339502,-1.079676237584745E-003)
 (0.999999999999999,1.353189951956898E-003)
  0.000000000000000E+000   2.41839915231229     
 (1.00000000000000,-1.096696642867703E-003)
 (8.886798667059943E-004,-0.839826870238850)
 (8.886798667029226E-004,0.839826870238849)
 (1.00000000000000,3.191455786131997E-003)
   2.09439510239320       -1.20919957615614     
 (0.999999999999999,5.761656678364667E-004)
 (0.727998078164763,0.421071066319257)
 (0.727998078164765,-0.421071066319254)
 (0.999999999999999,4.582801992133747E-004)
   2.09439510239320        1.20919957615614     
 (1.00000000000000,1.932104560457521E-003)
 (0.727034533132407,-0.420818381139646)
 (0.727034533132406,0.420818381139649)
 (1.00000000000000,-7.575296009256803E-004)
   2.09439510239320        3.62759872846843     
 (1.00000000000000,4.134840542530122E-004)
 (-7.620791366645637E-003,5.565856570953199E-003)
 (-7.620791366642670E-003,-5.565856570953852E-003)
 (0.999999999999997,-3.157815234561815E-004)
   4.18879020478639       0.000000000000000E+000
 (1.00000000000000,-4.574215188122636E-004)
 (-3.466018701849347E-003,-2.371327240636265E-003)
 (-3.466018701846929E-003,2.371327240636524E-003)
 (0.999999999999997,3.599003022403734E-003)
   1.00000000000000                2           9
 (0.000000000000000E+000,0.000000000000000E+000)
 (0.000000000000000E+000,0.000000000000000E+000)
  -2.09439510239320       -1.20919957615614     
 (1.00000000000000,1.958726342629908E-003)
 (0.726989464716607,0.419215237078838)
 (0.726989464716607,-0.419215237078838)
 (1.00000000000000,-1.939584060541262E-003)
  -2.09439510239320        1.20919957615614     
 (1.00000000000000,2.682189246766112E-003)
 (0.728159028614776,-0.419872616257372)
 (0.728159028614778,0.419872616257371)
 (0.999999999999999,-3.104589221560082E-003)
  0.000000000000000E+000  -2.41839915231229     
 (1.00000000000000,1.840958664887235E-003)
 (2.626423723431113E-004,0.840995942178725)
 (2.626423723446409E-004,-0.840995942178723)
 (1.00000000000000,-1.575710030656510E-003)
  0.000000000000000E+000  0.000000000000000E+000
 (1.00000000000000,2.298063480286039E-003)
 (0.906863774698825,-1.553517086091598E-003)
 (0.906863774698826,1.553517086090618E-003)
 (0.999999999999999,-1.465060773614999E-003)
  0.000000000000000E+000   2.41839915231229     
 (1.00000000000000,6.136019688902743E-004)
 (2.012632695039824E-003,-0.841006780636072)
 (2.012632695042797E-003,0.841006780636071)
 (1.00000000000000,-2.293461065403516E-003)
   2.09439510239320       -1.20919957615614     
 (0.999999999999999,1.117279145738533E-003)
 (0.727996842787825,0.420461350812018)
 (0.727996842787825,-0.420461350812018)
 (0.999999999999999,-2.830124223353503E-003)
   2.09439510239320        1.20919957615614     
 (1.00000000000000,1.279163540128929E-003)
 (0.727512187037234,-0.420806711831229)
 (0.727512187037235,0.420806711831227)
 (1.00000000000000,-2.540860100364846E-003)
   2.09439510239320        3.62759872846843     
 (1.00000000000000,7.216863305598113E-004)
 (-3.537490929830121E-004,5.251689511187946E-003)
 (-3.537490929810754E-004,-5.251689511186827E-003)
 (0.999999999999996,1.440744191849956E-003)
   4.18879020478639       0.000000000000000E+000
 (0.999999999999999,2.006420972704637E-003)
 (8.109616662163564E-003,-6.841325738776028E-003)
 (8.109616662165574E-003,6.841325738776719E-003)
 (0.999999999999997,-1.615863610806949E-005)
   1.00000000000000                2           9
 (0.000000000000000E+000,0.000000000000000E+000)
 (0.000000000000000E+000,0.000000000000000E+000)
  -2.09439510239320       -1.20919957615614     
 (1.00000000000000,-1.461074527949103E-003)
 (0.726434773623780,0.421050469492300)
 (0.726434773623780,-0.421050469492301)
 (1.00000000000000,8.621520955158892E-004)
  -2.09439510239320        1.20919957615614     
 (1.00000000000000,-1.093495703383096E-003)
 (0.727973464524426,-0.418276340714900)
 (0.727973464524425,0.418276340714901)
 (0.999999999999998,1.340487700498500E-003)
  0.000000000000000E+000  -2.41839915231229     
 (1.00000000000000,-9.187129137920447E-004)
 (-1.691079675583919E-003,0.839559552743343)
 (-1.691079675583851E-003,-0.839559552743342)
 (0.999999999999999,2.052891973414246E-003)
  0.000000000000000E+000  0.000000000000000E+000
 (1.00000000000000,-2.945871702531880E-004)
 (0.907246963975890,2.949817519046829E-004)
 (0.907246963975889,-2.949817519047158E-004)
 (0.999999999999999,8.193335388368371E-004)
  0.000000000000000E+000   2.41839915231229     
 (1.00000000000000,-1.212040494729452E-003)
 (-8.754528716175485E-005,-0.839344817224616)
 (-8.754528716219278E-005,0.839344817224616)
 (0.999999999999999,2.394618700045178E-003)
   2.09439510239320       -1.20919957615614     
 (1.00000000000000,-3.771827463977359E-004)
 (0.727260935839434,0.421999765651691)
 (0.727260935839434,-0.421999765651692)
 (0.999999999999998,1.914383265269172E-003)
   2.09439510239320        1.20919957615614     
 (1.00000000000000,-1.184297230369078E-003)
 (0.727552778955013,-0.419375016846672)
 (0.727552778955013,0.419375016846673)
 (1.00000000000000,9.263105482660366E-006)
   2.09439510239320        3.62759872846843     
 (1.00000000000000,-2.200881569664940E-003)
 (-2.812583135546479E-003,5.623530156830160E-003)
 (-2.812583135548022E-003,-5.623530156828468E-003)
 (0.999999999999996,-5.007988617455327E-003)
   4.18879020478639       0.000000000000000E+000
 (1.00000000000000,-4.439012648265697E-003)
 (1.414741512331859E-003,6.552130910222508E-003)
 (1.414741512328948E-003,-6.552130910221973E-003)
 (0.999999999999995,3.013293034390546E-003)
   1.00000000000000                2           9
 (0.000000000000000E+000,0.000000000000000E+000)
 (0.000000000000000E+000,0.000000000000000E+000)
  -2.09439510239320       -1.20919957615614     
 (1.00000000000000,-1.766052075594607E-003)
 (0.727134195918808,0.420322544211942)
 (0.727134195918808,-0.420322544211943)
 (1.00000000000000,1.788468974500271E-003)
  -2.09439510239320        1.20919957615614     
 (0.999999999999999,-9.913799194154456E-004)
 (0.727660010484302,-0.417753434597952)
 (0.727660010484301,0.417753434597950)
 (0.999999999999998,2.503490114594992E-003)
  0.000000000000000E+000  -2.41839915231229     
 (1.00000000000000,-2.361971721078506E-003)
 (-5.064168743113427E-004,0.838833768228983)
 (-5.064168743123296E-004,-0.838833768228982)
 (1.00000000000000,2.094660384515389E-003)
  0.000000000000000E+000  0.000000000000000E+000
 (1.00000000000000,-4.071078755809777E-004)
 (0.906972798628634,3.994398134681161E-004)
 (0.906972798628633,-3.994398134698665E-004)
 (0.999999999999999,-1.178700762724874E-006)
  0.000000000000000E+000   2.41839915231229     
 (1.00000000000000,-1.431308562037773E-003)
 (2.031378868376288E-003,-0.840319997331996)
 (2.031378868378952E-003,0.840319997331995)
 (1.00000000000000,2.848965357004068E-003)
   2.09439510239320       -1.20919957615614     
 (0.999999999999999,-1.900958472440980E-003)
 (0.725601047896604,0.421754554410205)
 (0.725601047896601,-0.421754554410206)
 (0.999999999999999,-1.580415045384920E-004)
   2.09439510239320        1.20919957615614     
 (1.00000000000000,-7.398239780989112E-004)
 (0.728073282342792,-0.418336304389053)
 (0.728073282342792,0.418336304389051)
 (1.00000000000000,3.015773165783645E-004)
   2.09439510239320        3.62759872846843     
 (1.00000000000000,-1.553909844962090E-003)
 (-5.570370495283157E-003,4.771976657629666E-004)
 (-5.570370495282590E-003,-4.771976657621007E-004)
 (0.999999999999996,-3.009209135308374E-003)
   4.18879020478639       0.000000000000000E+000
 (0.999999999999999,3.586657393071305E-003)
 (3.282368797367023E-003,9.600644236198594E-003)
 (3.282368797367788E-003,-9.600644236197921E-003)
 (0.999999999999996,-1.003649989206428E-003)
   1.00000000000000                2           9
 (0.000000000000000E+000,0.000000000000000E+000)
 (0.000000000000000E+000,0.000000000000000E+000)
  -2.09439510239320       -1.20919957615614     
 (1.00000000000000,-5.535456202344415E-004)
 (0.727705845797709,0.420250409080730)
 (0.727705845797708,-0.420250409080732)
 (1.00000000000000,-1.195977607956757E-003)
  -2.09439510239320        1.20919957615614     
 (1.00000000000000,1.471838493145497E-003)
 (0.725409604786338,-0.421792062133379)
 (0.725409604786338,0.421792062133377)
 (0.999999999999999,-2.839248844903697E-003)
  0.000000000000000E+000  -2.41839915231229     
 (1.00000000000000,1.061838012994770E-003)
 (5.749424040946324E-004,0.839619017921084)
 (5.749424040908021E-004,-0.839619017921084)
 (1.00000000000000,-6.248276245699725E-004)
  0.000000000000000E+000  0.000000000000000E+000
 (1.00000000000000,1.702348831114996E-004)
 (0.906846999938095,-5.894234353663326E-004)
 (0.906846999938095,5.894234353637736E-004)
 (0.999999999999999,6.891669490333003E-005)
  0.000000000000000E+000   2.41839915231229     
 (1.00000000000000,1.562371415621897E-003)
 (-2.031277675419817E-003,-0.840310785582787)
 (-2.031277675418676E-003,0.840310785582787)
 (1.00000000000000,-1.403308042148478E-003)
   2.09439510239320       -1.20919957615614     
 (0.999999999999999,4.894233493001070E-004)
 (0.726885566325337,0.419255465612097)
 (0.726885566325335,-0.419255465612099)
 (0.999999999999999,-1.289080559104586E-003)
   2.09439510239320        1.20919957615614     
 (1.00000000000000,-3.159046214550597E-005)
 (0.726917103614663,-0.420317495214210)
 (0.726917103614663,0.420317495214208)
 (1.00000000000000,-2.163109325020550E-004)
   2.09439510239320        3.62759872846843     
 (0.999999999999999,5.567232315687843E-003)
 (-4.863755039595994E-003,-3.515071594904036E-004)
 (-4.863755039595463E-003,3.515071594904344E-004)
 (0.999999999999997,-3.226430850278766E-003)
   4.18879020478639       0.000000000000000E+000
 (0.999999999999999,3.748987174525067E-003)
 (-5.544306392832888E-003,1.624400917540936E-003)
 (-5.544306392832321E-003,-1.624400917540764E-003)
 (0.999999999999997,2.281286222010554E-004)
   1.00000000000000                2           9
 (0.000000000000000E+000,0.000000000000000E+000)
 (0.000000000000000E+000,0.000000000000000E+000)
  -2.09439510239320       -1.20919957615614     
 (1.00000000000000,3.294412362245554E-004)
 (0.727324059451287,0.421837963980982)
 (0.727324059451287,-0.421837963980985)
 (1.00000000000000,-1.389554906276542E-004)
  -2.09439510239320        1.20919957615614     
 (0.999999999999999,1.824424927578635E-003)
 (0.728202808838819,-0.419906844772771)
 (0.728202808838820,0.419906844772771)
 (0.999999999999999,-2.900505391024310E-003)
  0.000000000000000E+000  -2.41839915231229     
 (1.00000000000000,1.502426193553948E-003)
 (-6.518011310770887E-004,0.840090109580394)
 (-6.518011310784086E-004,-0.840090109580394)
 (1.00000000000000,-1.458170942736482E-003)
  0.000000000000000E+000  0.000000000000000E+000
 (1.00000000000000,1.396171554109158E-003)
 (0.907650576112384,3.767977465997680E-004)
 (0.907650576112385,-3.767977466006215E-004)
 (0.999999999999999,-2.138285402600441E-003)
  0.000000000000000E+000   2.41839915231229     
 (1.00000000000000,1.677912959134656E-003)
 (2.395594804000596E-004,-0.840644323199010)
 (2.395594804008984E-004,0.840644323199010)
 (1.00000000000000,3.149125253097173E-005)
   2.09439510239320       -1.20919957615614     
 (0.999999999999999,1.736476198075704E-003)
 (0.727145760523713,0.420720347948600)
 (0.727145760523714,-0.420720347948602)
 (0.999999999999999,-2.524421435682875E-003)
   2.09439510239320        1.20919957615614     
 (1.00000000000000,2.435355504943399E-003)
 (0.726999124077677,-0.420923285789114)
 (0.726999124077679,0.420923285789114)
 (1.00000000000000,-7.915164056144551E-004)
   2.09439510239320        3.62759872846843     
 (0.999999999999999,1.648586350836344E-003)
 (-6.250865588186180E-004,2.664172154778192E-003)
 (-6.250865588178284E-004,-2.664172154780282E-003)
 (0.999999999999997,-5.819961456764763E-003)
   4.18879020478639       0.000000000000000E+000
 (1.00000000000000,1.319040273359529E-003)
 (4.686304901958736E-003,7.275918739184236E-003)
 (4.686304901960253E-003,-7.275918739182184E-003)
 (0.999999999999997,-1.726380075356306E-003)
   1.00000000000000                2           9
 (0.000000000000000E+000,0.000000000000000E+000)
 (0.000000000000000E+000,0.000000000000000E+000)
  -2.09439510239320       -1.20919957615614     
 (1.00000000000000,-1.257418833236910E-003)
 (0.727144570155130,0.419681911473083)
 (0.727144570155130,-0.419681911473084)
 (1.00000000000000,2.074512492409254E-003)
  -2.09439510239320        1.20919957615614     
 (1.00000000000000,1.528454046937046E-004)
 (0.727302410568449,-0.420213396053682)
 (0.727302410568449,0.420213396053681)
 (0.999999999999997,6.851721314658776E-004)
  0.000000000000000E+000  -2.41839915231229     
 (1.00000000000000,-2.663551452635261E-003)
 (-4.919132715717694E-004,0.840356182856529)
 (-4.919132715721580E-004,-0.840356182856529)
 (0.999999999999999,2.076316282449926E-003)
  0.000000000000000E+000  0.000000000000000E+000
 (1.00000000000000,-1.422858883863995E-003)
 (0.907412322334789,5.230284736924113E-004)
 (0.907412322334790,-5.230284736929273E-004)
 (0.999999999999999,9.144323457959772E-004)
  0.000000000000000E+000   2.41839915231229     
 (1.00000000000000,-2.347971902763658E-003)
 (1.105999572032452E-003,-0.839780537013576)
 (1.105999572033395E-003,0.839780537013576)
 (0.999999999999999,2.638359432614910E-003)
   2.09439510239320       -1.20919957615614     
 (1.00000000000000,-1.721836033534572E-003)
 (0.725988642964666,0.420230698413756)
 (0.725988642964667,-0.420230698413756)
 (0.999999999999998,2.379186731513999E-003)
   2.09439510239320        1.20919957615614     
 (1.00000000000000,-1.923129106641525E-003)
 (0.728979902554763,-0.417484178651854)
 (0.728979902554764,0.417484178651854)
 (1.00000000000000,1.770310106014350E-003)
   2.09439510239320        3.62759872846843     
 (1.00000000000000,1.847975971319335E-003)
 (-1.561448366432855E-003,-7.389705337085284E-004)
 (-1.561448366431807E-003,7.389705337087439E-004)
 (0.999999999999997,-4.618707224620300E-003)
   4.18879020478639       0.000000000000000E+000
 (0.999999999999999,-2.011290423452340E-003)
 (3.190263320220889E-004,3.595289228820005E-003)
 (3.190263320240996E-004,-3.595289228820298E-003)
 (0.999999999999996,1.181880069010314E-003)
   1.00000000000000                2           9
 (0.000000000000000E+000,0.000000000000000E+000)
 (0.000000000000000E+000,0.000000000000000E+000)
  -2.09439510239320       -1.20919957615614     
 (1.00000000000000,2.094132564351486E-003)
 (0.726570545447324,0.420663527142686)
 (0.726570545447324,-0.420663527142687)
 (1.00000000000000,4.943613713434748E-004)
  -2.09439510239320        1.20919957615614     
 (1.00000000000000,5.789575898949595E-005)
 (0.727382874568008,-0.420199117891216)
 (0.727382874568008,0.420199117891215)
 (0.999999999999998,6.012065021133825E-004)
  0.000000000000000E+000  -2.41839915231229     
 (1.00000000000000,2.424594772892447E-003)
 (1.451429655750816E-003,0.840249695670427)
 (1.451429655748873E-003,-0.840249695670428)
 (1.00000000000000,-5.543913893945985E-004)
  0.000000000000000E+000  0.000000000000000E+000
 (1.00000000000000,1.074514980320585E-004)
 (0.907135418830348,-3.786135502744742E-004)
 (0.907135418830348,3.786135502721705E-004)
 (0.999999999999999,-1.181485529264049E-003)
  0.000000000000000E+000   2.41839915231229     
 (1.00000000000000,-1.541323549382817E-004)
 (-1.254574430061538E-003,-0.839664502855324)
 (-1.254574430059965E-003,0.839664502855324)
 (0.999999999999999,-9.625292497462435E-004)
   2.09439510239320       -1.20919957615614     
 (1.00000000000000,4.240115440045987E-004)
 (0.727655514867887,0.419848813714396)
 (0.727655514867885,-0.419848813714397)
 (0.999999999999998,-1.341550870525366E-004)
   2.09439510239320        1.20919957615614     
 (1.00000000000000,2.545170876248868E-004)
 (0.728570556106409,-0.419165797496305)
 (0.728570556106411,0.419165797496303)
 (1.00000000000000,-9.216652345800663E-004)
   2.09439510239320        3.62759872846843     
 (1.00000000000000,-3.292407152672273E-003)
 (-3.895927911583626E-003,-5.842894778711106E-003)
 (-3.895927911579716E-003,5.842894778714912E-003)
 (0.999999999999995,5.896411260168199E-003)
   4.18879020478639       0.000000000000000E+000
 (1.00000000000000,-1.289434940972693E-003)
 (-4.697714306905169E-003,4.851637664986094E-003)
 (-4.697714306902196E-003,-4.851637664989048E-003)
 (0.999999999999995,1.725702545895814E-003)
   1.00000000000000                2           9
 (0.000000000000000E+000,0.000000000000000E+000)
 (0.000000000000000E+000,0.000000000000000E+000)
  -2.09439510239320       -1.20919957615614     
 (1.00000000000000,-1.913960766784074E-003)
 (0.726396163326751,0.419325595301166)
 (0.726396163326751,-0.419325595301165)
 (1.00000000000000,2.276925353299828E-003)
  -2.09439510239320        1.20919957615614     
 (1.00000000000000,-5.924707200720109E-004)
 (0.726555899566051,-0.419893540505087)
 (0.726555899566050,0.419893540505087)
 (0.999999999999999,1.294780208967800E-003)
  0.000000000000000E+000  -2.41839915231229     
 (1.00000000000000,-1.476165039109143E-003)
 (-6.337989545293077E-004,0.839568081187741)
 (-6.337989545292398E-004,-0.839568081187739)
 (1.00000000000000,1.247430924309983E-003)
  0.000000000000000E+000  0.000000000000000E+000
 (1.00000000000000,-5.796766013343950E-004)
 (0.906598517168820,-3.031732245787264E-004)
 (0.906598517168819,3.031732245791314E-004)
 (0.999999999999999,2.139238189499638E-005)
  0.000000000000000E+000   2.41839915231229     
 (1.00000000000000,-1.503421636565812E-004)
 (-4.452488800979666E-004,-0.839916367365848)
 (-4.452488800981826E-004,0.839916367365849)
 (0.999999999999999,1.000026613102889E-003)
   2.09439510239320       -1.20919957615614     
 (1.00000000000000,-3.574909078779850E-003)
 (0.724979518754932,0.418483172530654)
 (0.724979518754933,-0.418483172530652)
 (0.999999999999998,5.535971808545512E-004)
   2.09439510239320        1.20919957615614     
 (1.00000000000000,-1.993347424289211E-003)
 (0.725707583654411,-0.419967969601569)
 (0.725707583654410,0.419967969601569)
 (1.00000000000000,2.257018055028831E-003)
   2.09439510239320        3.62759872846843     
 (1.00000000000000,-7.362113420344227E-003)
 (2.478729051306071E-003,3.295536287099522E-003)
 (2.478729051302864E-003,-3.295536287098152E-003)
 (0.999999999999996,5.791451219314803E-003)
   4.18879020478639       0.000000000000000E+000
 (1.00000000000000,5.093792751144608E-003)
 (-7.063215100435782E-003,-2.620800360298692E-003)
 (-7.063215100433815E-003,2.620800360300923E-003)
 (0.999999999999996,1.100045131722406E-004)
   1.00000000000000                2           9
 (0.000000000000000E+000,0.000000000000000E+000)
 (0.000000000000000E+000,0.000000000000000E+000)
  -2.09439510239320       -1.20919957615614     
 (1.00000000000000,8.925537834980168E-004)
 (0.727622796260762,0.417269692996453)
 (0.727622796260762,-0.417269692996452)
 (1.00000000000000,-6.043765466227077E-004)
  -2.09439510239320        1.20919957615614     
 (1.00000000000000,-8.096973511407569E-005)
 (0.726724901799015,-0.420630797113529)
 (0.726724901799015,0.420630797113531)
 (0.999999999999998,8.161470556490686E-005)
  0.000000000000000E+000  -2.41839915231229     
 (1.00000000000000,8.736220274040796E-004)
 (9.518581688122079E-004,0.838235373721549)
 (9.518581688127815E-004,-0.838235373721549)
 (1.00000000000000,-5.287872086901203E-004)
  0.000000000000000E+000  0.000000000000000E+000
 (1.00000000000000,-3.064176595935694E-004)
 (0.906136820385885,8.694952590421248E-005)
 (0.906136820385886,-8.694952590322456E-005)
 (0.999999999999998,1.563407169978961E-003)
  0.000000000000000E+000   2.41839915231229     
 (1.00000000000000,-1.683664574722718E-003)
 (-3.361582732792141E-004,-0.840168731588627)
 (-3.361582732805525E-004,0.840168731588629)
 (1.00000000000000,1.570729190838765E-003)
   2.09439510239320       -1.20919957615614     
 (0.999999999999999,-7.189885523652438E-005)
 (0.727612685045844,0.419719418706445)
 (0.727612685045844,-0.419719418706444)
 (0.999999999999998,7.648631991988395E-004)
   2.09439510239320        1.20919957615614     
 (1.00000000000000,-1.653267882882520E-003)
 (0.726393413359698,-0.420112557846579)
 (0.726393413359697,0.420112557846581)
 (1.00000000000000,1.673358107625147E-003)
   2.09439510239320        3.62759872846843     
 (1.00000000000000,-5.637216717466574E-003)
 (-3.538206961596445E-003,2.775235519268909E-003)
 (-3.538206961598024E-003,-2.775235519268997E-003)
 (0.999999999999996,7.214763156571209E-003)
   4.18879020478639       0.000000000000000E+000
 (1.00000000000000,-8.401169190885377E-003)
 (-2.501021298328348E-003,-9.510043011544076E-003)
 (-2.501021298330593E-003,9.510043011542950E-003)
 (0.999999999999995,5.898907574922150E-003)
   1.00000000000000                2           9
 (0.000000000000000E+000,0.000000000000000E+000)
 (0.000000000000000E+000,0.000000000000000E+000)
  -2.09439510239320       -1.20919957615614     
 (1.00000000000000,-3.600012416358929E-004)
 (0.726717391236385,0.418354230195760)
 (0.726717391236385,-0.418354230195760)
 (1.00000000000000,-6.952024299142431E-004)
  -2.09439510239320        1.20919957615614     
 (1.00000000000000,-4.459951921302263E-004)
 (0.727204452704561,-0.418640797644730)
 (0.727204452704560,0.418640797644731)
 (0.999999999999999,-3.864470549280288E-004)
  0.000000000000000E+000  -2.41839915231229     
 (1.00000000000000,-2.397020770455379E-004)
 (5.580926391905131E-004,0.838009034373038)
 (5.580926391901491E-004,-0.838009034373039)
 (1.00000000000000,7.687834637342064E-004)
  0.000000000000000E+000  0.000000000000000E+000
 (1.00000000000000,4.036133418318125E-004)
 (0.906576538241406,5.833816352576846E-004)
 (0.906576538241407,-5.833816352570627E-004)
 (0.999999999999999,8.174869133225929E-004)
  0.000000000000000E+000   2.41839915231229     
 (1.00000000000000,7.557637736370219E-004)
 (1.396803066114264E-003,-0.839229014174598)
 (1.396803066112198E-003,0.839229014174599)
 (1.00000000000000,-1.170683421584259E-003)
   2.09439510239320       -1.20919957615614     
 (1.00000000000000,1.415832086862221E-003)
 (0.727179396128648,0.416934405226381)
 (0.727179396128648,-0.416934405226381)
 (0.999999999999998,8.776793718160739E-004)
   2.09439510239320        1.20919957615614     
 (1.00000000000000,5.879633772333504E-004)
 (0.725700940769979,-0.421691398700497)
 (0.725700940769979,0.421691398700498)
 (1.00000000000000,-9.287424810904932E-004)
   2.09439510239320        3.62759872846843     
 (1.00000000000000,-1.277909338640092E-003)
 (-2.053709290497160E-003,-6.448809462751683E-003)
 (-2.053709290498430E-003,6.448809462750238E-003)
 (0.999999999999996,-7.220737311417401E-004)
   4.18879020478639       0.000000000000000E+000
 (1.00000000000000,-5.867265048214014E-003)
 (2.236116032660755E-003,-1.237100324095120E-002)
 (2.236116032660755E-003,1.237100324095170E-002)
 (0.999999999999995,6.221181267939115E-003)
   1.00000000000000                2           9
 (0.000000000000000E+000,0.000000000000000E+000)
 (0.000000000000000E+000,0.000000000000000E+000)
  -2.09439510239320       -1.20919957615614     
 (1.00000000000000,-9.287939030770092E-005)
 (0.727933330581999,0.420057909204826)
 (0.727933330581998,-0.420057909204827)
 (1.00000000000000,-7.206924709495852E-004)
  -2.09439510239320        1.20919957615614     
 (1.00000000000000,9.526589861197018E-004)
 (0.726208466948928,-0.419636331612530)
 (0.726208466948929,0.419636331612528)
 (0.999999999999999,-1.268310243573358E-003)
  0.000000000000000E+000  -2.41839915231229     
 (1.00000000000000,2.966973385786221E-003)
 (1.083783133735842E-003,0.839760224283753)
 (1.083783133733881E-003,-0.839760224283753)
 (1.00000000000000,-9.793587168277684E-004)
  0.000000000000000E+000  0.000000000000000E+000
 (1.00000000000000,5.276526262242711E-004)
 (0.906779354207985,-3.723355636125597E-004)
 (0.906779354207984,3.723355636109287E-004)
 (0.999999999999999,-7.981534085733466E-004)
  0.000000000000000E+000   2.41839915231229     
 (1.00000000000000,-7.066204888314471E-006)
 (1.200150585075117E-004,-0.839597538441163)
 (1.200150585090660E-004,0.839597538441163)
 (1.00000000000000,-1.503473906176674E-004)
   2.09439510239320       -1.20919957615614     
 (1.00000000000000,1.460415799619401E-003)
 (0.728063105568383,0.418353318868914)
 (0.728063105568384,-0.418353318868915)
 (0.999999999999999,-1.565213009816839E-003)
   2.09439510239320        1.20919957615614     
 (1.00000000000000,-2.316288068769459E-004)
 (0.725984439785159,-0.419615256234772)
 (0.725984439785159,0.419615256234772)
 (1.00000000000000,5.485831864646565E-004)
   2.09439510239320        3.62759872846843     
 (0.999999999999999,-6.090476548385729E-003)
 (-5.904317954863804E-003,4.702305506600914E-003)
 (-5.904317954865580E-003,-4.702305506602294E-003)
 (0.999999999999996,2.983142466692055E-003)
   4.18879020478639       0.000000000000000E+000
 (1.00000000000000,1.945157298439674E-003)
 (4.134143657119258E-003,-1.428680882046255E-003)
 (4.134143657121035E-003,1.428680882046817E-003)
 (0.999999999999997,-1.473394413251660E-003)
   1.00000000000000                2           9
 (0.000000000000000E+000,0.000000000000000E+000)
 (0.000000000000000E+000,0.000000000000000E+000)
  -2.09439510239320       -1.20919957615614     
 (1.00000000000000,1.862263656110435E-003)
 (0.727072466382870,0.419507486603920)
 (0.727072466382870,-0.419507486603920)
 (1.00000000000000,-5.147005183027584E-004)
  -2.09439510239320        1.20919957615614     
 (1.00000000000000,1.654878907984414E-003)
 (0.725998091266577,-0.422046505434389)
 (0.725998091266577,0.422046505434390)
 (0.999999999999999,4.402910302605112E-005)
  0.000000000000000E+000  -2.41839915231229     
 (1.00000000000000,1.907618833698093E-003)
 (-1.937939363407859E-003,0.839774047738276)
 (-1.937939363409308E-003,-0.839774047738276)
 (1.00000000000000,-7.535233949599513E-004)
  0.000000000000000E+000  0.000000000000000E+000
 (1.00000000000000,5.250188807602188E-004)
 (0.906442581675094,2.053893797066613E-004)
 (0.906442581675092,-2.053893797062459E-004)
 (0.999999999999999,-5.608644347526572E-004)
  0.000000000000000E+000   2.41839915231229     
 (1.00000000000000,-1.854578611894260E-003)
 (-1.470161067408302E-003,-0.838285267937381)
 (-1.470161067410430E-003,0.838285267937381)
 (1.00000000000000,5.202840932872117E-004)
   2.09439510239320       -1.20919957615614     
 (1.00000000000000,-2.471047649312772E-004)
 (0.725188166510337,0.421594746347070)
 (0.725188166510337,-0.421594746347070)
 (0.999999999999998,-7.699614412570002E-004)
   2.09439510239320        1.20919957615614     
 (1.00000000000000,8.730626980883399E-005)
 (0.728373958803429,-0.419897181079182)
 (0.728373958803428,0.419897181079182)
 (1.00000000000000,1.389480112427856E-004)
   2.09439510239320        3.62759872846843     
 (1.00000000000000,1.193444805051678E-003)
 (-3.396223676861136E-003,-3.946127986858332E-003)
 (-3.396223676859372E-003,3.946127986857229E-003)
 (0.999999999999995,-4.245307963326886E-004)
   4.18879020478639       0.000000000000000E+000
 (1.00000000000000,-3.843879284963675E-003)
 (-2.651445265404556E-003,1.155128964123286E-003)
 (-2.651445265403717E-003,-1.155128964124034E-003)
 (0.999999999999996,4.377326029931911E-004)
   1.00000000000000                2           9
 (0.000000000000000E+000,0.000000000000000E+000)
 (0.000000000000000E+000,0.000000000000000E+000)
  -2.09439510239320       -1.20919957615614     
 (1.00000000000000,2.954841435711462E-003)
 (0.727238279458540,0.419611017199631)
 (0.727238279458540,-0.419611017199630)
 (1.00000000000000,-1.772566423895039E-003)
  -2.09439510239320        1.20919957615614     
 (0.999999999999999,1.265953724706471E-003)
 (0.725854073387836,-0.421899585069334)
 (0.725854073387834,0.421899585069333)
 (0.999999999999999,-3.013253046473713E-003)
  0.000000000000000E+000  -2.41839915231229     
 (1.00000000000000,-4.553176831934679E-005)
 (-1.980225584305106E-003,0.839120772096533)
 (-1.980225584304237E-003,-0.839120772096532)
 (1.00000000000000,-6.664619590175705E-005)
  0.000000000000000E+000  0.000000000000000E+000
 (1.00000000000000,2.134534770359260E-004)
 (0.907129484595198,3.662579650007965E-004)
 (0.907129484595197,-3.662579650004307E-004)
 (0.999999999999999,-2.334269364317324E-004)
  0.000000000000000E+000   2.41839915231229     
 (1.00000000000000,1.093934358331799E-003)
 (-9.689038137449134E-004,-0.840085450256396)
 (-9.689038137449443E-004,0.840085450256396)
 (1.00000000000000,-2.068227038618552E-003)
   2.09439510239320       -1.20919957615614     
 (1.00000000000000,1.049921943140609E-003)
 (0.726462513820719,0.419644556388630)
 (0.726462513820718,-0.419644556388629)
 (0.999999999999999,-4.659774388615096E-005)
   2.09439510239320        1.20919957615614     
 (1.00000000000000,1.291548697742074E-003)
 (0.726871345153779,-0.418941650397407)
 (0.726871345153779,0.418941650397406)
 (1.00000000000000,-2.450112008074592E-003)
   2.09439510239320        3.62759872846843     
 (1.00000000000000,2.666141238026022E-003)
 (5.023512607383256E-003,-1.541931743105890E-003)
 (5.023512607383453E-003,1.541931743105514E-003)
 (0.999999999999997,-3.291233344999031E-004)
   4.18879020478639       0.000000000000000E+000
 (1.00000000000000,2.675732096234040E-003)
 (-8.155419193203426E-003,5.376528498360730E-003)
 (-8.155419193203265E-003,-5.376528498361590E-003)
 (0.999999999999997,-4.780227394970710E-003)
   1.00000000000000                2           9
 (0.000000000000000E+000,0.000000000000000E+000)
 (0.000000000000000E+000,0.000000000000000E+000)
  -2.09439510239320       -1.20919957615614     
 (1.00000000000000,-1.534662908724845E-003)
 (0.727313363398157,0.418946394901186)
 (0.727313363398158,-0.418946394901186)
 (1.00000000000000,1.829778814892141E-003)
  -2.09439510239320        1.20919957615614     
 (1.00000000000000,-1.658723968609620E-003)
 (0.726730717021107,-0.421320307503647)
 (0.726730717021108,0.421320307503646)
 (0.999999999999999,1.340825194191119E-003)
  0.000000000000000E+000  -2.41839915231229     
 (1.00000000000000,-1.678332713811536E-003)
 (2.400983008351072E-004,0.839975381005618)
 (2.400983008355081E-004,-0.839975381005619)
 (1.00000000000000,-2.787469214893703E-004)
  0.000000000000000E+000  0.000000000000000E+000
 (1.00000000000000,-6.489464457274083E-004)
 (0.907333836327431,1.903410983117750E-005)
 (0.907333836327431,-1.903410983184751E-005)
 (0.999999999999999,7.207314694112631E-004)
  0.000000000000000E+000   2.41839915231229     
 (1.00000000000000,-6.042051677298282E-004)
 (-1.746911133932192E-003,-0.838906661998689)
 (-1.746911133931211E-003,0.838906661998690)
 (1.00000000000000,2.405083313637114E-005)
   2.09439510239320       -1.20919957615614     
 (1.00000000000000,6.671907236556396E-005)
 (0.726188216241546,0.420587439386575)
 (0.726188216241546,-0.420587439386575)
 (0.999999999999999,1.898254236820422E-003)
   2.09439510239320        1.20919957615614     
 (1.00000000000000,-1.515968640272195E-003)
 (0.727004835539197,-0.419431534559182)
 (0.727004835539199,0.419431534559180)
 (1.00000000000000,1.973758398309522E-003)
   2.09439510239320        3.62759872846843     
 (1.00000000000000,5.207018524211300E-003)
 (-3.203687753477729E-003,-6.599678443133123E-003)
 (-3.203687753477421E-003,6.599678443132462E-003)
 (0.999999999999997,2.915080696353723E-003)
   4.18879020478639       0.000000000000000E+000
 (1.00000000000000,-1.608849083027615E-003)
 (2.032911934776505E-003,6.801833870142241E-003)
 (2.032911934777775E-003,-6.801833870140345E-003)
 (0.999999999999997,1.494901313445135E-003)
   1.00000000000000                2           9
 (0.000000000000000E+000,0.000000000000000E+000)
 (0.000000000000000E+000,0.000000000000000E+000)
  -2.09439510239320       -1.20919957615614     
 (1.00000000000000,-1.052499817384839E-003)
 (0.726158298265669,0.420232888111658)
 (0.726158298265667,-0.420232888111657)
 (1.00000000000000,6.833860261228673E-004)
  -2.09439510239320        1.20919957615614     
 (0.999999999999999,-1.848307509540577E-003)
 (0.727261055135748,-0.421400021244304)
 (0.727261055135747,0.421400021244304)
 (0.999999999999999,-3.943025541348729E-004)
  0.000000000000000E+000  -2.41839915231229     
 (1.00000000000000,3.886013725694247E-004)
 (-2.883545965273176E-003,0.837883500288503)
 (-2.883545965272355E-003,-0.837883500288503)
 (1.00000000000000,-2.473655074849603E-004)
  0.000000000000000E+000  0.000000000000000E+000
 (1.00000000000000,-1.308305271922724E-003)
 (0.906272674573759,1.827471955141209E-004)
 (0.906272674573759,-1.827471955138592E-004)
 (0.999999999999999,9.808193233344828E-004)
  0.000000000000000E+000   2.41839915231229     
 (1.00000000000000,-1.725592784289072E-003)
 (7.928058090194022E-005,-0.839509753528647)
 (7.928058090178602E-005,0.839509753528646)
 (1.00000000000000,1.578451939999435E-003)
   2.09439510239320       -1.20919957615614     
 (0.999999999999999,-3.199134085527346E-004)
 (0.725532793940716,0.420409909866779)
 (0.725532793940716,-0.420409909866778)
 (0.999999999999999,6.245064139590392E-004)
   2.09439510239320        1.20919957615614     
 (1.00000000000000,-1.174828237660445E-003)
 (0.726096116830810,-0.419687663144464)
 (0.726096116830808,0.419687663144464)
 (1.00000000000000,1.877716094619083E-003)
   2.09439510239320        3.62759872846843     
 (1.00000000000000,-6.141544120127639E-004)
 (-6.741584451244755E-003,-1.105454386585656E-002)
 (-6.741584451243541E-003,1.105454386585664E-002)
 (0.999999999999997,-3.496289742588034E-003)
   4.18879020478639       0.000000000000000E+000
 (1.00000000000000,1.911344031798109E-003)
 (-5.411307035736878E-003,1.866274255049886E-003)
 (-5.411307035736828E-003,-1.866274255048145E-003)
 (0.999999999999997,-5.886646649443292E-004)
   1.00000000000000                2           9
 (0.000000000000000E+000,0.000000000000000E+000)
 (0.000000000000000E+000,0.000000000000000E+000)
  -2.09439510239320       -1.20919957615614     
 (1.00000000000000,8.536280156809767E-004)
 (0.726074874855727,0.420006715891653)
 (0.726074874855727,-0.420006715891652)
 (1.00000000000000,-5.300758327183243E-004)
  -2.09439510239320        1.20919957615614     
 (1.00000000000000,1.448862165558927E-003)
 (0.728599827547477,-0.419603763836053)
 (0.728599827547475,0.419603763836053)
 (0.999999999999998,-2.937715829579891E-003)
  0.000000000000000E+000  -2.41839915231229     
 (1.00000000000000,1.176549703283745E-003)
 (4.987737626230775E-004,0.841279461488768)
 (4.987737626240521E-004,-0.841279461488767)
 (1.00000000000000,5.700349977949524E-004)
  0.000000000000000E+000  0.000000000000000E+000
 (1.00000000000000,2.764806110586430E-005)
 (0.907085166246249,9.783518433881140E-005)
 (0.907085166246250,-9.783518433843997E-005)
 (0.999999999999999,-6.807570013722846E-004)
  0.000000000000000E+000   2.41839915231229     
 (1.00000000000000,1.471664181520552E-003)
 (5.404278166792897E-005,-0.839977377321136)
 (5.404278166836073E-005,0.839977377321136)
 (1.00000000000000,-7.288218456693978E-004)
   2.09439510239320       -1.20919957615614     
 (0.999999999999999,1.598914923107934E-003)
 (0.728098384366857,0.419346671510206)
 (0.728098384366856,-0.419346671510206)
 (0.999999999999999,-2.711721070168913E-003)
   2.09439510239320        1.20919957615614     
 (1.00000000000000,-1.749775420770082E-005)
 (0.727648089588521,-0.420635072332200)
 (0.727648089588521,0.420635072332200)
 (1.00000000000000,-1.199716598319719E-003)
   2.09439510239320        3.62759872846843     
 (0.999999999999999,-3.047218675630015E-003)
 (5.917152574772124E-003,2.267535280440987E-003)
 (5.917152574772260E-003,-2.267535280441790E-003)
 (0.999999999999997,2.962312811447901E-003)
   4.18879020478639       0.000000000000000E+000
 (0.999999999999999,-4.595847907736610E-003)
 (-7.772096461252376E-003,-1.215202735394407E-002)
 (-7.772096461251444E-003,1.215202735394308E-002)
 (0.999999999999998,3.061231465767026E-003)
   1.00000000000000                2           9
 (0.000000000000000E+000,0.000000000000000E+000)
 (0.000000000000000E+000,0.000000000000000E+000)
  -2.09439510239320       -1.20919957615614     
 (1.00000000000000,-4.069720637139203E-005)
 (0.725366800809536,0.422640520565650)
 (0.725366800809537,-0.422640520565650)
 (1.00000000000000,1.375049251500737E-003)
  -2.09439510239320        1.20919957615614     
 (1.00000000000000,-1.432144115103300E-003)
 (0.728933161921941,-0.417025936126315)
 (0.728933161921942,0.417025936126317)
 (0.999999999999998,2.334876703956479E-003)
  0.000000000000000E+000  -2.41839915231229     
 (1.00000000000000,7.639086443739927E-004)
 (-1.361477873208172E-003,0.839455480783106)
 (-1.361477873209215E-003,-0.839455480783109)
 (1.00000000000000,-7.150610336601492E-004)
  0.000000000000000E+000  0.000000000000000E+000
 (1.00000000000000,7.121666314167175E-004)
 (0.906642521246948,2.154635712018754E-004)
 (0.906642521246951,-2.154635712021791E-004)
 (0.999999999999999,3.393681695854018E-004)
  0.000000000000000E+000   2.41839915231229     
 (1.00000000000000,7.616447839501730E-004)
 (1.160421268225119E-003,-0.838755969689838)
 (1.160421268224447E-003,0.838755969689840)
 (1.00000000000000,-1.296528644131967E-003)
   2.09439510239320       -1.20919957615614     
 (1.00000000000000,1.305151728473312E-003)
 (0.727687137648358,0.419616188699007)
 (0.727687137648360,-0.419616188699008)
 (0.999999999999998,-1.270351537762121E-003)
   2.09439510239320        1.20919957615614     
 (1.00000000000000,1.766733212617925E-003)
 (0.725777198860966,-0.420935719760649)
 (0.725777198860967,0.420935719760649)
 (1.00000000000000,-9.920646420782855E-004)
   2.09439510239320        3.62759872846843     
 (1.00000000000000,-2.101422533097236E-003)
 (-7.341736545942927E-003,1.493297604187257E-002)
 (-7.341736545943204E-003,-1.493297604187347E-002)
 (0.999999999999996,1.962342550647924E-003)
   4.18879020478639       0.000000000000000E+000
 (1.00000000000000,-6.295767312635031E-003)
 (-2.591052427690002E-003,-4.610944446912343E-003)
 (-2.591052427689928E-003,4.610944446910997E-003)
 (0.999999999999996,2.853687846308210E-003)
   1.00000000000000                2           9
 (0.000000000000000E+000,0.000000000000000E+000)
 (0.000000000000000E+000,0.000000000000000E+000)
  -2.09439510239320       -1.20919957615614     
 (1.00000000000000,2.030153812515771E-003)
 (0.726643541773281,0.419238357997034)
 (0.726643541773281,-0.419238357997036)
 (1.00000000000000,-8.253236902723367E-004)
  -2.09439510239320        1.20919957615614     
 (1.00000000000000,6.492708636805767E-004)
 (0.725880896521351,-0.419402646070102)
 (0.725880896521350,0.419402646070102)
 (0.999999999999998,-1.679164085293973E-003)
  0.000000000000000E+000  -2.41839915231229     
 (1.00000000000000,2.535840735543477E-003)
 (-1.548018455658798E-003,0.838611739601009)
 (-1.548018455662030E-003,-0.838611739601011)
 (1.00000000000000,-9.555877697404862E-004)
  0.000000000000000E+000  0.000000000000000E+000
 (1.00000000000000,-2.640288628089243E-004)
 (0.906019278660449,-2.465531733041778E-004)
 (0.906019278660450,2.465531733026176E-004)
 (0.999999999999999,-5.890687248461047E-004)
  0.000000000000000E+000   2.41839915231229     
 (1.00000000000000,-1.000213067693100E-003)
 (6.018868362728370E-004,-0.839203317791398)
 (6.018868362720845E-004,0.839203317791399)
 (1.00000000000000,8.968989495871964E-004)
   2.09439510239320       -1.20919957615614     
 (1.00000000000000,6.861335313450930E-004)
 (0.726435872612859,0.421642101731639)
 (0.726435872612857,-0.421642101731642)
 (0.999999999999999,-1.424136651928530E-003)
   2.09439510239320        1.20919957615614     
 (1.00000000000000,6.775022193709503E-004)
 (0.725758510609173,-0.419031379248154)
 (0.725758510609175,0.419031379248152)
 (1.00000000000000,-1.087176017614263E-004)
   2.09439510239320        3.62759872846843     
 (1.00000000000000,6.293054753064366E-003)
 (-2.791906631224910E-003,-1.493061586109199E-003)
 (-2.791906631227242E-003,1.493061586108652E-003)
 (0.999999999999995,-3.714030095833657E-003)
   4.18879020478639       0.000000000000000E+000
 (1.00000000000000,2.717534684881060E-003)
 (1.185138032647008E-004,-8.630366692598131E-004)
 (1.185138032626160E-004,8.630366692584060E-004)
 (0.999999999999996,-4.286193138024658E-003)
   1.00000000000000                2           9
 (0.000000000000000E+000,0.000000000000000E+000)
 (0.000000000000000E+000,0.000000000000000E+000)
  -2.09439510239320       -1.20919957615614     
 (1.00000000000000,-8.383786576010699E-004)
 (0.727193781237970,0.421361738796272)
 (0.727193781237969,-0.421361738796270)
 (1.00000000000000,-4.698171818309560E-004)
  -2.09439510239320        1.20919957615614     
 (1.00000000000000,1.032166867468853E-003)
 (0.727021387206932,-0.418786143483879)
 (0.727021387206930,0.418786143483879)
 (0.999999999999998,-1.053229393955740E-003)
  0.000000000000000E+000  -2.41839915231229     
 (1.00000000000000,4.594177011559539E-004)
 (-9.758233733744539E-005,0.841421483496170)
 (-9.758233733669291E-005,-0.841421483496168)
 (1.00000000000000,-2.088357324169854E-003)
  0.000000000000000E+000  0.000000000000000E+000
 (1.00000000000000,7.856090220039300E-004)
 (0.906814112138670,-4.279253364572958E-004)
 (0.906814112138667,4.279253364584006E-004)
 (0.999999999999999,-5.755483756330966E-004)
  0.000000000000000E+000   2.41839915231229     
 (1.00000000000000,-1.117254134302958E-003)
 (1.107483282828571E-003,-0.840534865005862)
 (1.107483282827905E-003,0.840534865005860)
 (1.00000000000000,6.831066130235607E-004)
   2.09439510239320       -1.20919957615614     
 (1.00000000000000,-3.578692401153539E-004)
 (0.727143917306321,0.418984343386526)
 (0.727143917306319,-0.418984343386524)
 (0.999999999999999,5.205256370437774E-004)
   2.09439510239320        1.20919957615614     
 (1.00000000000000,1.473974539655339E-003)
 (0.726005194601350,-0.422189759434264)
 (0.726005194601349,0.422189759434265)
 (1.00000000000000,4.945910650447553E-005)
   2.09439510239320        3.62759872846843     
 (1.00000000000000,-1.483717381582954E-003)
 (-2.803184010558137E-004,-1.010525264912671E-003)
 (-2.803184010544197E-004,1.010525264910641E-003)
 (0.999999999999996,3.478015656102944E-003)
   4.18879020478639       0.000000000000000E+000
 (1.00000000000000,2.028508084971692E-004)
 (6.658073649321139E-003,-1.362874744373575E-002)
 (6.658073649323804E-003,1.362874744373557E-002)
 (0.999999999999997,-1.122022200843515E-004)
   1.00000000000000                2           9
 (0.000000000000000E+000,0.000000000000000E+000)
 (0.000000000000000E+000,0.000000000000000E+000)
  -2.09439510239320       -1.20919957615614     
 (1.00000000000000,1.880754348990172E-004)
 (0.727035308330933,0.422408705795024)
 (0.727035308330934,-0.422408705795025)
 (1.00000000000000,-1.607908617891424E-003)
  -2.09439510239320        1.20919957615614     
 (1.00000000000000,1.569746802601791E-003)
 (0.729251417260115,-0.419368474473336)
 (0.729251417260115,0.419368474473337)
 (0.999999999999998,-6.146157614928575E-004)
  0.000000000000000E+000  -2.41839915231229     
 (1.00000000000000,2.402723732580924E-003)
 (1.810948508317601E-003,0.840313475581765)
 (1.810948508316066E-003,-0.840313475581767)
 (0.999999999999999,-5.521498349457008E-004)
  0.000000000000000E+000  0.000000000000000E+000
 (1.00000000000000,4.157353105538958E-004)
 (0.907136404177438,-2.552858160698313E-004)
 (0.907136404177440,2.552858160692467E-004)
 (0.999999999999998,-4.052464953410043E-004)
  0.000000000000000E+000   2.41839915231229     
 (1.00000000000000,-1.427213289674770E-003)
 (6.637123870520770E-004,-0.839818532191811)
 (6.637123870505782E-004,0.839818532191815)
 (1.00000000000000,5.545315363114109E-004)
   2.09439510239320       -1.20919957615614     
 (1.00000000000000,-3.156610977984295E-004)
 (0.729452529069289,0.419739069724067)
 (0.729452529069288,-0.419739069724067)
 (0.999999999999997,-1.277055613132844E-003)
   2.09439510239320        1.20919957615614     
 (1.00000000000000,4.887361457826787E-004)
 (0.727792906518894,-0.420234681255795)
 (0.727792906518894,0.420234681255795)
 (1.00000000000000,-1.431624133291036E-003)
   2.09439510239320        3.62759872846843     
 (1.00000000000000,-1.972071565428328E-003)
 (-1.468445027047016E-003,3.703660393485408E-003)
 (-1.468445027047485E-003,-3.703660393484375E-003)
 (0.999999999999996,1.965126773394348E-003)
   4.18879020478639       0.000000000000000E+000
 (1.00000000000000,5.240168503468797E-005)
 (7.962020367211498E-004,-1.042491663383473E-002)
 (7.962020367243077E-004,1.042491663383021E-002)
 (0.999999999999994,-5.381768801049612E-004)
   1.00000000000000                2           9
 (0.000000000000000E+000,0.000000000000000E+000)
 (0.000000000000000E+000,0.000000000000000E+000)
  -2.09439510239320       -1.20919957615614     
 (1.00000000000000,-2.608699370807127E-003)
 (0.726455631581155,0.421551930840973)
 (0.726455631581156,-0.421551930840971)
 (1.00000000000000,1.187589383304032E-003)
  -2.09439510239320        1.20919957615614     
 (1.00000000000000,-1.878830651455118E-003)
 (0.728969375744089,-0.418469853651532)
 (0.728969375744091,0.418469853651534)
 (0.999999999999998,8.893700649320280E-004)
  0.000000000000000E+000  -2.41839915231229     
 (1.00000000000000,-3.168591723336980E-003)
 (-1.614824277042577E-004,0.838846438789482)
 (-1.614824277020064E-004,-0.838846438789481)
 (0.999999999999997,2.823873056898678E-003)
  0.000000000000000E+000  0.000000000000000E+000
 (1.00000000000000,-1.019775345119506E-003)
 (0.906154146653581,5.191035198587191E-004)
 (0.906154146653583,-5.191035198546791E-004)
 (0.999999999999999,1.377869242366522E-003)
  0.000000000000000E+000   2.41839915231229     
 (1.00000000000000,-1.188733302876601E-003)
 (-1.986115116294885E-004,-0.839778982640863)
 (-1.986115116285202E-004,0.839778982640865)
 (0.999999999999997,3.218664356563834E-003)
   2.09439510239320       -1.20919957615614     
 (1.00000000000000,-1.078290889225544E-003)
 (0.727078448017713,0.421029179885471)
 (0.727078448017717,-0.421029179885472)
 (0.999999999999996,1.830592483792173E-003)
   2.09439510239320        1.20919957615614     
 (1.00000000000000,-2.038292816866803E-003)
 (0.728349140321564,-0.418361591500689)
 (0.728349140321562,0.418361591500693)
 (1.00000000000000,3.193630369811915E-003)
   2.09439510239320        3.62759872846843     
 (1.00000000000000,-3.687411373618948E-004)
 (-2.157677420239720E-003,-2.123866136594217E-003)
 (-2.157677420237450E-003,2.123866136594760E-003)
 (0.999999999999996,1.350699241794195E-003)
   4.18879020478639       0.000000000000000E+000
 (1.00000000000000,-2.085147922351292E-003)
 (-1.674800054648053E-003,9.715362976511105E-003)
 (-1.674800054645548E-003,-9.715362976503427E-003)
 (0.999999999999993,-3.365291377322375E-003)
   1.00000000000000                2           9
 (0.000000000000000E+000,0.000000000000000E+000)
 (0.000000000000000E+000,0.000000000000000E+000)
  -2.09439510239320       -1.20919957615614     
 (1.00000000000000,9.841230390043657E-004)
 (0.727603076540782,0.420154480781305)
 (0.727603076540784,-0.420154480781305)
 (1.00000000000000,-2.033983994191720E-003)
  -2.09439510239320        1.20919957615614     
 (1.00000000000000,1.261878517704946E-003)
 (0.726738899152769,-0.421962427580619)
 (0.726738899152771,0.421962427580622)
 (0.999999999999999,-9.931348223144972E-004)
  0.000000000000000E+000  -2.41839915231229     
 (1.00000000000000,8.117885070889264E-004)
 (-9.223239905154994E-004,0.840220185239379)
 (-9.223239905136182E-004,-0.840220185239382)
 (1.00000000000000,-8.676747463318238E-004)
  0.000000000000000E+000  0.000000000000000E+000
 (1.00000000000000,-5.572808643662733E-004)
 (0.906475296980061,3.723594837164136E-004)
 (0.906475296980065,-3.723594837124521E-004)
 (0.999999999999999,-3.048400312352481E-004)
  0.000000000000000E+000   2.41839915231229     
 (1.00000000000000,1.273490640273887E-003)
 (-2.368993493401294E-003,-0.840736536483871)
 (-2.368993493405901E-003,0.840736536483874)
 (1.00000000000000,-5.310416601635429E-004)
   2.09439510239320       -1.20919957615614     
 (1.00000000000000,7.501726972373822E-004)
 (0.727442702697081,0.420449490277440)
 (0.727442702697085,-0.420449490277437)
 (0.999999999999999,-5.259228515310838E-005)
   2.09439510239320        1.20919957615614     
 (1.00000000000000,9.207664820246644E-004)
 (0.726298349309860,-0.421788687183515)
 (0.726298349309859,0.421788687183520)
 (1.00000000000000,8.122026346978467E-005)
   2.09439510239320        3.62759872846843     
 (1.00000000000000,-1.016066163475077E-002)
 (-9.586138710302160E-003,1.820658862399476E-003)
 (-9.586138710301347E-003,-1.820658862402144E-003)
 (0.999999999999996,2.080518666593474E-003)
   4.18879020478639       0.000000000000000E+000
 (1.00000000000000,-6.204399407779931E-003)
 (-7.327373968167942E-003,-2.891317507954407E-003)
 (-7.327373968168288E-003,2.891317507954472E-003)
 (0.999999999999997,3.052693357621028E-003)
   1.00000000000000                2           9
 (0.000000000000000E+000,0.000000000000000E+000)
 (0.000000000000000E+000,0.000000000000000E+000)
  -2.09439510239320       -1.20919957615614     
 (1.00000000000000,1.442660182009050E-004)
 (0.728451524288990,0.420153225847239)
 (0.728451524288990,-0.420153225847240)
 (1.00000000000000,-1.497594587368364E-003)
  -2.09439510239320        1.20919957615614     
 (1.00000000000000,-1.328277347624380E-003)
 (0.728068556375672,-0.420198245324304)
 (0.728068556375672,0.420198245324304)
 (0.999999999999999,1.631648828826895E-003)
  0.000000000000000E+000  -2.41839915231229     
 (1.00000000000000,4.498716378217235E-004)
 (7.624444393123561E-004,0.840499943201279)
 (7.624444393110855E-004,-0.840499943201278)
 (1.00000000000000,-1.455771150663564E-003)
  0.000000000000000E+000  0.000000000000000E+000
 (1.00000000000000,-1.869581828254097E-004)
 (0.905908263729080,-9.220029084375964E-004)
 (0.905908263729080,9.220029084362291E-004)
 (0.999999999999999,2.907785075988295E-004)
  0.000000000000000E+000   2.41839915231229     
 (1.00000000000000,-2.603613018240571E-003)
 (5.689861845976764E-004,-0.838604260639055)
 (5.689861845981205E-004,0.838604260639055)
 (1.00000000000000,1.984452133115513E-003)
   2.09439510239320       -1.20919957615614     
 (1.00000000000000,-6.838265497121208E-005)
 (0.728196567797512,0.418670846295318)
 (0.728196567797511,-0.418670846295320)
 (0.999999999999999,1.799923000864676E-003)
   2.09439510239320        1.20919957615614     
 (1.00000000000000,-6.986960530124131E-004)
 (0.726901102130284,-0.420502610237798)
 (0.726901102130285,0.420502610237797)
 (1.00000000000000,8.789015382764381E-004)
   2.09439510239320        3.62759872846843     
 (1.00000000000000,3.505732604404986E-003)
 (5.081906469826696E-003,8.038332538900465E-003)
 (5.081906469827079E-003,-8.038332538899073E-003)
 (0.999999999999996,-2.428643140186516E-003)
   4.18879020478639       0.000000000000000E+000
 (1.00000000000000,4.291973127602607E-004)
 (7.662373867361152E-003,-7.352234349067048E-003)
 (7.662373867360424E-003,7.352234349064955E-003)
 (0.999999999999997,-5.965694942709402E-003)
   1.00000000000000                2           9
 (0.000000000000000E+000,0.000000000000000E+000)
 (0.000000000000000E+000,0.000000000000000E+000)
  -2.09439510239320       -1.20919957615614     
 (1.00000000000000,1.229860500710961E-003)
 (0.728581686787125,0.418373899834405)
 (0.728581686787127,-0.418373899834405)
 (1.00000000000000,-1.962115640597195E-003)
  -2.09439510239320        1.20919957615614     
 (1.00000000000000,-1.458558490066202E-003)
 (0.726884554783682,-0.419572418850339)
 (0.726884554783685,0.419572418850343)
 (0.999999999999996,3.037560191356129E-003)
  0.000000000000000E+000  -2.41839915231229     
 (1.00000000000000,9.839192880774798E-004)
 (5.756401043978923E-004,0.841173878852157)
 (5.756401043982932E-004,-0.841173878852157)
 (0.999999999999999,-1.758626460563361E-003)
  0.000000000000000E+000  0.000000000000000E+000
 (1.00000000000000,-8.290010393872066E-004)
 (0.906480085381990,-3.862440851131764E-004)
 (0.906480085381993,3.862440851109180E-004)
 (0.999999999999998,9.211857613303482E-006)
  0.000000000000000E+000   2.41839915231229     
 (1.00000000000000,4.918277378212688E-004)
 (-9.147436871795559E-004,-0.839934077015826)
 (-9.147436871773786E-004,0.839934077015830)
 (0.999999999999999,-2.067169962159091E-004)
   2.09439510239320       -1.20919957615614     
 (1.00000000000000,1.853219734804055E-004)
 (0.726580685075327,0.420910977419008)
 (0.726580685075325,-0.420910977419008)
 (0.999999999999998,-4.464779401599020E-004)
   2.09439510239320        1.20919957615614     
 (1.00000000000000,-2.351127957085603E-004)
 (0.727367759339721,-0.420742124156274)
 (0.727367759339725,0.420742124156274)
 (1.00000000000000,2.861142842357972E-004)
   2.09439510239320        3.62759872846843     
 (1.00000000000000,1.053659944702717E-003)
 (3.835803089648062E-003,3.610760599107409E-003)
 (3.835803089646644E-003,-3.610760599106709E-003)
 (0.999999999999995,3.086743695185677E-003)
   4.18879020478639       0.000000000000000E+000
 (1.00000000000000,6.173108153142445E-003)
 (5.832003814184188E-003,-1.462335395658347E-003)
 (5.832003814185743E-003,1.462335395656502E-003)
 (0.999999999999994,-3.298413716784084E-003)
   1.00000000000000                2           9
 (0.000000000000000E+000,0.000000000000000E+000)
 (0.000000000000000E+000,0.000000000000000E+000)
  -2.09439510239320       -1.20919957615614     
 (1.00000000000000,2.644361103976862E-003)
 (0.727584071413746,0.417742698346948)
 (0.727584071413746,-0.417742698346948)
 (1.00000000000000,-1.644591200100852E-003)
  -2.09439510239320        1.20919957615614     
 (1.00000000000000,2.078196876508194E-004)
 (0.726651125743015,-0.419701871176488)
 (0.726651125743016,0.419701871176489)
 (0.999999999999998,-1.976799514483573E-003)
  0.000000000000000E+000  -2.41839915231229     
 (1.00000000000000,1.417864894592509E-003)
 (5.595947054448350E-004,0.838942860062409)
 (5.595947054440084E-004,-0.838942860062410)
 (1.00000000000000,-1.298253003360735E-003)
  0.000000000000000E+000  0.000000000000000E+000
 (1.00000000000000,7.755240006435501E-004)
 (0.905994987785461,-1.352313656088015E-003)
 (0.905994987785461,1.352313656088687E-003)
 (0.999999999999999,-1.333329332534115E-003)
  0.000000000000000E+000   2.41839915231229     
 (1.00000000000000,1.443462545694300E-003)
 (4.571143792777627E-004,-0.838485224771088)
 (4.571143792759494E-004,0.838485224771090)
 (1.00000000000000,-1.840813880978723E-003)
   2.09439510239320       -1.20919957615614     
 (1.00000000000000,2.192903573461479E-003)
 (0.727478271433102,0.418518033921276)
 (0.727478271433104,-0.418518033921275)
 (0.999999999999998,3.646028287687501E-005)
   2.09439510239320        1.20919957615614     
 (1.00000000000000,2.183699026094596E-003)
 (0.726911132485581,-0.419742245130594)
 (0.726911132485581,0.419742245130594)
 (1.00000000000000,-1.222188202007887E-003)
   2.09439510239320        3.62759872846843     
 (1.00000000000000,-6.275011765409627E-003)
 (5.368463771721436E-003,-4.740157436191645E-003)
 (5.368463771720277E-003,4.740157436192220E-003)
 (0.999999999999996,7.934848205792552E-005)
   4.18879020478639       0.000000000000000E+000
 (0.999999999999999,-4.031222136766426E-003)
 (1.843980510873422E-003,3.162022346782941E-003)
 (1.843980510870659E-003,-3.162022346783421E-003)
 (0.999999999999998,8.172398110526108E-003)
   1.00000000000000                2           9
 (0.000000000000000E+000,0.000000000000000E+000)
 (0.000000000000000E+000,0.000000000000000E+000)
  -2.09439510239320       -1.20919957615614     
 (1.00000000000000,1.539810729727336E-003)
 (0.727530815420706,0.420923827263915)
 (0.727530815420712,-0.420923827263911)
 (1.00000000000000,3.326645893422306E-004)
  -2.09439510239320        1.20919957615614     
 (1.00000000000000,6.351058303582388E-004)
 (0.727234257963909,-0.418723804067117)
 (0.727234257963908,0.418723804067123)
 (0.999999999999998,6.502389675539076E-004)
  0.000000000000000E+000  -2.41839915231229     
 (1.00000000000000,5.723529398839505E-004)
 (5.721012720743176E-004,0.839780728495800)
 (5.721012720801092E-004,-0.839780728495800)
 (0.999999999999999,1.760087087437485E-004)
  0.000000000000000E+000  0.000000000000000E+000
 (1.00000000000000,3.130191095255250E-004)
 (0.906947271673439,9.109758509768987E-005)
 (0.906947271673441,-9.109758509359419E-005)
 (0.999999999999999,7.632997348621119E-004)
  0.000000000000000E+000   2.41839915231229     
 (1.00000000000000,2.185640720403153E-004)
 (1.439385477901388E-003,-0.838819071381573)
 (1.439385477899038E-003,0.838819071381574)
 (1.00000000000000,9.065014568813154E-005)
   2.09439510239320       -1.20919957615614     
 (1.00000000000000,9.803988696528228E-004)
 (0.728212597579860,0.419688252240529)
 (0.728212597579861,-0.419688252240527)
 (0.999999999999999,-2.701189872434096E-004)
   2.09439510239320        1.20919957615614     
 (1.00000000000000,1.111103719854813E-003)
 (0.726712622671682,-0.420705891034122)
 (0.726712622671684,0.420705891034126)
 (1.00000000000000,2.702869157865382E-004)
   2.09439510239320        3.62759872846843     
 (1.00000000000000,-5.298782107330054E-004)
 (-3.773543458368136E-003,5.199151246518390E-003)
 (-3.773543458367001E-003,-5.199151246519425E-003)
 (0.999999999999995,-3.258981945743459E-003)
   4.18879020478639       0.000000000000000E+000
 (1.00000000000000,-7.261298340073729E-003)
 (5.599461785560022E-003,-9.974491937263640E-003)
 (5.599461785560983E-003,9.974491937263663E-003)
 (0.999999999999995,-6.457919782598181E-004)
   1.00000000000000                2           9
 (0.000000000000000E+000,0.000000000000000E+000)
 (0.000000000000000E+000,0.000000000000000E+000)
  -2.09439510239320       -1.20919957615614     
 (1.00000000000000,2.452566926526671E-003)
 (0.727898032723215,0.419827450347815)
 (0.727898032723214,-0.419827450347814)
 (1.00000000000000,-1.820877935204208E-003)
  -2.09439510239320        1.20919957615614     
 (1.00000000000000,-4.860161010325967E-004)
 (0.726195809044650,-0.422021165262745)
 (0.726195809044650,0.422021165262746)
 (0.999999999999998,-2.156107715249144E-003)
  0.000000000000000E+000  -2.41839915231229     
 (1.00000000000000,4.802670318710638E-004)
 (-1.436701613721342E-003,0.841218118975368)
 (-1.436701613721780E-003,-0.841218118975368)
 (1.00000000000000,-1.529735267000224E-003)
  0.000000000000000E+000  0.000000000000000E+000
 (1.00000000000000,-4.670708749790966E-004)
 (0.907277081082906,-4.827785385066892E-004)
 (0.907277081082906,4.827785385086627E-004)
 (0.999999999999999,-3.263781128109763E-004)
  0.000000000000000E+000   2.41839915231229     
 (1.00000000000000,-5.972909055204531E-004)
 (-5.245511104794617E-004,-0.838453376070980)
 (-5.245511104830699E-004,0.838453376070980)
 (1.00000000000000,-8.022580097532702E-005)
   2.09439510239320       -1.20919957615614     
 (0.999999999999999,2.128001265127673E-003)
 (0.727859760398909,0.422106877750605)
 (0.727859760398910,-0.422106877750602)
 (0.999999999999998,-7.048767689913737E-004)
   2.09439510239320        1.20919957615614     
 (1.00000000000000,-4.221740725311980E-004)
 (0.728645893245066,-0.418880452978539)
 (0.728645893245063,0.418880452978542)
 (1.00000000000000,-5.470878886168788E-005)
   2.09439510239320        3.62759872846843     
 (1.00000000000000,-4.278154135766888E-003)
 (-4.783028562482324E-003,-6.754392773181893E-003)
 (-4.783028562483521E-003,6.754392773180920E-003)
 (0.999999999999996,-3.224114490156316E-004)
   4.18879020478639       0.000000000000000E+000
 (1.00000000000000,1.794909593095089E-003)
 (-7.269790119416432E-003,2.488256814875708E-003)
 (-7.269790119416808E-003,-2.488256814873906E-003)
 (0.999999999999996,1.230049448396747E-003)
   1.00000000000000                2           9
 (0.000000000000000E+000,0.000000000000000E+000)
 (0.000000000000000E+000,0.000000000000000E+000)
  -2.09439510239320       -1.20919957615614     
 (1.00000000000000,-7.664011827981738E-004)
 (0.726890086209681,0.419701680268252)
 (0.726890086209678,-0.419701680268253)
 (1.00000000000000,-5.583210099578810E-004)
  -2.09439510239320        1.20919957615614     
 (1.00000000000000,-9.111834366468473E-004)
 (0.728906016462035,-0.419340285948626)
 (0.728906016462036,0.419340285948623)
 (0.999999999999998,-5.306741892980462E-005)
  0.000000000000000E+000  -2.41839915231229     
 (1.00000000000000,-4.417185879085847E-004)
 (-9.996446205315429E-004,0.838771239717993)
 (-9.996446205328506E-004,-0.838771239717991)
 (1.00000000000000,-2.230716886253252E-005)
  0.000000000000000E+000  0.000000000000000E+000
 (1.00000000000000,-1.473880630384931E-003)
 (0.906781311826622,4.679385048175164E-004)
 (0.906781311826621,-4.679385048207044E-004)
 (0.999999999999999,-2.750132865771103E-004)
  0.000000000000000E+000   2.41839915231229     
 (1.00000000000000,2.738982124953308E-004)
 (-8.158249792013085E-004,-0.838390692319813)
 (-8.158249791965098E-004,0.838390692319812)
 (0.999999999999998,1.062048045491558E-003)
   2.09439510239320       -1.20919957615614     
 (1.00000000000000,-1.569497999767363E-003)
 (0.727262088272182,0.419277999918879)
 (0.727262088272180,-0.419277999918881)
 (0.999999999999998,1.978356245547987E-003)
   2.09439510239320        1.20919957615614     
 (1.00000000000000,-2.609656013633475E-004)
 (0.726786985765366,-0.421110178748210)
 (0.726786985765369,0.421110178748207)
 (1.00000000000000,6.065735209444738E-004)
   2.09439510239320        3.62759872846843     
 (1.00000000000000,3.431500770249070E-003)
 (-2.188894940141702E-003,-4.770082359188530E-004)
 (-2.188894940140209E-003,4.770082359239738E-004)
 (0.999999999999993,-7.701705877958577E-004)
   4.18879020478639       0.000000000000000E+000
 (1.00000000000000,4.198689696806241E-003)
 (4.427760593357786E-003,-6.758554978283656E-003)
 (4.427760593361819E-003,6.758554978281588E-003)
 (0.999999999999996,-8.127091077077313E-003)
   1.00000000000000                2           9
 (0.000000000000000E+000,0.000000000000000E+000)
 (0.000000000000000E+000,0.000000000000000E+000)
  -2.09439510239320       -1.20919957615614     
 (1.00000000000000,6.415095296962758E-005)
 (0.728611064392158,0.419537174238970)
 (0.728611064392159,-0.419537174238970)
 (1.00000000000000,-1.337177918626524E-003)
  -2.09439510239320        1.20919957615614     
 (1.00000000000000,5.083866852541734E-004)
 (0.727978715222957,-0.419671884794089)
 (0.727978715222958,0.419671884794091)
 (0.999999999999998,1.240991968545355E-003)
  0.000000000000000E+000  -2.41839915231229     
 (1.00000000000000,8.467338043319143E-004)
 (-6.660065768005116E-004,0.841066110467770)
 (-6.660065768003696E-004,-0.841066110467770)
 (1.00000000000000,-5.620391103835563E-004)
  0.000000000000000E+000  0.000000000000000E+000
 (1.00000000000000,1.173428677009113E-003)
 (0.907466657289539,-2.846516918081313E-004)
 (0.907466657289540,2.846516918087437E-004)
 (0.999999999999999,-5.372838667314679E-004)
  0.000000000000000E+000   2.41839915231229     
 (1.00000000000000,9.109772732638181E-004)
 (7.638457344433926E-004,-0.841164905564592)
 (7.638457344433371E-004,0.841164905564592)
 (1.00000000000000,8.664597309528933E-005)
   2.09439510239320       -1.20919957615614     
 (0.999999999999999,1.200796467211355E-003)
 (0.728452754601153,0.420179067338776)
 (0.728452754601154,-0.420179067338776)
 (0.999999999999998,-1.158171853560905E-003)
   2.09439510239320        1.20919957615614     
 (1.00000000000000,2.009789426898482E-003)
 (0.728000105670633,-0.420049059976538)
 (0.728000105670633,0.420049059976539)
 (1.00000000000000,-1.121565347194929E-003)
   2.09439510239320        3.62759872846843     
 (1.00000000000000,5.050461777427009E-004)
 (6.207959838999490E-003,-5.410094957940237E-003)
 (6.207959839001070E-003,5.410094957938846E-003)
 (0.999999999999996,-3.228454799131413E-003)
   4.18879020478639       0.000000000000000E+000
 (0.999999999999999,3.279607970569991E-003)
 (4.441876767951874E-003,-2.816646800966721E-003)
 (4.441876767951763E-003,2.816646800967453E-003)
 (0.999999999999997,-2.220415821418098E-003)
   1.00000000000000                2           9
 (0.000000000000000E+000,0.000000000000000E+000)
 (0.000000000000000E+000,0.000000000000000E+000)
  -2.09439510239320       -1.20919957615614     
 (1.00000000000000,-6.594118203762929E-004)
 (0.727584709279215,0.420363912487004)
 (0.727584709279213,-0.420363912487004)
 (1.00000000000000,1.198903632339307E-003)
  -2.09439510239320        1.20919957615614     
 (1.00000000000000,-4.699787823422906E-004)
 (0.726340905541229,-0.419731575876462)
 (0.726340905541228,0.419731575876461)
 (0.999999999999998,-1.209663563852260E-003)
  0.000000000000000E+000  -2.41839915231229     
 (1.00000000000000,1.175618231066505E-003)
 (8.403707313416886E-004,0.840658342855293)
 (8.403707313401590E-004,-0.840658342855294)
 (1.00000000000000,7.518678492542436E-004)
  0.000000000000000E+000  0.000000000000000E+000
 (1.00000000000000,-6.193141665234583E-004)
 (0.907485996632159,-1.007074581730855E-004)
 (0.907485996632159,1.007074581733876E-004)
 (0.999999999999999,5.801717587521155E-004)
  0.000000000000000E+000   2.41839915231229     
 (1.00000000000000,-8.569737097550446E-004)
 (-2.106177080826474E-003,-0.839974855955076)
 (-2.106177080828744E-003,0.839974855955076)
 (1.00000000000000,9.683367929478376E-004)
   2.09439510239320       -1.20919957615614     
 (0.999999999999999,1.178893416337120E-003)
 (0.728023422599107,0.420171855564156)
 (0.728023422599107,-0.420171855564156)
 (0.999999999999999,-1.687436454271008E-004)
   2.09439510239320        1.20919957615614     
 (1.00000000000000,-2.860082304790594E-005)
 (0.728426658261843,-0.420815578539009)
 (0.728426658261842,0.420815578539010)
 (1.00000000000000,-9.812559048761719E-004)
   2.09439510239320        3.62759872846843     
 (0.999999999999999,2.594291754210931E-003)
 (-1.535133692256885E-003,5.641961044619184E-003)
 (-1.535133692257822E-003,-5.641961044622473E-003)
 (0.999999999999997,-4.840298982891794E-003)
   4.18879020478639       0.000000000000000E+000
 (1.00000000000000,3.422797088399596E-004)
 (-5.098563739020573E-003,4.445233787261503E-003)
 (-5.098563739020117E-003,-4.445233787260945E-003)
 (0.999999999999997,-2.142360527323002E-004)
   1.00000000000000                2           9
 (0.000000000000000E+000,0.000000000000000E+000)
 (0.000000000000000E+000,0.000000000000000E+000)
  -2.09439510239320       -1.20919957615614     
 (1.00000000000000,-6.050124751602726E-004)
 (0.727645671343936,0.422033366874588)
 (0.727645671343938,-0.422033366874588)
 (1.00000000000000,2.232134332178836E-004)
  -2.09439510239320        1.20919957615614     
 (1.00000000000000,-5.661034421843666E-004)
 (0.730290404320545,-0.417673874513758)
 (0.730290404320547,0.417673874513757)
 (0.999999999999998,1.800660972696862E-003)
  0.000000000000000E+000  -2.41839915231229     
 (1.00000000000000,1.180617383347034E-003)
 (-8.603657969933097E-005,0.840816302611266)
 (-8.603657969812822E-005,-0.840816302611266)
 (1.00000000000000,2.534512674049788E-004)
  0.000000000000000E+000  0.000000000000000E+000
 (1.00000000000000,4.275027407938053E-004)
 (0.908444898656781,4.986018273254928E-004)
 (0.908444898656782,-4.986018273254305E-004)
 (0.999999999999999,6.616602556613941E-004)
  0.000000000000000E+000   2.41839915231229     
 (1.00000000000000,1.127937151484134E-003)
 (2.734247396101465E-003,-0.839693779721519)
 (2.734247396102347E-003,0.839693779721519)
 (1.00000000000000,-2.967686512201362E-004)
   2.09439510239320       -1.20919957615614     
 (1.00000000000000,1.559095405589899E-003)
 (0.727958587323759,0.420835482525344)
 (0.727958587323760,-0.420835482525343)
 (0.999999999999998,-3.902394945336201E-004)
   2.09439510239320        1.20919957615614     
 (1.00000000000000,4.415579272541740E-004)
 (0.729867380626676,-0.419718254453701)
 (0.729867380626676,0.419718254453701)
 (1.00000000000000,-1.699696738248165E-003)
   2.09439510239320        3.62759872846843     
 (1.00000000000000,-4.158083900013021E-003)
 (8.208084555959524E-003,1.121472912584615E-003)
 (8.208084555961510E-003,-1.121472912585295E-003)
 (0.999999999999997,4.704716690266447E-004)
   4.18879020478639       0.000000000000000E+000
 (1.00000000000000,-2.112650952231716E-003)
 (1.075795758403751E-002,-1.688047326427517E-003)
 (1.075795758403723E-002,1.688047326427367E-003)
 (0.999999999999996,3.260446986250289E-003)
