           2 (-22.8876603994421,-4.462276952690659E-015)   1.00000000000000     
           2 (-22.8770508301562,-1.169508771431925E-014)   1.00000000000000     
           2 (-22.8862332328704,-1.059980435365958E-014)   1.00000000000000     
           2 (-22.8927577104816,-4.181528278380127E-014)   1.00000000000000     
           2 (-22.9102453877065,1.134661039790340E-014)   1.00000000000000     
           2 (-22.8981035332793,1.292884266235653E-016)   1.00000000000000     
           2 (-22.8906718993604,2.409988331418329E-014)   1.00000000000000     
           2 (-22.8939272739223,3.114886970064024E-014)   1.00000000000000     
           2 (-22.9128678898270,1.336627352202990E-014)   1.00000000000000     
           2 (-22.8985909127008,8.194522325073714E-015)   1.00000000000000     
           2 (-22.9023772326522,2.284921846844294E-014)   1.00000000000000     
           2 (-22.8742235494900,-6.774441556134100E-015)   1.00000000000000     
           2 (-22.8819625575384,-1.608123786996134E-014)   1.00000000000000     
           2 (-22.8722492197538,-9.673107760658889E-015)   1.00000000000000     
           2 (-22.8885073272953,2.206475221151231E-014)   1.00000000000000     
           2 (-22.8866425686529,-5.252671715506240E-015)   1.00000000000000     
           2 (-22.8890095649538,-6.204178410690049E-015)   1.00000000000000     
           2 (-22.8918725740310,8.474165974480351E-015)   1.00000000000000     
           2 (-22.8762841598277,-3.626855369497350E-015)   1.00000000000000     
           2 (-22.9069581245569,-3.056280458542725E-015)   1.00000000000000     
           2 (-22.8868665975829,2.571006375563478E-015)   1.00000000000000     
           2 (-22.8710519967158,1.948397889815047E-014)   1.00000000000000     
           2 (-22.9015803194041,-1.405606143193162E-014)   1.00000000000000     
           2 (-22.9164409689736,2.447188280145937E-015)   1.00000000000000     
           2 (-22.8932395741539,-3.095155159126520E-014)   1.00000000000000     
           2 (-22.9034943463124,-4.633572963070396E-014)   1.00000000000000     
           2 (-22.8959129260227,1.467085632671204E-014)   1.00000000000000     
           2 (-22.8998048876465,1.053267917472054E-014)   1.00000000000000     
           2 (-22.8750310041102,-8.765885706581545E-015)   1.00000000000000     
           2 (-22.8955125013295,-5.508800903258938E-014)   1.00000000000000     
           2 (-22.9087710714871,-2.503201468805780E-014)   1.00000000000000     
           2 (-22.8889410974090,4.239991645314516E-014)   1.00000000000000     
           2 (-22.9202175779465,-7.873944518877235E-015)   1.00000000000000     
           2 (-22.9096482787388,-5.148314843680660E-015)   1.00000000000000     
           2 (-22.9297105977577,-5.737170533169226E-016)   1.00000000000000     
