           2 (18.0000000000000,-2.239468146409580E-003)   1.00000000000000     
           2 (18.0000000000000,8.402395067526382E-003)   1.00000000000000     
           2 (18.0000000000000,4.281835043511972E-003)   1.00000000000000     
           2 (18.0000000000000,5.597630098563676E-003)   1.00000000000000     
           2 (18.0000000000000,1.932857728382425E-004)   1.00000000000000     
           2 (18.0000000000000,-5.782850208806530E-003)   1.00000000000000     
           2 (18.0000000000000,-2.200772238761072E-003)   1.00000000000000     
           2 (18.0000000000000,2.988650417646648E-003)   1.00000000000000     
           2 (18.0000000000000,-3.596870150060194E-003)   1.00000000000000     
           2 (18.0000000000000,-2.245772893460744E-003)   1.00000000000000     
           2 (18.0000000000000,5.590083966794968E-003)   1.00000000000000     
           2 (18.0000000000000,2.003433986720917E-003)   1.00000000000000     
           2 (18.0000000000000,1.566050544387861E-003)   1.00000000000000     
           2 (18.0000000000000,-2.457184199484071E-004)   1.00000000000000     
           2 (18.0000000000000,-1.992936854722985E-003)   1.00000000000000     
           2 (18.0000000000000,-5.976180834315176E-004)   1.00000000000000     
           2 (18.0000000000000,-1.594184920143510E-003)   1.00000000000000     
           2 (18.0000000000000,7.942682703744930E-003)   1.00000000000000     
           2 (18.0000000000000,-4.725398708113024E-003)   1.00000000000000     
           2 (18.0000000000000,-3.278526190134821E-003)   1.00000000000000     
           2 (18.0000000000000,3.089249799184007E-005)   1.00000000000000     
           2 (18.0000000000000,1.639925861785603E-003)   1.00000000000000     
           2 (18.0000000000000,5.887520421793244E-004)   1.00000000000000     
           2 (18.0000000000000,-2.504645867942726E-003)   1.00000000000000     
           2 (18.0000000000000,-2.928106337259929E-003)   1.00000000000000     
           2 (18.0000000000000,-1.048895727526828E-002)   1.00000000000000     
           2 (18.0000000000000,-5.118859495731288E-003)   1.00000000000000     
           2 (18.0000000000000,6.342304546843583E-003)   1.00000000000000     
           2 (18.0000000000000,-4.683673280674880E-004)   1.00000000000000     
           2 (18.0000000000000,-4.312565129033438E-003)   1.00000000000000     
           2 (18.0000000000000,-5.160233662921490E-003)   1.00000000000000     
           2 (18.0000000000000,-3.678551496534761E-003)   1.00000000000000     
           2 (18.0000000000000,1.661446659844914E-003)   1.00000000000000     
           2 (18.0000000000000,-1.258114308076528E-003)   1.00000000000000     
           2 (18.0000000000000,1.578059539135867E-003)   1.00000000000000     
