           2 (8.68571571782434,-4.478936292834471E-003)   1.00000000000000     
           2 (8.55646106699464,1.680479013502975E-002)   1.00000000000000     
           2 (8.91777621021667,8.563670087013552E-003)   1.00000000000000     
           2 (8.88886409419609,1.119526019707435E-002)   1.00000000000000     
           2 (8.83262643931393,3.865715456947286E-004)   1.00000000000000     
           2 (8.65687593200294,-1.156570041759687E-002)   1.00000000000000     
           2 (8.85151861341432,-4.401544477508349E-003)   1.00000000000000     
           2 (8.91813724354504,5.977300835332412E-003)   1.00000000000000     
           2 (9.00798779350376,-7.193740300107542E-003)   1.00000000000000     
           2 (8.71606037890709,-4.491545786914936E-003)   1.00000000000000     
           2 (8.75696632519614,1.118016793361268E-002)   1.00000000000000     
           2 (8.62706962465329,4.006867973401963E-003)   1.00000000000000     
           2 (8.76754313384143,3.132101088771883E-003)   1.00000000000000     
           2 (8.53809203450723,-4.914368399200840E-004)   1.00000000000000     
           2 (8.84895442330496,-3.985873709411563E-003)   1.00000000000000     
           2 (8.79252840075744,-1.195236166884125E-003)   1.00000000000000     
           2 (8.92819633673846,-3.188369840296780E-003)   1.00000000000000     
           2 (8.74939717741534,1.588536540748513E-002)   1.00000000000000     
           2 (8.82335356731926,-9.450797416226439E-003)   1.00000000000000     
           2 (9.05597113430753,-6.557052380268111E-003)   1.00000000000000     
           2 (8.80290713353302,6.178499598780444E-005)   1.00000000000000     
           2 (8.65954920056146,3.279851723593335E-003)   1.00000000000000     
           2 (8.82909692972656,1.177504084350284E-003)   1.00000000000000     
           2 (8.71681733180464,-5.009291735888302E-003)   1.00000000000000     
           2 (8.59988138847136,-5.856212674621586E-003)   1.00000000000000     
           2 (8.84871312177342,-2.097791455058828E-002)   1.00000000000000     
           2 (8.67228159888393,-1.023771899146058E-002)   1.00000000000000     
           2 (8.54157331421779,1.268460909368821E-002)   1.00000000000000     
           2 (8.84088857921625,-9.367346561488161E-004)   1.00000000000000     
           2 (8.70597595735170,-8.625130258136300E-003)   1.00000000000000     
           2 (8.67932475615935,-1.032046732590299E-002)   1.00000000000000     
           2 (8.81718519283431,-7.357102993034589E-003)   1.00000000000000     
           2 (8.71839154287126,3.322893319689386E-003)   1.00000000000000     
           2 (8.84911253969396,-2.516228616160011E-003)   1.00000000000000     
           2 (8.80213915670855,3.156119078270857E-003)   1.00000000000000     
