   -1.000000      0.000000
  1    1        0.10827989        0.00029590        0.00000000        0.00000000
  1    2       -0.10874007        0.00028735       -0.00000000        0.00000000
  2    1       -0.10878624        0.00027602       -0.00000000        0.00000000
  2    2        0.10837120        0.00033898        0.00000000        0.00000000
   -0.500000      0.866025
  1    1        0.10810082        0.00028926        0.00000000        0.00000000
  1    2       -0.30047567        0.00051265       -0.00000000        0.00000000
  2    1       -0.10872484        0.00028317        0.00000000        0.00000000
  2    2        0.10822717        0.00030812        0.00000000        0.00000000
    0.000000      1.732051
  1    1        0.09596850        0.00028124       -0.00000000        0.00000000
  1    2       -0.10892619        0.00034633       -0.00000000        0.00000000
  2    1       -0.10890551        0.00031045       -0.00000000        0.00000000
  2    2        0.09601069        0.00027379       -0.00000000        0.00000000
   -0.500000     -0.866025
  1    1        0.10834299        0.00028243       -0.00000000        0.00000000
  1    2       -0.10891861        0.00028760       -0.00000000        0.00000000
  2    1       -0.30091255        0.00052208       -0.00000000        0.00000000
  2    2        0.10843879        0.00031597       -0.00000000        0.00000000
    0.000000      0.000000
  1    1        0.75630376        0.00067878        0.00000000        0.00000000
  1    2       -0.30029097        0.00045861       -0.00000000        0.00000000
  2    1       -0.30029097        0.00045861       -0.00000000        0.00000000
  2    2        0.75643237        0.00067891        0.00000000        0.00000000
    0.500000      0.866025
  1    1        0.10834299        0.00028243        0.00000000        0.00000000
  1    2       -0.30091255        0.00052208       -0.00000000        0.00000000
  2    1       -0.10891861        0.00028760       -0.00000000        0.00000000
  2    2        0.10843879        0.00031597        0.00000000        0.00000000
    0.500000     -0.866025
  1    1        0.10810082        0.00028926        0.00000000        0.00000000
  1    2       -0.10872484        0.00028317       -0.00000000        0.00000000
  2    1       -0.30047567        0.00051265       -0.00000000        0.00000000
  2    2        0.10822717        0.00030812        0.00000000        0.00000000
    1.000000      0.000000
  1    1        0.10827989        0.00029590        0.00000000        0.00000000
  1    2       -0.10878624        0.00027602        0.00000000        0.00000000
  2    1       -0.10874007        0.00028735        0.00000000        0.00000000
  2    2        0.10837120        0.00033898        0.00000000        0.00000000
    1.500000      0.866025
  1    1        0.09596850        0.00028124       -0.00000000        0.00000000
  1    2       -0.10890551        0.00031045       -0.00000000        0.00000000
  2    1       -0.10892619        0.00034633       -0.00000000        0.00000000
  2    2        0.09601069        0.00027379       -0.00000000        0.00000000
