   1.00000000000000                2           9
 (0.000000000000000E+000,0.000000000000000E+000)
 (0.000000000000000E+000,0.000000000000000E+000)
  -2.09439510239320       -1.20919957615614     
 (0.660609320710258,5.674473236973022E-016)
 (-0.288859043209906,-0.166649261662302)
 (-0.288859043209906,0.166649261662302)
 (0.662822780506563,2.343804163097553E-016)
  -2.09439510239320        1.20919957615614     
 (0.663123327861739,4.070817756958907E-016)
 (-0.292195320528810,0.164352756454695)
 (-0.292195320528810,-0.164352756454695)
 (0.662028567004019,1.850371707708594E-016)
  0.000000000000000E+000  -2.41839915231229     
 (0.661010771909546,5.181040781584064E-016)
 (-3.610407100141920E-003,-0.331059035579118)
 (-3.610407100142087E-003,0.331059035579117)
 (0.661538553572793,4.810966440042345E-016)
  0.000000000000000E+000  0.000000000000000E+000
 (1.61044114522097,1.116667003062376E-015)
 (-1.56542993146127,-9.991415294900271E-016)
 (-1.56542993146127,-9.991386897957305E-016)
 (1.60470351461416,8.594345450221978E-016)
  0.000000000000000E+000   2.41839915231229     
 (0.661010771909546,3.700743415417189E-016)
 (-3.610407100142130E-003,0.331059035579118)
 (-3.610407100141865E-003,-0.331059035579118)
 (0.661538553572792,2.097087935403073E-016)
   2.09439510239320       -1.20919957615614     
 (0.663123327861739,4.810966440042345E-016)
 (-0.292195320528810,-0.164352756454695)
 (-0.292195320528810,0.164352756454695)
 (0.662028567004019,3.330669073875470E-016)
   2.09439510239320        1.20919957615614     
 (0.660609320710258,4.687608326195106E-016)
 (-0.288859043209906,0.166649261662302)
 (-0.288859043209906,-0.166649261662302)
 (0.662822780506563,1.110223024625157E-016)
   2.09439510239320        3.62759872846843     
 (0.624840710355918,7.399777550544439E-016)
 (-1.209251315168864E-003,-2.007533822661178E-003)
 (-1.209251315169024E-003,2.007533822660498E-003)
 (0.625024708705513,5.436139372292624E-016)
   4.18879020478639       0.000000000000000E+000
 (0.624840710355918,4.685524880563234E-016)
 (-1.209251315169320E-003,2.007533822660945E-003)
 (-1.209251315169197E-003,-2.007533822661111E-003)
 (0.625024708705513,3.345601228766999E-016)
   1.00000000000000                2           9
 (0.000000000000000E+000,0.000000000000000E+000)
 (0.000000000000000E+000,0.000000000000000E+000)
  -2.09439510239320       -1.20919957615614     
 (0.664597430225454,9.992007221626409E-016)
 (-0.285000745264212,-0.170744619956893)
 (-0.285000745264212,0.170744619956891)
 (0.661045304831639,4.194175870806147E-016)
  -2.09439510239320        1.20919957615614     
 (0.670160545699006,6.537980033903700E-016)
 (-0.294683651776693,0.166528829708037)
 (-0.294683651776692,-0.166528829708037)
 (0.662065877393808,4.687608326195106E-016)
  0.000000000000000E+000  -2.41839915231229     
 (0.664426722010225,9.621932880084689E-016)
 (1.051185522114399E-004,-0.336622030482380)
 (1.051185522106504E-004,0.336622030482380)
 (0.664806125501116,3.824101529264428E-016)
  0.000000000000000E+000  0.000000000000000E+000
 (1.62156434706193,1.630489149865453E-015)
 (-1.57233753143350,-1.557593574778776E-015)
 (-1.57233753143350,-1.557301489779474E-015)
 (1.61468566070493,1.604388011460651E-015)
  0.000000000000000E+000   2.41839915231229     
 (0.664426722010225,7.648203058528857E-016)
 (1.051185522107244E-004,0.336622030482380)
 (1.051185522113289E-004,-0.336622030482380)
 (0.664806125501116,1.356939252319636E-016)
   2.09439510239320       -1.20919957615614     
 (0.670160545699006,7.031412489292658E-016)
 (-0.294683651776692,-0.166528829708037)
 (-0.294683651776692,0.166528829708037)
 (0.662065877393808,5.921189464667501E-016)
   2.09439510239320        1.20919957615614     
 (0.664597430225454,9.251858538542972E-016)
 (-0.285000745264212,0.170744619956891)
 (-0.285000745264212,-0.170744619956892)
 (0.661045304831639,3.454027187722709E-016)
   2.09439510239320        3.62759872846843     
 (0.627814838764995,9.274848210810484E-016)
 (4.026480266836583E-003,-4.828814828461540E-003)
 (4.026480266836657E-003,4.828814828460824E-003)
 (0.627842884941630,3.956936148445346E-016)
   4.18879020478639       0.000000000000000E+000
 (0.627814838764995,6.928074248829840E-016)
 (4.026480266836410E-003,4.828814828461345E-003)
 (4.026480266836237E-003,-4.828814828461374E-003)
 (0.627842884941630,1.112343317666070E-016)
   1.00000000000000                2           9
 (0.000000000000000E+000,0.000000000000000E+000)
 (0.000000000000000E+000,0.000000000000000E+000)
  -2.09439510239320       -1.20919957615614     
 (0.658340016034332,5.181040781584064E-016)
 (-0.287430518298988,-0.164705829624833)
 (-0.287430518298988,0.164705829624832)
 (0.657247057132067,3.207310960028230E-016)
  -2.09439510239320        1.20919957615614     
 (0.658552542068822,1.480297366166875E-016)
 (-0.286632986188173,0.165650608751753)
 (-0.286632986188172,-0.165650608751753)
 (0.657393927154765,3.330669073875470E-016)
  0.000000000000000E+000  -2.41839915231229     
 (0.658389513864777,3.330669073875470E-016)
 (-1.319347980402804E-003,-0.331220113410947)
 (-1.319347980403013E-003,0.331220113410947)
 (0.658090138765919,3.947459643111667E-016)
  0.000000000000000E+000  0.000000000000000E+000
 (1.57934824715041,5.825086872810287E-016)
 (-1.53772493200068,-5.157366131039756E-016)
 (-1.53772493200068,-5.156917434681660E-016)
 (1.58149328161662,5.210738094166414E-016)
  0.000000000000000E+000   2.41839915231229     
 (0.658389513864777,1.603655480014115E-016)
 (-1.319347980403075E-003,0.331220113410947)
 (-1.319347980402742E-003,-0.331220113410947)
 (0.658090138765919,1.727013593861355E-016)
   2.09439510239320       -1.20919957615614     
 (0.658552542068822,2.467162276944792E-016)
 (-0.286632986188172,-0.165650608751753)
 (-0.286632986188173,0.165650608751753)
 (0.657393927154765,4.564250212347865E-016)
   2.09439510239320        1.20919957615614     
 (0.658340016034332,4.194175870806147E-016)
 (-0.287430518298988,0.164705829624832)
 (-0.287430518298987,-0.164705829624833)
 (0.657247057132067,2.467162276944792E-016)
   2.09439510239320        3.62759872846843     
 (0.622462406848969,3.610954891092330E-016)
 (-6.478932440998372E-004,2.640470026184536E-004)
 (-6.478932440995165E-004,-2.640470026192213E-004)
 (0.619659581192830,5.126931716974333E-016)
   4.18879020478639       0.000000000000000E+000
 (0.622462406848969,1.416176222279969E-016)
 (-6.478932440998867E-004,-2.640470026186975E-004)
 (-6.478932441000840E-004,2.640470026186628E-004)
 (0.619659581192830,2.686334539828945E-016)
   1.00000000000000                2           9
 (0.000000000000000E+000,0.000000000000000E+000)
 (0.000000000000000E+000,0.000000000000000E+000)
  -2.09439510239320       -1.20919957615614     
 (0.657183068689662,1.332267629550188E-015)
 (-0.283992678250857,-0.166699964023417)
 (-0.283992678250858,0.166699964023416)
 (0.655834855160486,1.541976423090495E-015)
  -2.09439510239320        1.20919957615614     
 (0.658510375303261,1.332267629550188E-015)
 (-0.286540090353016,0.165816591503507)
 (-0.286540090353015,-0.165816591503509)
 (0.656836985281307,1.480297366166875E-015)
  0.000000000000000E+000  -2.41839915231229     
 (0.658564518437769,1.344603440934912E-015)
 (2.966779828393983E-003,-0.332012347070572)
 (2.966779828392940E-003,0.332012347070571)
 (0.658766776485118,1.319931818165464E-015)
  0.000000000000000E+000  0.000000000000000E+000
 (1.58899992814750,2.802981142571908E-015)
 (-1.54450943448710,-3.024199642277448E-015)
 (-1.54450943448710,-3.024154478480443E-015)
 (1.58833157177656,3.338782939832627E-015)
  0.000000000000000E+000   2.41839915231229     
 (0.658564518437769,1.171902081548776E-015)
 (2.966779828392934E-003,0.332012347070571)
 (2.966779828393989E-003,-0.332012347070572)
 (0.658766776485118,1.073215590470985E-015)
   2.09439510239320       -1.20919957615614     
 (0.658510375303261,1.332267629550188E-015)
 (-0.286540090353015,-0.165816591503509)
 (-0.286540090353016,0.165816591503507)
 (0.656836985281307,1.480297366166875E-015)
   2.09439510239320        1.20919957615614     
 (0.657183068689662,1.184237892933500E-015)
 (-0.283992678250858,0.166699964023416)
 (-0.283992678250857,-0.166699964023417)
 (0.655834855160486,1.393946686473808E-015)
   2.09439510239320        3.62759872846843     
 (0.622609166786884,1.256103696933044E-015)
 (1.293319293167400E-003,4.303246962394513E-004)
 (1.293319293167092E-003,-4.303246962406499E-004)
 (0.620812480344496,1.573032703015818E-015)
   4.18879020478639       0.000000000000000E+000
 (0.622609166786884,9.368568162200947E-016)
 (1.293319293166734E-003,-4.303246962401653E-004)
 (1.293319293167117E-003,4.303246962395785E-004)
 (0.620812480344496,1.315607223017753E-015)
   1.00000000000000                2           9
 (0.000000000000000E+000,0.000000000000000E+000)
 (0.000000000000000E+000,0.000000000000000E+000)
  -2.09439510239320       -1.20919957615614     
 (0.660506126663750,-3.577385301569949E-016)
 (-0.286249048947201,-0.166416826907644)
 (-0.286249048947200,0.166416826907645)
 (0.658768262907932,-4.070817756958907E-016)
  -2.09439510239320        1.20919957615614     
 (0.660048524601813,-5.181040781584064E-016)
 (-0.290142518854301,0.163190185567372)
 (-0.290142518854301,-0.163190185567372)
 (0.659343909459169,-5.181040781584064E-016)
  0.000000000000000E+000  -2.41839915231229     
 (0.659689632098783,-4.317533984653386E-016)
 (-3.443758061233426E-004,-0.330568796778268)
 (-3.443758061227258E-004,0.330568796778268)
 (0.659619927598526,-3.824101529264428E-016)
  0.000000000000000E+000  0.000000000000000E+000
 (1.58913810228743,-8.762580200161528E-016)
 (-1.54526402511208,8.242478154841877E-016)
 (-1.54526402511208,8.242664056743084E-016)
 (1.58702357194299,-8.241802766882640E-016)
  0.000000000000000E+000   2.41839915231229     
 (0.659689632098783,-6.044547578514741E-016)
 (-3.443758061226765E-004,0.330568796778268)
 (-3.443758061233796E-004,-0.330568796778268)
 (0.659619927598526,-6.044547578514741E-016)
   2.09439510239320       -1.20919957615614     
 (0.660048524601813,-3.700743415417189E-016)
 (-0.290142518854301,-0.163190185567372)
 (-0.290142518854301,0.163190185567372)
 (0.659343909459169,-3.454027187722709E-016)
   2.09439510239320        1.20919957615614     
 (0.660506126663750,-4.317533984653386E-016)
 (-0.286249048947200,0.166416826907645)
 (-0.286249048947201,-0.166416826907644)
 (0.658768262907932,-5.797831350820262E-016)
   2.09439510239320        3.62759872846843     
 (0.624378162597375,-1.496392662015119E-016)
 (-9.536662599715332E-004,-1.176838420290794E-003)
 (-9.536662599715578E-004,1.176838420289877E-003)
 (0.621408007129013,-1.283112208637044E-016)
   4.18879020478639       0.000000000000000E+000
 (0.624378162597375,-4.563223544218951E-016)
 (-9.536662599717922E-004,1.176838420290304E-003)
 (-9.536662599719649E-004,-1.176838420290819E-003)
 (0.621408007129013,-3.974398894722525E-016)
   1.00000000000000                2           9
 (0.000000000000000E+000,0.000000000000000E+000)
 (0.000000000000000E+000,0.000000000000000E+000)
  -2.09439510239320       -1.20919957615614     
 (0.660350788776543,-1.233581138472396E-016)
 (-0.287791791830491,-0.168725203109765)
 (-0.287791791830491,0.168725203109765)
 (0.665349891006919,-5.057682667736824E-016)
  -2.09439510239320        1.20919957615614     
 (0.663395528222179,-6.291263806209221E-016)
 (-0.287544696877612,0.167034372516430)
 (-0.287544696877613,-0.167034372516430)
 (0.662393605506196,-5.181040781584064E-016)
  0.000000000000000E+000  -2.41839915231229     
 (0.662397816516165,-2.220446049250313E-016)
 (2.756601660158373E-003,-0.333238995564791)
 (2.756601660158669E-003,0.333238995564791)
 (0.662571048266298,4.934324553889584E-017)
  0.000000000000000E+000  0.000000000000000E+000
 (1.60730420986709,-1.014531289928961E-015)
 (-1.56711172233446,1.078277247883732E-015)
 (-1.56711172233446,1.078275449269292E-015)
 (1.61421024763115,-1.247157083691251E-015)
  0.000000000000000E+000   2.41839915231229     
 (0.662397816516165,-4.934324553889585E-016)
 (2.756601660158620E-003,0.333238995564791)
 (2.756601660158361E-003,-0.333238995564791)
 (0.662571048266297,-2.220446049250313E-016)
   2.09439510239320       -1.20919957615614     
 (0.663395528222179,-5.551115123125783E-016)
 (-0.287544696877613,-0.167034372516430)
 (-0.287544696877612,0.167034372516430)
 (0.662393605506196,-3.947459643111667E-016)
   2.09439510239320        1.20919957615614     
 (0.660350788776543,-1.973729821555834E-016)
 (-0.287791791830491,0.168725203109765)
 (-0.287791791830491,-0.168725203109764)
 (0.665349891006919,-5.797831350820262E-016)
   2.09439510239320        3.62759872846843     
 (0.622946240410941,1.806372161931845E-016)
 (2.169838961883953E-003,-1.009373890867825E-003)
 (2.169838961883435E-003,1.009373890867067E-003)
 (0.625618869544912,-1.469140159047345E-016)
   4.18879020478639       0.000000000000000E+000
 (0.622946240410941,-1.269737631793833E-016)
 (2.169838961883164E-003,1.009373890867535E-003)
 (2.169838961883608E-003,-1.009373890867801E-003)
 (0.625618869544912,-4.799940922092572E-016)
   1.00000000000000                2           9
 (0.000000000000000E+000,0.000000000000000E+000)
 (0.000000000000000E+000,0.000000000000000E+000)
  -2.09439510239320       -1.20919957615614     
 (0.659118154383908,-1.727013593861355E-016)
 (-0.289266439578568,-0.164445939238025)
 (-0.289266439578568,0.164445939238025)
 (0.659744661903617,-3.824101529264428E-016)
  -2.09439510239320        1.20919957615614     
 (0.656711066443092,-5.797831350820262E-016)
 (-0.282752283349691,0.166444890669580)
 (-0.282752283349691,-0.166444890669580)
 (0.659167976132702,-3.700743415417189E-016)
  0.000000000000000E+000  -2.41839915231229     
 (0.660302428701290,-5.797831350820262E-016)
 (3.191070106297230E-004,-0.332635894232170)
 (3.191070106303398E-004,0.332635894232170)
 (0.660722423044272,-3.330669073875470E-016)
  0.000000000000000E+000  0.000000000000000E+000
 (1.58676736359200,-1.681719040646956E-016)
 (-1.54394629295568,1.716015703660764E-017)
 (-1.54394629295568,1.708144798632111E-017)
 (1.58785369789027,1.196907152396467E-016)
  0.000000000000000E+000   2.41839915231229     
 (0.660302428701290,-8.018277400070575E-016)
 (3.191070106303151E-004,0.332635894232170)
 (3.191070106297476E-004,-0.332635894232170)
 (0.660722423044272,-4.810966440042345E-016)
   2.09439510239320       -1.20919957615614     
 (0.656711066443092,-4.564250212347865E-016)
 (-0.282752283349691,-0.166444890669580)
 (-0.282752283349691,0.166444890669580)
 (0.659167976132702,-3.207310960028230E-016)
   2.09439510239320        1.20919957615614     
 (0.659118154383908,-3.207310960028230E-016)
 (-0.289266439578568,0.164445939238025)
 (-0.289266439578568,-0.164445939238025)
 (0.659744661903617,-4.317533984653386E-016)
   2.09439510239320        3.62759872846843     
 (0.620112629246301,-1.945592951679007E-016)
 (-7.649818139133667E-004,2.402433151949109E-003)
 (-7.649818139133050E-004,-2.402433151950086E-003)
 (0.623930476049922,-1.084357081193007E-016)
   4.18879020478639       0.000000000000000E+000
 (0.620112629246301,-4.882365724848273E-016)
 (-7.649818139136258E-004,-2.402433151949602E-003)
 (-7.649818139136998E-004,2.402433151949212E-003)
 (0.623930476049922,-4.149638037571316E-016)
   1.00000000000000                2           9
 (0.000000000000000E+000,0.000000000000000E+000)
 (0.000000000000000E+000,0.000000000000000E+000)
  -2.09439510239320       -1.20919957615614     
 (0.657894074035379,-8.635067969306773E-016)
 (-0.285788210548066,-0.165855436862817)
 (-0.285788210548065,0.165855436862817)
 (0.656789407168435,-8.635067969306773E-016)
  -2.09439510239320        1.20919957615614     
 (0.658582019015643,-1.011536533547365E-015)
 (-0.286339271822129,0.164992224639060)
 (-0.286339271822129,-0.164992224639059)
 (0.658024511915382,-8.264993627765054E-016)
  0.000000000000000E+000  -2.41839915231229     
 (0.659066565975067,-8.881784197001252E-016)
 (9.445199170254079E-004,-0.331570170811954)
 (9.445199170264997E-004,0.331570170811953)
 (0.657591675279726,-8.264993627765054E-016)
  0.000000000000000E+000  0.000000000000000E+000
 (1.58015214146681,-2.474243696917614E-015)
 (-1.53631391869412,2.511080928551571E-015)
 (-1.53631391869412,2.511092238752869E-015)
 (1.57886023111824,-2.563241921831876E-015)
  0.000000000000000E+000   2.41839915231229     
 (0.659066565975067,-1.011536533547365E-015)
 (9.445199170265058E-004,0.331570170811954)
 (9.445199170253894E-004,-0.331570170811953)
 (0.657591675279726,-1.048543967701537E-015)
   2.09439510239320       -1.20919957615614     
 (0.658582019015643,-8.881784197001252E-016)
 (-0.286339271822129,-0.164992224639059)
 (-0.286339271822128,0.164992224639059)
 (0.658024511915382,-7.771561172376096E-016)
   2.09439510239320        1.20919957615614     
 (0.657894074035379,-9.992007221626409E-016)
 (-0.285788210548065,0.165855436862818)
 (-0.285788210548066,-0.165855436862816)
 (0.656789407168435,-9.621932880084689E-016)
   2.09439510239320        3.62759872846843     
 (0.621898565359689,-6.561591615350638E-016)
 (1.330455985104469E-003,4.490275627783349E-005)
 (1.330455985104346E-003,-4.490275627834705E-005)
 (0.621112684071913,-3.761459703922040E-016)
   4.18879020478639       0.000000000000000E+000
 (0.621898565359689,-9.125867925811634E-016)
 (1.330455985104050E-003,-4.490275627778368E-005)
 (1.330455985104148E-003,4.490275627797819E-005)
 (0.621112684071913,-6.819438270485533E-016)
   1.00000000000000                2           9
 (0.000000000000000E+000,0.000000000000000E+000)
 (0.000000000000000E+000,0.000000000000000E+000)
  -2.09439510239320       -1.20919957615614     
 (0.656536815348982,-1.850371707708594E-016)
 (-0.287021977058578,-0.163920122736436)
 (-0.287021977058578,0.163920122736436)
 (0.655783858316327,-3.083952846180990E-016)
  -2.09439510239320        1.20919957615614     
 (0.656525846541059,-3.700743415417189E-016)
 (-0.285926132687420,0.165223550445132)
 (-0.285926132687420,-0.165223550445132)
 (0.657181305657988,-8.141635513917814E-016)
  0.000000000000000E+000  -2.41839915231229     
 (0.655061881621398,-9.868649107779169E-017)
 (-1.511702452488174E-003,-0.328435533015412)
 (-1.511702452487977E-003,0.328435533015412)
 (0.655053463539978,-3.083952846180990E-016)
  0.000000000000000E+000  0.000000000000000E+000
 (1.57114716039022,-5.997157979707093E-016)
 (-1.52747099426204,5.003600492021198E-016)
 (-1.52747099426204,5.002885620570404E-016)
 (1.57112717734727,-3.710625615334727E-016)
  0.000000000000000E+000   2.41839915231229     
 (0.655061881621397,-2.960594732333751E-016)
 (-1.511702452487964E-003,0.328435533015412)
 (-1.511702452488199E-003,-0.328435533015412)
 (0.655053463539978,-4.070817756958907E-016)
   2.09439510239320       -1.20919957615614     
 (0.656525846541060,-3.207310960028230E-016)
 (-0.285926132687420,-0.165223550445132)
 (-0.285926132687420,0.165223550445132)
 (0.657181305657988,-6.414621920056460E-016)
   2.09439510239320        1.20919957615614     
 (0.656536815348982,-2.837236618486511E-016)
 (-0.287021977058578,0.163920122736436)
 (-0.287021977058578,-0.163920122736436)
 (0.655783858316327,-4.070817756958907E-016)
   2.09439510239320        3.62759872846843     
 (0.620705885492580,1.195597133975043E-017)
 (-1.500888185997732E-003,1.220498952659211E-003)
 (-1.500888185997597E-003,-1.220498952659910E-003)
 (0.620016826237112,-1.114787841758596E-016)
   4.18879020478639       0.000000000000000E+000
 (0.620705885492580,-2.687512774995479E-016)
 (-1.500888185997967E-003,-1.220498952659441E-003)
 (-1.500888185997991E-003,1.220498952659239E-003)
 (0.620016826237113,-3.550510776025702E-016)
   1.00000000000000                2           9
 (0.000000000000000E+000,0.000000000000000E+000)
 (0.000000000000000E+000,0.000000000000000E+000)
  -2.09439510239320       -1.20919957615614     
 (0.661521009446977,-1.233581138472396E-016)
 (-0.289710638427820,-0.165986398828616)
 (-0.289710638427819,0.165986398828615)
 (0.660696491299001,-1.356939252319636E-016)
  -2.09439510239320        1.20919957615614     
 (0.663927468091487,-1.110223024625157E-016)
 (-0.287852555997087,0.167428078162402)
 (-0.287852555997086,-0.167428078162402)
 (0.660854154659158,-2.467162276944792E-016)
  0.000000000000000E+000  -2.41839915231229     
 (0.662664275736561,1.233581138472396E-017)
 (6.743850032544950E-004,-0.333613792629371)
 (6.743850032545443E-004,0.333613792629371)
 (0.660201060092268,-1.356939252319636E-016)
  0.000000000000000E+000  0.000000000000000E+000
 (1.60473955705767,1.606469318793928E-016)
 (-1.55949100855995,-1.068973183104450E-017)
 (-1.55949100855995,-1.065408787443321E-017)
 (1.60129033670859,-4.010414333745836E-017)
  0.000000000000000E+000   2.41839915231229     
 (0.662664275736561,-1.850371707708594E-016)
 (6.743850032545321E-004,0.333613792629371)
 (6.743850032545197E-004,-0.333613792629370)
 (0.660201060092268,-2.837236618486511E-016)
   2.09439510239320       -1.20919957615614     
 (0.663927468091487,-6.167905692361981E-017)
 (-0.287852555997086,-0.167428078162402)
 (-0.287852555997087,0.167428078162402)
 (0.660854154659158,-1.727013593861355E-016)
   2.09439510239320        1.20919957615614     
 (0.661521009446977,-2.467162276944792E-016)
 (-0.289710638427819,0.165986398828616)
 (-0.289710638427820,-0.165986398828616)
 (0.660696491299002,-2.343804163097553E-016)
   2.09439510239320        3.62759872846843     
 (0.625051450795115,-1.132032813580411E-016)
 (1.049602183478764E-003,1.005037887038738E-003)
 (1.049602183479603E-003,-1.005037887039386E-003)
 (0.623054048269577,5.648844209390708E-018)
   4.18879020478639       0.000000000000000E+000
 (0.625051450795115,-4.207823996192096E-016)
 (1.049602183479221E-003,-1.005037887038801E-003)
 (1.049602183478468E-003,1.005037887038815E-003)
 (0.623054048269577,-2.524801531968222E-016)
   1.00000000000000                2           9
 (0.000000000000000E+000,0.000000000000000E+000)
 (0.000000000000000E+000,0.000000000000000E+000)
  -2.09439510239320       -1.20919957615614     
 (0.657617664674082,-2.097087935403073E-016)
 (-0.290016235781130,-0.165385468995142)
 (-0.290016235781129,0.165385468995142)
 (0.664161676746040,-4.440892098500626E-016)
  -2.09439510239320        1.20919957615614     
 (0.660193546598490,-4.317533984653386E-016)
 (-0.285173256017566,0.166963458067140)
 (-0.285173256017566,-0.166963458067139)
 (0.661155909836144,-6.167905692361981E-016)
  0.000000000000000E+000  -2.41839915231229     
 (0.660433912237697,-5.304398895431303E-016)
 (1.872527653680764E-003,-0.333071437757386)
 (1.872527653681486E-003,0.333071437757386)
 (0.661250177882983,-5.181040781584064E-016)
  0.000000000000000E+000  0.000000000000000E+000
 (1.59583909335288,-1.605420129665747E-015)
 (-1.55254115802881,1.439415567632242E-015)
 (-1.55254115802881,1.439468202678147E-015)
 (1.59520635303785,-1.202298581817638E-015)
  0.000000000000000E+000   2.41839915231229     
 (0.660433912237697,-7.278128716987137E-016)
 (1.872527653681517E-003,0.333071437757386)
 (1.872527653680721E-003,-0.333071437757386)
 (0.661250177882983,-6.908054375445419E-016)
   2.09439510239320       -1.20919957615614     
 (0.660193546598490,-3.083952846180990E-016)
 (-0.285173256017566,-0.166963458067139)
 (-0.285173256017566,0.166963458067140)
 (0.661155909836144,-5.427757009278544E-016)
   2.09439510239320        1.20919957615614     
 (0.657617664674082,-3.577385301569949E-016)
 (-0.290016235781129,0.165385468995142)
 (-0.290016235781130,-0.165385468995142)
 (0.664161676746040,-5.921189464667501E-016)
   2.09439510239320        3.62759872846843     
 (0.626511950699147,-3.947080689617418E-016)
 (1.098131884183864E-003,1.817560120609340E-003)
 (1.098131884183913E-003,-1.817560120610376E-003)
 (0.623910856830939,-4.211998290120320E-016)
   4.18879020478639       0.000000000000000E+000
 (0.626511950699147,-6.286560283608107E-016)
 (1.098131884183642E-003,-1.817560120609859E-003)
 (1.098131884183543E-003,1.817560120609460E-003)
 (0.623910856830940,-6.537506276036731E-016)
   1.00000000000000                2           9
 (0.000000000000000E+000,0.000000000000000E+000)
 (0.000000000000000E+000,0.000000000000000E+000)
  -2.09439510239320       -1.20919957615614     
 (0.661278400692772,1.258252761241844E-015)
 (-0.288316259957445,-0.167802562345461)
 (-0.288316259957445,0.167802562345458)
 (0.664007511016182,1.603655480014115E-015)
  -2.09439510239320        1.20919957615614     
 (0.662942900168913,1.097887213240433E-015)
 (-0.290925101337346,0.165523161539637)
 (-0.290925101337346,-0.165523161539638)
 (0.660913788142067,7.278128716987137E-016)
  0.000000000000000E+000  -2.41839915231229     
 (0.660915603522844,5.674473236973022E-016)
 (-5.235320990061915E-004,-0.334107458057157)
 (-5.235320990063766E-004,0.334107458057156)
 (0.661990770475875,5.797831350820262E-016)
  0.000000000000000E+000  0.000000000000000E+000
 (1.62262359955653,3.441993313653481E-015)
 (-1.58171743178005,-3.272910125857635E-015)
 (-1.58171743178005,-3.272674828240967E-015)
 (1.62449967879203,3.220434102020561E-015)
  0.000000000000000E+000   2.41839915231229     
 (0.660915603522844,3.700743415417189E-016)
 (-5.235320990064136E-004,0.334107458057156)
 (-5.235320990061546E-004,-0.334107458057157)
 (0.661990770475875,3.330669073875470E-016)
   2.09439510239320       -1.20919957615614     
 (0.662942900168913,1.147230458779328E-015)
 (-0.290925101337346,-0.165523161539638)
 (-0.290925101337346,0.165523161539637)
 (0.660913788142067,8.758426083154013E-016)
   2.09439510239320        1.20919957615614     
 (0.661278400692772,1.159566270164052E-015)
 (-0.288316259957445,0.167802562345458)
 (-0.288316259957445,-0.167802562345461)
 (0.664007511016182,1.554312234475219E-015)
   2.09439510239320        3.62759872846843     
 (0.624188822818624,9.926087809317700E-016)
 (-8.068648360049440E-004,-2.945285691282608E-003)
 (-8.068648360047836E-004,2.945285691280939E-003)
 (0.623433157825248,6.877043421086236E-016)
   4.18879020478639       0.000000000000000E+000
 (0.624188822818624,6.954771440260567E-016)
 (-8.068648360050674E-004,2.945285691281655E-003)
 (-8.068648360052525E-004,-2.945285691282411E-003)
 (0.623433157825248,3.290328372853745E-016)
   1.00000000000000                2           9
 (0.000000000000000E+000,0.000000000000000E+000)
 (0.000000000000000E+000,0.000000000000000E+000)
  -2.09439510239320       -1.20919957615614     
 (0.658955071511918,3.330669073875470E-016)
 (-0.285333422768226,-0.166659892983703)
 (-0.285333422768227,0.166659892983702)
 (0.660682671865881,2.960594732333751E-016)
  -2.09439510239320        1.20919957615614     
 (0.659694743936673,1.233581138472396E-016)
 (-0.287759689727115,0.165503510361455)
 (-0.287759689727116,-0.165503510361455)
 (0.660203490717999,-2.467162276944792E-017)
  0.000000000000000E+000  -2.41839915231229     
 (0.660135218550223,3.700743415417189E-016)
 (1.571444085355503E-003,-0.332504648034717)
 (1.571444085355367E-003,0.332504648034717)
 (0.659751275849653,3.083952846180990E-016)
  0.000000000000000E+000  0.000000000000000E+000
 (1.60225109972772,-4.664467004855171E-016)
 (-1.55688335276741,5.588401406005559E-016)
 (-1.55688335276741,5.588133420060825E-016)
 (1.60019011574472,-6.048843756354757E-016)
  0.000000000000000E+000   2.41839915231229     
 (0.660135218550223,1.973729821555834E-016)
 (1.571444085355428E-003,0.332504648034717)
 (1.571444085355453E-003,-0.332504648034717)
 (0.659751275849653,1.356939252319636E-016)
   2.09439510239320       -1.20919957615614     
 (0.659694743936673,1.727013593861355E-016)
 (-0.287759689727116,-0.165503510361455)
 (-0.287759689727115,0.165503510361454)
 (0.660203490717999,4.934324553889584E-017)
   2.09439510239320        1.20919957615614     
 (0.658955071511918,2.343804163097553E-016)
 (-0.285333422768226,0.166659892983703)
 (-0.285333422768226,-0.166659892983702)
 (0.660682671865881,1.973729821555834E-016)
   2.09439510239320        3.62759872846843     
 (0.623753490977549,4.523186683568560E-016)
 (5.986052692672864E-004,1.216727877787402E-003)
 (5.986052692670521E-004,-1.216727877788504E-003)
 (0.623717645393424,4.643322628919903E-016)
   4.18879020478639       0.000000000000000E+000
 (0.623753490977549,1.443207895325598E-016)
 (5.986052692667313E-004,-1.216727877787873E-003)
 (5.986052692669781E-004,1.216727877787656E-003)
 (0.623717645393424,1.567276575886995E-016)
   1.00000000000000                2           9
 (0.000000000000000E+000,0.000000000000000E+000)
 (0.000000000000000E+000,0.000000000000000E+000)
  -2.09439510239320       -1.20919957615614     
 (0.662849492716625,4.317533984653386E-016)
 (-0.286246887185887,-0.167294580581454)
 (-0.286246887185887,0.167294580581452)
 (0.658372965417733,4.810966440042345E-016)
  -2.09439510239320        1.20919957615614     
 (0.664424288041329,3.577385301569949E-016)
 (-0.292760783817215,0.167791912093235)
 (-0.292760783817214,-0.167791912093235)
 (0.665644214398523,6.661338147750939E-016)
  0.000000000000000E+000  -2.41839915231229     
 (0.668757521407063,6.291263806209221E-016)
 (6.564929469108114E-005,-0.336693517263825)
 (6.564929469015595E-005,0.336693517263825)
 (0.663069203158922,4.687608326195106E-016)
  0.000000000000000E+000  0.000000000000000E+000
 (1.62444911993879,1.550505605919632E-015)
 (-1.58327777361194,-1.583555448023018E-015)
 (-1.58327777361194,-1.583770649748269E-015)
 (1.62823969497640,1.750649583192602E-015)
  0.000000000000000E+000   2.41839915231229     
 (0.668757521407063,4.317533984653386E-016)
 (6.564929469020530E-005,0.336693517263825)
 (6.564929469103180E-005,-0.336693517263825)
 (0.663069203158922,3.207310960028230E-016)
   2.09439510239320       -1.20919957615614     
 (0.664424288041329,4.317533984653386E-016)
 (-0.292760783817215,-0.167791912093235)
 (-0.292760783817215,0.167791912093235)
 (0.665644214398523,7.401486830834377E-016)
   2.09439510239320        1.20919957615614     
 (0.662849492716625,3.330669073875470E-016)
 (-0.286246887185887,0.167294580581453)
 (-0.286246887185887,-0.167294580581454)
 (0.658372965417733,4.070817756958907E-016)
   2.09439510239320        3.62759872846843     
 (0.632269831182445,1.062088909785888E-015)
 (1.291874032272982E-003,-2.678009822939465E-003)
 (1.291874032273229E-003,2.678009822938906E-003)
 (0.623745067593031,7.922436923409527E-016)
   4.18879020478639       0.000000000000000E+000
 (0.632269831182445,7.765930872337526E-016)
 (1.291874032272933E-003,2.678009822939462E-003)
 (1.291874032272686E-003,-2.678009822939255E-003)
 (0.623745067593031,5.811884748715276E-016)
   1.00000000000000                2           9
 (0.000000000000000E+000,0.000000000000000E+000)
 (0.000000000000000E+000,0.000000000000000E+000)
  -2.09439510239320       -1.20919957615614     
 (0.657396745459839,-6.661338147750939E-016)
 (-0.284189135733414,-0.166031318653014)
 (-0.284189135733413,0.166031318653014)
 (0.656822898337961,-7.031412489292658E-016)
  -2.09439510239320        1.20919957615614     
 (0.659104995499096,-8.388351741612294E-016)
 (-0.288785098421238,0.163165739514059)
 (-0.288785098421238,-0.163165739514058)
 (0.659117075639881,-8.635067969306773E-016)
  0.000000000000000E+000  -2.41839915231229     
 (0.659162840663482,-5.181040781584064E-016)
 (1.102944091822106E-003,-0.333102612815946)
 (1.102944091822871E-003,0.333102612815946)
 (0.662245492590611,-7.648203058528857E-016)
  0.000000000000000E+000  0.000000000000000E+000
 (1.58955844213419,-2.474825051954179E-015)
 (-1.54719059426621,2.639883249186630E-015)
 (-1.54719059426621,2.639914870943687E-015)
 (1.59116232818280,-2.948667037154900E-015)
  0.000000000000000E+000   2.41839915231229     
 (0.659162840663482,-7.648203058528857E-016)
 (1.102944091822809E-003,0.333102612815946)
 (1.102944091822168E-003,-0.333102612815946)
 (0.662245492590610,-9.621932880084689E-016)
   2.09439510239320       -1.20919957615614     
 (0.659104995499096,-7.154770603139898E-016)
 (-0.288785098421238,-0.163165739514058)
 (-0.288785098421238,0.163165739514059)
 (0.659117075639881,-7.894919286223335E-016)
   2.09439510239320        1.20919957615614     
 (0.657396745459838,-8.018277400070575E-016)
 (-0.284189135733413,0.166031318653015)
 (-0.284189135733414,-0.166031318653014)
 (0.656822898337961,-8.018277400070575E-016)
   2.09439510239320        3.62759872846843     
 (0.622578582405573,-4.060307013716497E-016)
 (6.532411484102428E-004,-6.491667771398803E-004)
 (6.532411484105265E-004,6.491667771393729E-004)
 (0.620972378418784,-3.050666041708804E-016)
   4.18879020478639       0.000000000000000E+000
 (0.622578582405573,-6.881804148731317E-016)
 (6.532411484101441E-004,6.491667771399407E-004)
 (6.532411484100084E-004,-6.491667771397501E-004)
 (0.620972378418784,-5.744729896133062E-016)
   1.00000000000000                2           9
 (0.000000000000000E+000,0.000000000000000E+000)
 (0.000000000000000E+000,0.000000000000000E+000)
  -2.09439510239320       -1.20919957615614     
 (0.658916733352647,6.661338147750939E-016)
 (-0.286791390225275,-0.164811195194117)
 (-0.286791390225275,0.164811195194116)
 (0.658703827569021,5.797831350820262E-016)
  -2.09439510239320        1.20919957615614     
 (0.660526694691322,5.304398895431303E-016)
 (-0.283453035252967,0.168377624586197)
 (-0.283453035252966,-0.168377624586197)
 (0.659726895514790,4.194175870806147E-016)
  0.000000000000000E+000  -2.41839915231229     
 (0.659953575054319,4.687608326195106E-016)
 (3.181546714763666E-003,-0.332518946511808)
 (3.181546714763191E-003,0.332518946511808)
 (0.659153515924889,5.057682667736824E-016)
  0.000000000000000E+000  0.000000000000000E+000
 (1.59742394142040,1.458737440292671E-015)
 (-1.55508606645850,-1.363441355895209E-015)
 (-1.55508606645850,-1.363492680168507E-015)
 (1.59935880650295,1.433178598957995E-015)
  0.000000000000000E+000   2.41839915231229     
 (0.659953575054319,3.207310960028230E-016)
 (3.181546714763098E-003,0.332518946511808)
 (3.181546714763771E-003,-0.332518946511808)
 (0.659153515924889,3.083952846180990E-016)
   2.09439510239320       -1.20919957615614     
 (0.660526694691322,6.537980033903700E-016)
 (-0.283453035252967,-0.168377624586197)
 (-0.283453035252967,0.168377624586197)
 (0.659726895514790,4.934324553889585E-016)
   2.09439510239320        1.20919957615614     
 (0.658916733352647,5.181040781584064E-016)
 (-0.286791390225275,0.164811195194116)
 (-0.286791390225275,-0.164811195194117)
 (0.658703827569021,3.824101529264428E-016)
   2.09439510239320        3.62759872846843     
 (0.623571984968764,8.427481601683182E-016)
 (1.857932396406550E-003,1.474424533184713E-003)
 (1.857932396406673E-003,-1.474424533185323E-003)
 (0.622923298773210,7.526689905035757E-016)
   4.18879020478639       0.000000000000000E+000
 (0.623571984968764,4.859796285856613E-016)
 (1.857932396406279E-003,-1.474424533184712E-003)
 (1.857932396406303E-003,1.474424533184838E-003)
 (0.622923298773211,4.943451427547511E-016)
   1.00000000000000                2           9
 (0.000000000000000E+000,0.000000000000000E+000)
 (0.000000000000000E+000,0.000000000000000E+000)
  -2.09439510239320       -1.20919957615614     
 (0.656756742444224,1.603655480014115E-016)
 (-0.286131238324886,-0.166009824801994)
 (-0.286131238324886,0.166009824801993)
 (0.657299677330307,2.590520390792032E-016)
  -2.09439510239320        1.20919957615614     
 (0.657340595466559,2.590520390792032E-016)
 (-0.284897726162863,0.165863371974808)
 (-0.284897726162862,-0.165863371974809)
 (0.657856728818765,1.850371707708594E-016)
  0.000000000000000E+000  -2.41839915231229     
 (0.656271645937730,3.207310960028230E-016)
 (1.040953703483955E-003,-0.330498816536938)
 (1.040953703483832E-003,0.330498816536938)
 (0.656092438274489,3.207310960028230E-016)
  0.000000000000000E+000  0.000000000000000E+000
 (1.58503616001269,8.229114645970470E-016)
 (-1.54322873773583,-8.219869313481017E-016)
 (-1.54322873773583,-8.219890620738930E-016)
 (1.58552797674084,7.384238684990453E-016)
  0.000000000000000E+000   2.41839915231229     
 (0.656271645937730,1.233581138472396E-016)
 (1.040953703483770E-003,0.330498816536938)
 (1.040953703484017E-003,-0.330498816536938)
 (0.656092438274489,1.233581138472396E-016)
   2.09439510239320       -1.20919957615614     
 (0.657340595466559,4.317533984653386E-016)
 (-0.284897726162862,-0.165863371974809)
 (-0.284897726162863,0.165863371974808)
 (0.657856728818765,4.070817756958907E-016)
   2.09439510239320        1.20919957615614     
 (0.656756742444224,8.635067969306773E-017)
 (-0.286131238324886,0.166009824801993)
 (-0.286131238324886,-0.166009824801994)
 (0.657299677330307,2.097087935403073E-016)
   2.09439510239320        3.62759872846843     
 (0.620277964133472,3.400377909447223E-016)
 (2.585874766014721E-003,4.353509404911505E-004)
 (2.585874766014894E-003,-4.353509404915769E-004)
 (0.620773055033121,5.008400552990501E-016)
   4.18879020478639       0.000000000000000E+000
 (0.620277964133472,7.060165290889974E-017)
 (2.585874766014573E-003,-4.353509404911137E-004)
 (2.585874766014401E-003,4.353509404913596E-004)
 (0.620773055033121,2.436803057662847E-016)
   1.00000000000000                2           9
 (0.000000000000000E+000,0.000000000000000E+000)
 (0.000000000000000E+000,0.000000000000000E+000)
  -2.09439510239320       -1.20919957615614     
 (0.659564278969233,2.467162276944792E-017)
 (-0.289898446383178,-0.164795617775644)
 (-0.289898446383177,0.164795617775644)
 (0.663228731073028,2.220446049250313E-016)
  -2.09439510239320        1.20919957615614     
 (0.659258375344059,-1.110223024625157E-016)
 (-0.285953969387994,0.168035663178313)
 (-0.285953969387994,-0.168035663178313)
 (0.661054872669141,7.401486830834377E-017)
  0.000000000000000E+000  -2.41839915231229     
 (0.660670819257404,9.868649107779169E-017)
 (-8.938977672003049E-004,-0.332799019601540)
 (-8.938977672001999E-004,0.332799019601540)
 (0.662848256753871,2.097087935403073E-016)
  0.000000000000000E+000  0.000000000000000E+000
 (1.59825765903563,7.986214830107618E-016)
 (-1.55466763857340,-7.213366638111767E-016)
 (-1.55466763857340,-7.213157915915719E-016)
 (1.59757168469545,6.913252408738204E-016)
  0.000000000000000E+000   2.41839915231229     
 (0.660670819257405,-4.934324553889584E-017)
 (-8.938977672002061E-004,0.332799019601540)
 (-8.938977672002987E-004,-0.332799019601540)
 (0.662848256753871,1.233581138472396E-017)
   2.09439510239320       -1.20919957615614     
 (0.659258375344059,1.233581138472396E-017)
 (-0.285953969387994,-0.168035663178313)
 (-0.285953969387994,0.168035663178313)
 (0.661054872669141,9.868649107779169E-017)
   2.09439510239320        1.20919957615614     
 (0.659564278969233,-1.233581138472396E-017)
 (-0.289898446383177,0.164795617775644)
 (-0.289898446383178,-0.164795617775644)
 (0.663228731073028,9.868649107779169E-017)
   2.09439510239320        3.62759872846843     
 (0.622268801103260,3.419737557575168E-016)
 (-6.009153374746390E-004,1.607175580439127E-003)
 (-6.009153374746266E-004,-1.607175580440145E-003)
 (0.625841898610799,3.114486324185592E-016)
   4.18879020478639       0.000000000000000E+000
 (0.622268801103261,3.473292666600436E-017)
 (-6.009153374748610E-004,-1.607175580439610E-003)
 (-6.009153374750090E-004,1.607175580439352E-003)
 (0.625841898610799,6.600312934382961E-017)
   1.00000000000000                2           9
 (0.000000000000000E+000,0.000000000000000E+000)
 (0.000000000000000E+000,0.000000000000000E+000)
  -2.09439510239320       -1.20919957615614     
 (0.659297664669379,1.233581138472396E-016)
 (-0.288680574520088,-0.164179544344793)
 (-0.288680574520088,0.164179544344793)
 (0.659378755977581,1.603655480014115E-016)
  -2.09439510239320        1.20919957615614     
 (0.659276081063538,9.868649107779169E-017)
 (-0.282659567276699,0.168302414449742)
 (-0.282659567276699,-0.168302414449743)
 (0.659624408659887,8.635067969306773E-017)
  0.000000000000000E+000  -2.41839915231229     
 (0.659122525230443,9.868649107779169E-017)
 (3.281948685729754E-003,-0.333654872274789)
 (3.281948685729933E-003,0.333654872274789)
 (0.659813688875313,1.233581138472396E-016)
  0.000000000000000E+000  0.000000000000000E+000
 (1.59284919739425,-1.270032728740737E-016)
 (-1.54987581020936,1.292839644117127E-016)
 (-1.54987581020936,1.292704025305361E-016)
 (1.59282222884170,-2.173990886753725E-016)
  0.000000000000000E+000   2.41839915231229     
 (0.659122525230443,-1.233581138472396E-016)
 (3.281948685729902E-003,0.333654872274789)
 (3.281948685729761E-003,-0.333654872274789)
 (0.659813688875313,-9.868649107779169E-017)
   2.09439510239320       -1.20919957615614     
 (0.659276081063538,1.727013593861355E-016)
 (-0.282659567276699,-0.168302414449743)
 (-0.282659567276699,0.168302414449742)
 (0.659624408659887,1.603655480014115E-016)
   2.09439510239320        1.20919957615614     
 (0.659297664669379,0.000000000000000E+000)
 (-0.288680574520089,0.164179544344793)
 (-0.288680574520088,-0.164179544344793)
 (0.659378755977581,3.700743415417188E-017)
   2.09439510239320        3.62759872846843     
 (0.622433344104495,3.703229270992338E-016)
 (1.166783081646490E-003,1.631861005638876E-003)
 (1.166783081646540E-003,-1.631861005639836E-003)
 (0.622379426471584,2.731266348097979E-016)
   4.18879020478639       0.000000000000000E+000
 (0.622433344104495,5.107019276259445E-017)
 (1.166783081646244E-003,-1.631861005639351E-003)
 (1.166783081646157E-003,1.631861005639004E-003)
 (0.622379426471584,4.034846984181067E-017)
   1.00000000000000                2           9
 (0.000000000000000E+000,0.000000000000000E+000)
 (0.000000000000000E+000,0.000000000000000E+000)
  -2.09439510239320       -1.20919957615614     
 (0.654417915687707,1.110223024625157E-016)
 (-0.281931555420988,-0.167149517223642)
 (-0.281931555420988,0.167149517223641)
 (0.655466732700190,1.233581138472396E-016)
  -2.09439510239320        1.20919957615614     
 (0.655368752428778,6.167905692361981E-017)
 (-0.288620508888572,0.163902182965876)
 (-0.288620508888572,-0.163902182965876)
 (0.656147359218583,-4.934324553889584E-017)
  0.000000000000000E+000  -2.41839915231229     
 (0.655407091850756,2.467162276944792E-016)
 (5.968942944812009E-004,-0.330138474895951)
 (5.968942944812686E-004,0.330138474895951)
 (0.655347273602429,7.401486830834377E-017)
  0.000000000000000E+000  0.000000000000000E+000
 (1.56374178078720,-7.432582024541725E-016)
 (-1.52055634772271,7.103815442830033E-016)
 (-1.52055634772271,7.103963787391487E-016)
 (1.56639793074982,-6.055366724266266E-016)
  0.000000000000000E+000   2.41839915231229     
 (0.655407091850756,2.467162276944792E-017)
 (5.968942944812502E-004,0.330138474895951)
 (5.968942944812193E-004,-0.330138474895951)
 (0.655347273602429,-1.233581138472396E-016)
   2.09439510239320       -1.20919957615614     
 (0.655368752428778,1.603655480014115E-016)
 (-0.288620508888572,-0.163902182965876)
 (-0.288620508888572,0.163902182965876)
 (0.656147359218582,4.934324553889584E-017)
   2.09439510239320        1.20919957615614     
 (0.654417915687707,4.934324553889584E-017)
 (-0.281931555420988,0.167149517223642)
 (-0.281931555420988,-0.167149517223642)
 (0.655466732700190,-2.467162276944792E-017)
   2.09439510239320        3.62759872846843     
 (0.619800408309352,3.557753515084895E-016)
 (1.197198648220038E-003,-2.774519960273254E-003)
 (1.197198648220358E-003,2.774519960272663E-003)
 (0.618981826856872,2.675388192397869E-016)
   4.18879020478639       0.000000000000000E+000
 (0.619800408309352,5.101677881570590E-017)
 (1.197198648220038E-003,2.774519960273253E-003)
 (1.197198648219741E-003,-2.774519960273064E-003)
 (0.618981826856873,-1.384407662689487E-019)
   1.00000000000000                2           9
 (0.000000000000000E+000,0.000000000000000E+000)
 (0.000000000000000E+000,0.000000000000000E+000)
  -2.09439510239320       -1.20919957615614     
 (0.659136112660116,-1.480297366166875E-016)
 (-0.280973837836857,-0.168014252752621)
 (-0.280973837836857,0.168014252752621)
 (0.657931808818719,1.233581138472396E-016)
  -2.09439510239320        1.20919957615614     
 (0.661674590822672,-1.110223024625157E-016)
 (-0.291100361189173,0.164120932694632)
 (-0.291100361189173,-0.164120932694632)
 (0.659549575336356,-1.603655480014115E-016)
  0.000000000000000E+000  -2.41839915231229     
 (0.660570680532162,-1.233581138472396E-017)
 (2.982862774627769E-003,-0.333363922692765)
 (2.982862774627745E-003,0.333363922692765)
 (0.660259655610038,7.401486830834377E-017)
  0.000000000000000E+000  0.000000000000000E+000
 (1.59616830347878,-2.293034890462013E-016)
 (-1.54970763281608,1.280261361785512E-016)
 (-1.54970763281608,1.280769377694990E-016)
 (1.59094349729979,-4.557454509341970E-017)
  0.000000000000000E+000   2.41839915231229     
 (0.660570680532162,-2.343804163097553E-016)
 (2.982862774627682E-003,0.333363922692765)
 (2.982862774627818E-003,-0.333363922692765)
 (0.660259655610038,-1.233581138472396E-016)
   2.09439510239320       -1.20919957615614     
 (0.661674590822672,-1.110223024625157E-016)
 (-0.291100361189173,-0.164120932694632)
 (-0.291100361189173,0.164120932694632)
 (0.659549575336356,-1.233581138472396E-017)
   2.09439510239320        1.20919957615614     
 (0.659136112660116,-3.824101529264428E-016)
 (-0.280973837836857,0.168014252752621)
 (-0.280973837836857,-0.168014252752621)
 (0.657931808818719,8.635067969306773E-017)
   2.09439510239320        3.62759872846843     
 (0.623586619295989,-1.891670472272112E-017)
 (2.365141570678057E-003,-2.540588344530304E-003)
 (2.365141570678217E-003,2.540588344529840E-003)
 (0.623008273151445,2.001482531175293E-016)
   4.18879020478639       0.000000000000000E+000
 (0.623586619295989,-2.273386420173469E-016)
 (2.365141570677884E-003,2.540588344530313E-003)
 (2.365141570677773E-003,-2.540588344530189E-003)
 (0.623008273151445,-5.734641482469158E-017)
   1.00000000000000                2           9
 (0.000000000000000E+000,0.000000000000000E+000)
 (0.000000000000000E+000,0.000000000000000E+000)
  -2.09439510239320       -1.20919957615614     
 (0.660405497823517,-6.908054375445419E-016)
 (-0.287555810731831,-0.164971774327727)
 (-0.287555810731830,0.164971774327728)
 (0.659833006959171,-5.674473236973022E-016)
  -2.09439510239320        1.20919957615614     
 (0.660768482155545,-6.291263806209221E-016)
 (-0.288190327748075,0.166520849656947)
 (-0.288190327748076,-0.166520849656946)
 (0.664130402249381,-3.454027187722709E-016)
  0.000000000000000E+000  -2.41839915231229     
 (0.662026464897722,-2.467162276944792E-016)
 (2.495406149917994E-003,-0.333702977364614)
 (2.495406149918475E-003,0.333702977364614)
 (0.663197850500513,-4.687608326195106E-016)
  0.000000000000000E+000  0.000000000000000E+000
 (1.61325570445275,-1.308763886682127E-015)
 (-1.57254988698582,1.067451508105917E-015)
 (-1.57254988698582,1.067544549157282E-015)
 (1.61978603325429,-9.038803285948959E-016)
  0.000000000000000E+000   2.41839915231229     
 (0.662026464897722,-4.440892098500626E-016)
 (2.495406149918414E-003,0.333702977364615)
 (2.495406149918068E-003,-0.333702977364613)
 (0.663197850500513,-6.414621920056460E-016)
   2.09439510239320       -1.20919957615614     
 (0.660768482155545,-6.044547578514741E-016)
 (-0.288190327748075,-0.166520849656946)
 (-0.288190327748075,0.166520849656947)
 (0.664130402249381,-2.467162276944792E-016)
   2.09439510239320        1.20919957615614     
 (0.660405497823517,-7.401486830834377E-016)
 (-0.287555810731830,0.164971774327728)
 (-0.287555810731831,-0.164971774327727)
 (0.659833006959171,-7.401486830834377E-016)
   2.09439510239320        3.62759872846843     
 (0.622541913833071,-3.494768269528211E-016)
 (5.167797618135980E-004,-2.921516900570469E-004)
 (5.167797618138077E-004,2.921516900569508E-004)
 (0.625688212587216,-2.931888466791652E-016)
   4.18879020478639       0.000000000000000E+000
 (0.622541913833071,-6.085425920639017E-016)
 (5.167797618135239E-004,2.921516900573459E-004)
 (5.167797618133266E-004,-2.921516900569983E-004)
 (0.625688212587216,-5.284575597060578E-016)
   1.00000000000000                2           9
 (0.000000000000000E+000,0.000000000000000E+000)
 (0.000000000000000E+000,0.000000000000000E+000)
  -2.09439510239320       -1.20919957615614     
 (0.659285881418265,4.317533984653386E-016)
 (-0.284299042859639,-0.166380332715495)
 (-0.284299042859640,0.166380332715495)
 (0.657859689053954,2.220446049250313E-016)
  -2.09439510239320        1.20919957615614     
 (0.660138703720609,2.467162276944792E-017)
 (-0.289221705382271,0.164758922429623)
 (-0.289221705382270,-0.164758922429623)
 (0.658882007929466,2.467162276944792E-017)
  0.000000000000000E+000  -2.41839915231229     
 (0.659653086217843,2.097087935403073E-016)
 (-6.188306876095703E-004,-0.331200146765456)
 (-6.188306876097492E-004,0.331200146765456)
 (0.659602331758756,4.070817756958907E-016)
  0.000000000000000E+000  0.000000000000000E+000
 (1.59204509412878,4.116219457490330E-016)
 (-1.54652399613681,-2.994775881917524E-016)
 (-1.54652399613681,-2.995699914443840E-016)
 (1.58926697292659,3.260518262444640E-016)
  0.000000000000000E+000   2.41839915231229     
 (0.659653086217843,-1.233581138472396E-017)
 (-6.188306876097924E-004,0.331200146765456)
 (-6.188306876095272E-004,-0.331200146765456)
 (0.659602331758756,1.356939252319636E-016)
   2.09439510239320       -1.20919957615614     
 (0.660138703720609,1.480297366166875E-016)
 (-0.289221705382270,-0.164758922429623)
 (-0.289221705382271,0.164758922429623)
 (0.658882007929466,7.401486830834377E-017)
   2.09439510239320        1.20919957615614     
 (0.659285881418265,3.083952846180990E-016)
 (-0.284299042859640,0.166380332715495)
 (-0.284299042859639,-0.166380332715495)
 (0.657859689053954,1.727013593861355E-016)
   2.09439510239320        3.62759872846843     
 (0.624144583540337,5.849749425215650E-016)
 (7.305543587829731E-005,-1.838062820521582E-003)
 (7.305543587827263E-005,1.838062820520821E-003)
 (0.622503450401493,4.812617626732790E-016)
   4.18879020478639       0.000000000000000E+000
 (0.624144583540337,3.642866265194095E-016)
 (7.305543587791490E-005,1.838062820521417E-003)
 (7.305543587802592E-005,-1.838062820521481E-003)
 (0.622503450401493,1.992226945249750E-016)
   1.00000000000000                2           9
 (0.000000000000000E+000,0.000000000000000E+000)
 (0.000000000000000E+000,0.000000000000000E+000)
  -2.09439510239320       -1.20919957615614     
 (0.657978315323700,7.401486830834377E-017)
 (-0.283226188570721,-0.166584299177735)
 (-0.283226188570722,0.166584299177735)
 (0.658841405441601,1.233581138472396E-017)
  -2.09439510239320        1.20919957615614     
 (0.663549984160630,3.083952846180990E-016)
 (-0.292527690846725,0.164016435241482)
 (-0.292527690846725,-0.164016435241482)
 (0.662713042604182,-1.233581138472396E-017)
  0.000000000000000E+000  -2.41839915231229     
 (0.658512044417421,1.727013593861355E-016)
 (-1.045862780961687E-003,-0.330396765688821)
 (-1.045862780962531E-003,0.330396765688822)
 (0.664892472733852,-9.868649107779169E-017)
  0.000000000000000E+000  0.000000000000000E+000
 (1.60986678474395,5.142981189509152E-016)
 (-1.56460758357632,-5.375762685536798E-016)
 (-1.56460758357632,-5.375294105287911E-016)
 (1.60632567191029,6.777503911116303E-016)
  0.000000000000000E+000   2.41839915231229     
 (0.658512044417421,-2.467162276944792E-017)
 (-1.045862780962476E-003,0.330396765688822)
 (-1.045862780961730E-003,-0.330396765688821)
 (0.664892472733852,-3.207310960028230E-016)
   2.09439510239320       -1.20919957615614     
 (0.663549984160630,3.083952846180990E-016)
 (-0.292527690846725,-0.164016435241482)
 (-0.292527690846725,0.164016435241482)
 (0.662713042604182,3.700743415417188E-017)
   2.09439510239320        1.20919957615614     
 (0.657978315323700,-7.401486830834377E-017)
 (-0.283226188570722,0.166584299177735)
 (-0.283226188570722,-0.166584299177735)
 (0.658841405441601,-8.635067969306773E-017)
   2.09439510239320        3.62759872846843     
 (0.623365655130952,4.340795430007456E-016)
 (-3.256246394562876E-003,-2.909152924052088E-003)
 (-3.256246394562913E-003,2.909152924052093E-003)
 (0.622846518909323,1.948497316243528E-016)
   4.18879020478639       0.000000000000000E+000
 (0.623365655130952,1.502021521616581E-016)
 (-3.256246394563209E-003,2.909152924052645E-003)
 (-3.256246394563234E-003,-2.909152924051974E-003)
 (0.622846518909323,-1.249509273127356E-016)
   1.00000000000000                2           9
 (0.000000000000000E+000,0.000000000000000E+000)
 (0.000000000000000E+000,0.000000000000000E+000)
  -2.09439510239320       -1.20919957615614     
 (0.668638665211202,2.245117672019761E-015)
 (-0.287736728207625,-0.172473577275607)
 (-0.287736728207628,0.172473577275607)
 (0.664226343065470,2.861908241255959E-015)
  -2.09439510239320        1.20919957615614     
 (0.665002651551793,2.269789294789209E-015)
 (-0.288957299076720,0.167660514168844)
 (-0.288957299076718,-0.167660514168847)
 (0.660689523774827,1.727013593861355E-015)
  0.000000000000000E+000  -2.41839915231229     
 (0.666337427686354,2.997602166487923E-015)
 (2.604785259954408E-003,-0.336434510717686)
 (2.604785259951769E-003,0.336434510717687)
 (0.662173855392062,1.739349405246079E-015)
  0.000000000000000E+000  0.000000000000000E+000
 (1.60930170440106,7.413240194259371E-015)
 (-1.56836027341020,-7.552864251548866E-015)
 (-1.56836027341020,-7.552693588684176E-015)
 (1.61223119848580,7.343346803261479E-015)
  0.000000000000000E+000   2.41839915231229     
 (0.666337427686354,2.849572429871235E-015)
 (2.604785259951670E-003,0.336434510717687)
 (2.604785259954532E-003,-0.336434510717686)
 (0.662173855392062,1.566648045859943E-015)
   2.09439510239320       -1.20919957615614     
 (0.665002651551793,2.467162276944792E-015)
 (-0.288957299076719,-0.167660514168847)
 (-0.288957299076719,0.167660514168843)
 (0.660689523774827,1.801028462169698E-015)
   2.09439510239320        1.20919957615614     
 (0.668638665211202,2.121759558172521E-015)
 (-0.287736728207628,0.172473577275607)
 (-0.287736728207625,-0.172473577275607)
 (0.664226343065470,2.837236618486511E-015)
   2.09439510239320        3.62759872846843     
 (0.628543991147353,3.030090099070205E-015)
 (2.712489815150623E-003,-2.045276413399895E-003)
 (2.712489815149315E-003,2.045276413399881E-003)
 (0.623650743609663,1.906434322710553E-015)
   4.18879020478639       0.000000000000000E+000
 (0.628543991147353,2.710206627038748E-015)
 (2.712489815148945E-003,2.045276413400381E-003)
 (2.712489815150401E-003,-2.045276413399656E-003)
 (0.623650743609663,1.573619760285436E-015)
   1.00000000000000                2           9
 (0.000000000000000E+000,0.000000000000000E+000)
 (0.000000000000000E+000,0.000000000000000E+000)
  -2.09439510239320       -1.20919957615614     
 (0.658467449737292,1.369275063704360E-015)
 (-0.284323149479324,-0.166776369368503)
 (-0.284323149479324,0.166776369368502)
 (0.658654374780493,1.307596006780740E-015)
  -2.09439510239320        1.20919957615614     
 (0.658419374233476,1.221245327087672E-015)
 (-0.285411821267217,0.165800887576128)
 (-0.285411821267217,-0.165800887576129)
 (0.658425120997153,1.406282497858532E-015)
  0.000000000000000E+000  -2.41839915231229     
 (0.658602403067795,1.430954120627980E-015)
 (4.112273615481227E-003,-0.334080472718344)
 (4.112273615479728E-003,0.334080472718344)
 (0.660678930186566,1.504968988936323E-015)
  0.000000000000000E+000  0.000000000000000E+000
 (1.58758114812044,2.427757386442653E-015)
 (-1.54718688644009,-2.559006182874902E-015)
 (-1.54718688644009,-2.558922314037844E-015)
 (1.59229627868631,2.756826581991735E-015)
  0.000000000000000E+000   2.41839915231229     
 (0.658602403067795,1.258252761241844E-015)
 (4.112273615479685E-003,0.334080472718344)
 (4.112273615481258E-003,-0.334080472718344)
 (0.660678930186566,1.258252761241844E-015)
   2.09439510239320       -1.20919957615614     
 (0.658419374233476,1.319931818165464E-015)
 (-0.285411821267217,-0.165800887576129)
 (-0.285411821267217,0.165800887576128)
 (0.658425120997153,1.430954120627980E-015)
   2.09439510239320        1.20919957615614     
 (0.658467449737292,1.270588572626568E-015)
 (-0.284323149479324,0.166776369368502)
 (-0.284323149479323,-0.166776369368503)
 (0.658654374780493,1.258252761241844E-015)
   2.09439510239320        3.62759872846843     
 (0.622892422116654,1.408618118419934E-015)
 (3.557981753293064E-003,-5.990618852085890E-004)
 (3.557981753292842E-003,5.990618852078734E-004)
 (0.621742931033753,1.579348436068961E-015)
   4.18879020478639       0.000000000000000E+000
 (0.622892422116654,1.114248477133504E-015)
 (3.557981753292472E-003,5.990618852083196E-004)
 (3.557981753292817E-003,-5.990618852084358E-004)
 (0.621742931033753,1.321971727008707E-015)
   1.00000000000000                2           9
 (0.000000000000000E+000,0.000000000000000E+000)
 (0.000000000000000E+000,0.000000000000000E+000)
  -2.09439510239320       -1.20919957615614     
 (0.661485596571433,0.000000000000000E+000)
 (-0.287993972251803,-0.169114097929958)
 (-0.287993972251803,0.169114097929958)
 (0.666194137314691,3.083952846180990E-016)
  -2.09439510239320        1.20919957615614     
 (0.662948333264912,-4.317533984653386E-016)
 (-0.294912735864405,0.164215345437281)
 (-0.294912735864405,-0.164215345437281)
 (0.666347032484579,-3.577385301569949E-016)
  0.000000000000000E+000  -2.41839915231229     
 (0.661668264385326,-1.233581138472396E-016)
 (-3.279585833687062E-003,-0.331828718106226)
 (-3.279585833686748E-003,0.331828718106226)
 (0.664230643497546,-4.934324553889584E-017)
  0.000000000000000E+000  0.000000000000000E+000
 (1.59975181170900,2.014384835778076E-016)
 (-1.55397584800241,-3.826333317327670E-016)
 (-1.55397584800241,-3.827442267524609E-016)
 (1.59530638124544,7.906624304781941E-016)
  0.000000000000000E+000   2.41839915231229     
 (0.661668264385326,-2.713878504639272E-016)
 (-3.279585833686705E-003,0.331828718106226)
 (-3.279585833687118E-003,-0.331828718106226)
 (0.664230643497546,-3.207310960028230E-016)
   2.09439510239320       -1.20919957615614     
 (0.662948333264912,-3.824101529264428E-016)
 (-0.294912735864405,-0.164215345437281)
 (-0.294912735864405,0.164215345437281)
 (0.666347032484579,-2.097087935403073E-016)
   2.09439510239320        1.20919957615614     
 (0.661485596571433,-9.868649107779169E-017)
 (-0.287993972251803,0.169114097929958)
 (-0.287993972251803,-0.169114097929958)
 (0.666194137314691,1.233581138472396E-016)
   2.09439510239320        3.62759872846843     
 (0.623379752599838,2.279310422625918E-016)
 (-3.128883257323559E-003,-1.391998759926466E-003)
 (-3.128883257323214E-003,1.391998759925498E-003)
 (0.628146743683538,2.934559784348148E-016)
   4.18879020478639       0.000000000000000E+000
 (0.623379752599838,-6.668850848701680E-017)
 (-3.128883257323498E-003,1.391998759926021E-003)
 (-3.128883257323930E-003,-1.391998759926352E-003)
 (0.628146743683538,-6.127963594515385E-019)
   1.00000000000000                2           9
 (0.000000000000000E+000,0.000000000000000E+000)
 (0.000000000000000E+000,0.000000000000000E+000)
  -2.09439510239320       -1.20919957615614     
 (0.669351365120681,0.000000000000000E+000)
 (-0.288665329112227,-0.166949488607187)
 (-0.288665329112228,0.166949488607187)
 (0.662460847254834,6.167905692361981E-017)
  -2.09439510239320        1.20919957615614     
 (0.668882775914019,-2.343804163097553E-016)
 (-0.288554530493537,0.171892932497424)
 (-0.288554530493536,-0.171892932497424)
 (0.664656581280611,2.467162276944792E-016)
  0.000000000000000E+000  -2.41839915231229     
 (0.664908475239941,-8.635067969306773E-017)
 (3.974733247877393E-003,-0.330574042878685)
 (3.974733247877190E-003,0.330574042878685)
 (0.663468084193516,9.868649107779169E-017)
  0.000000000000000E+000  0.000000000000000E+000
 (1.60724411349357,2.944894769287876E-016)
 (-1.57207600637426,-1.150126830968365E-016)
 (-1.57207600637426,-1.151346573239913E-016)
 (1.62502463066031,-2.767948604952034E-016)
  0.000000000000000E+000   2.41839915231229     
 (0.664908475239941,-2.837236618486511E-016)
 (3.974733247877196E-003,0.330574042878685)
 (3.974733247877387E-003,-0.330574042878685)
 (0.663468084193516,-1.480297366166875E-016)
   2.09439510239320       -1.20919957615614     
 (0.668882775914019,-1.356939252319636E-016)
 (-0.288554530493536,-0.171892932497424)
 (-0.288554530493537,0.171892932497424)
 (0.664656581280611,2.467162276944792E-016)
   2.09439510239320        1.20919957615614     
 (0.669351365120681,-6.167905692361981E-017)
 (-0.288665329112228,0.166949488607187)
 (-0.288665329112227,-0.166949488607187)
 (0.662460847254834,-6.167905692361981E-017)
   2.09439510239320        3.62759872846843     
 (0.627596891486706,5.601656477839852E-016)
 (-4.948414995157980E-003,1.039030643094099E-003)
 (-4.948414995158535E-003,-1.039030643095020E-003)
 (0.627147278878295,-1.489727528254088E-016)
   4.18879020478639       0.000000000000000E+000
 (0.627596891486706,3.149992637806837E-016)
 (-4.948414995158807E-003,-1.039030643094507E-003)
 (-4.948414995158301E-003,1.039030643094204E-003)
 (0.627147278878295,-5.080666112456468E-016)
   1.00000000000000                2           9
 (0.000000000000000E+000,0.000000000000000E+000)
 (0.000000000000000E+000,0.000000000000000E+000)
  -2.09439510239320       -1.20919957615614     
 (0.659681951814555,5.551115123125783E-016)
 (-0.289805463234043,-0.163733357788916)
 (-0.289805463234043,0.163733357788916)
 (0.658445440679502,4.564250212347865E-016)
  -2.09439510239320        1.20919957615614     
 (0.657827085699882,2.467162276944792E-016)
 (-0.285083027671210,0.165761090740979)
 (-0.285083027671209,-0.165761090740979)
 (0.659763899768848,2.960594732333751E-016)
  0.000000000000000E+000  -2.41839915231229     
 (0.658173936759799,2.097087935403073E-016)
 (-1.603349611541645E-003,-0.329946492680484)
 (-1.603349611541701E-003,0.329946492680484)
 (0.659417184343748,4.317533984653386E-016)
  0.000000000000000E+000  0.000000000000000E+000
 (1.59211522598417,9.606486447897159E-016)
 (-1.54876177913650,-7.844040103080416E-016)
 (-1.54876177913650,-7.843798349095971E-016)
 (1.59258839539960,8.693192500881587E-016)
  0.000000000000000E+000   2.41839915231229     
 (0.658173936759799,3.700743415417188E-017)
 (-1.603349611541719E-003,0.329946492680484)
 (-1.603349611541602E-003,-0.329946492680484)
 (0.659417184343747,2.097087935403073E-016)
   2.09439510239320       -1.20919957615614     
 (0.657827085699882,3.207310960028230E-016)
 (-0.285083027671209,-0.165761090740980)
 (-0.285083027671209,0.165761090740979)
 (0.659763899768848,4.440892098500626E-016)
   2.09439510239320        1.20919957615614     
 (0.659681951814555,4.810966440042345E-016)
 (-0.289805463234043,0.163733357788916)
 (-0.289805463234043,-0.163733357788916)
 (0.658445440679502,3.330669073875470E-016)
   2.09439510239320        3.62759872846843     
 (0.621310080668134,5.143760909699295E-016)
 (-1.171115745826043E-003,2.611004675830080E-003)
 (-1.171115745826204E-003,-2.611004675830899E-003)
 (0.622806464769632,7.863628299976271E-016)
   4.18879020478639       0.000000000000000E+000
 (0.621310080668135,2.075546177494588E-016)
 (-1.171115745826586E-003,-2.611004675830354E-003)
 (-1.171115745826290E-003,2.611004675830246E-003)
 (0.622806464769632,5.287343632750351E-016)
   1.00000000000000                2           9
 (0.000000000000000E+000,0.000000000000000E+000)
 (0.000000000000000E+000,0.000000000000000E+000)
  -2.09439510239320       -1.20919957615614     
 (0.660864902815974,1.764021028015527E-015)
 (-0.286237222961127,-0.166826687196613)
 (-0.286237222961128,0.166826687196611)
 (0.660073688989783,1.850371707708594E-015)
  -2.09439510239320        1.20919957615614     
 (0.660202784356980,1.677670348322459E-015)
 (-0.290134272726700,0.165994907163401)
 (-0.290134272726699,-0.165994907163402)
 (0.662596128531968,1.529640611705771E-015)
  0.000000000000000E+000  -2.41839915231229     
 (0.660733265674722,1.764021028015527E-015)
 (-1.778896307188095E-004,-0.331583981554100)
 (-1.778896307204810E-004,0.331583981554099)
 (0.659432037239654,1.875043330478042E-015)
  0.000000000000000E+000  0.000000000000000E+000
 (1.61325090019055,3.699793653488884E-015)
 (-1.56787205709859,-3.648107548660801E-015)
 (-1.56787205709859,-3.648157125779338E-015)
 (1.60989262813887,3.894335148643675E-015)
  0.000000000000000E+000   2.41839915231229     
 (0.660733265674721,1.591319668629391E-015)
 (-1.778896307205242E-004,0.331583981554100)
 (-1.778896307187786E-004,-0.331583981554100)
 (0.659432037239654,1.628327102783563E-015)
   2.09439510239320       -1.20919957615614     
 (0.660202784356980,1.751685216630803E-015)
 (-0.290134272726699,-0.165994907163403)
 (-0.290134272726700,0.165994907163401)
 (0.662596128531969,1.652998725553011E-015)
   2.09439510239320        1.20919957615614     
 (0.660864902815974,1.591319668629391E-015)
 (-0.286237222961128,0.166826687196611)
 (-0.286237222961127,-0.166826687196613)
 (0.660073688989783,1.702341971091907E-015)
   2.09439510239320        3.62759872846843     
 (0.624536024096062,2.030784953828408E-015)
 (-3.134709788822971E-004,-1.047917923560482E-003)
 (-3.134709788822971E-004,1.047917923559415E-003)
 (0.623495414792114,1.902017792509614E-015)
   4.18879020478639       0.000000000000000E+000
 (0.624536024096062,1.697173100077765E-015)
 (-3.134709788826671E-004,1.047917923559844E-003)
 (-3.134709788825438E-004,-1.047917923560296E-003)
 (0.623495414792114,1.630651494883058E-015)
   1.00000000000000                2           9
 (0.000000000000000E+000,0.000000000000000E+000)
 (0.000000000000000E+000,0.000000000000000E+000)
  -2.09439510239320       -1.20919957615614     
 (0.661261546520552,1.381610875089084E-015)
 (-0.289475096234223,-0.166554326651237)
 (-0.289475096234224,0.166554326651235)
 (0.663428437179552,1.690006159707183E-015)
  -2.09439510239320        1.20919957615614     
 (0.660254956090241,1.060879779086261E-015)
 (-0.284638536821502,0.168734899311187)
 (-0.284638536821501,-0.168734899311188)
 (0.661830233051314,1.282924384011292E-015)
  0.000000000000000E+000  -2.41839915231229     
 (0.662787690262697,1.467961554782151E-015)
 (3.212234894089906E-003,-0.334399917743581)
 (3.212234894088450E-003,0.334399917743581)
 (0.663096001597744,1.480297366166875E-015)
  0.000000000000000E+000  0.000000000000000E+000
 (1.60733294376128,4.535360142768740E-015)
 (-1.56480186366801,-4.281604851973036E-015)
 (-1.56480186366801,-4.281685935847357E-015)
 (1.60908869933332,4.412174666956435E-015)
  0.000000000000000E+000   2.41839915231229     
 (0.662787690262697,1.270588572626568E-015)
 (3.212234894088512E-003,0.334399917743581)
 (3.212234894089869E-003,-0.334399917743581)
 (0.663096001597744,1.258252761241844E-015)
   2.09439510239320       -1.20919957615614     
 (0.660254956090241,1.134894647394604E-015)
 (-0.284638536821501,-0.168734899311188)
 (-0.284638536821502,0.168734899311187)
 (0.661830233051314,1.356939252319636E-015)
   2.09439510239320        1.20919957615614     
 (0.661261546520552,1.208909515702948E-015)
 (-0.289475096234224,0.166554326651236)
 (-0.289475096234223,-0.166554326651237)
 (0.663428437179552,1.541976423090495E-015)
   2.09439510239320        3.62759872846843     
 (0.622987823785369,1.470143047602689E-015)
 (7.010802195447487E-004,2.764810975733054E-003)
 (7.010802195448597E-004,-2.764810975733794E-003)
 (0.626311300925543,1.537228347237182E-015)
   4.18879020478639       0.000000000000000E+000
 (0.622987823785369,1.162339447862619E-015)
 (7.010802195446500E-004,-2.764810975733331E-003)
 (7.010802195443909E-004,2.764810975733133E-003)
 (0.626311300925543,1.278338486640395E-015)
   1.00000000000000                2           9
 (0.000000000000000E+000,0.000000000000000E+000)
 (0.000000000000000E+000,0.000000000000000E+000)
  -2.09439510239320       -1.20919957615614     
 (0.656605433603265,-8.511709855459534E-016)
 (-0.284603271678570,-0.165086394360221)
 (-0.284603271678570,0.165086394360221)
 (0.657558557494055,-7.524844944681616E-016)
  -2.09439510239320        1.20919957615614     
 (0.660620732298421,-7.401486830834377E-016)
 (-0.288677965744702,0.163044215324011)
 (-0.288677965744702,-0.163044215324010)
 (0.660634026065196,-1.011536533547365E-015)
  0.000000000000000E+000  -2.41839915231229     
 (0.656796404066804,-1.023872344932089E-015)
 (-1.752074037751313E-003,-0.329870376634557)
 (-1.752074037749876E-003,0.329870376634557)
 (0.657923712205886,-9.375216652390211E-016)
  0.000000000000000E+000  0.000000000000000E+000
 (1.60243697876681,-1.565977675102165E-015)
 (-1.55665250141374,1.231184501960453E-015)
 (-1.55665250141374,1.231320430335882E-015)
 (1.59859943829209,-1.002168588251975E-015)
  0.000000000000000E+000   2.41839915231229     
 (0.656796404066804,-1.221245327087672E-015)
 (-1.752074037749857E-003,0.329870376634557)
 (-1.752074037751344E-003,-0.329870376634557)
 (0.657923712205886,-1.060879779086261E-015)
   2.09439510239320       -1.20919957615614     
 (0.660620732298421,-6.414621920056460E-016)
 (-0.288677965744702,-0.163044215324010)
 (-0.288677965744702,0.163044215324011)
 (0.660634026065196,-9.128500424695731E-016)
   2.09439510239320        1.20919957615614     
 (0.656605433603265,-9.498574766237450E-016)
 (-0.284603271678570,0.165086394360221)
 (-0.284603271678571,-0.165086394360220)
 (0.657558557494055,-8.511709855459534E-016)
   2.09439510239320        3.62759872846843     
 (0.622577592469384,-7.931574109938296E-016)
 (-1.573402469273042E-003,-6.431500583313870E-004)
 (-1.573402469272598E-003,6.431500583302330E-004)
 (0.622469035058937,-5.721794754787861E-016)
   4.18879020478639       0.000000000000000E+000
 (0.622577592469384,-1.076739911067579E-015)
 (-1.573402469272857E-003,6.431500583307851E-004)
 (-1.573402469273412E-003,-6.431500583311772E-004)
 (0.622469035058938,-8.551552133967308E-016)
   1.00000000000000                2           9
 (0.000000000000000E+000,0.000000000000000E+000)
 (0.000000000000000E+000,0.000000000000000E+000)
  -2.09439510239320       -1.20919957615614     
 (0.662893251399011,1.850371707708594E-016)
 (-0.289592722825874,-0.165149895125992)
 (-0.289592722825874,0.165149895125993)
 (0.659837437669604,0.000000000000000E+000)
  -2.09439510239320        1.20919957615614     
 (0.662839087321877,6.167905692361981E-017)
 (-0.289925468799373,0.165778669674778)
 (-0.289925468799373,-0.165778669674778)
 (0.662556476683887,-1.233581138472396E-016)
  0.000000000000000E+000  -2.41839915231229     
 (0.661918840228538,3.083952846180990E-016)
 (-3.087346997614500E-003,-0.331514189865274)
 (-3.087346997614451E-003,0.331514189865274)
 (0.660426999140891,-2.467162276944792E-017)
  0.000000000000000E+000  0.000000000000000E+000
 (1.60007070017104,-1.391606041981607E-016)
 (-1.55556015342723,1.766976880089954E-016)
 (-1.55556015342723,1.767174213875150E-016)
 (1.59998125347615,-1.510385131978528E-016)
  0.000000000000000E+000   2.41839915231229     
 (0.661918840228538,1.110223024625157E-016)
 (-3.087346997614389E-003,0.331514189865274)
 (-3.087346997614549E-003,-0.331514189865273)
 (0.660426999140891,-1.973729821555834E-016)
   2.09439510239320       -1.20919957615614     
 (0.662839087321877,2.097087935403073E-016)
 (-0.289925468799373,-0.165778669674778)
 (-0.289925468799373,0.165778669674778)
 (0.662556476683887,-2.467162276944792E-017)
   2.09439510239320        1.20919957615614     
 (0.662893251399011,1.233581138472396E-016)
 (-0.289592722825874,0.165149895125993)
 (-0.289592722825874,-0.165149895125992)
 (0.659837437669604,-1.233581138472396E-016)
   2.09439510239320        3.62759872846843     
 (0.624757692764773,2.744693152074479E-016)
 (-1.035733609356283E-003,5.805679665356059E-004)
 (-1.035733609356394E-003,-5.805679665364935E-004)
 (0.625146352249973,4.011077967954551E-016)
   4.18879020478639       0.000000000000000E+000
 (0.624757692764773,4.137824710602494E-017)
 (-1.035733609356653E-003,-5.805679665358667E-004)
 (-1.035733609356641E-003,5.805679665358871E-004)
 (0.625146352249973,1.304647288899476E-016)
   1.00000000000000                2           9
 (0.000000000000000E+000,0.000000000000000E+000)
 (0.000000000000000E+000,0.000000000000000E+000)
  -2.09439510239320       -1.20919957615614     
 (0.658213639074629,9.868649107779169E-017)
 (-0.285415746093823,-0.166591344273801)
 (-0.285415746093823,0.166591344273801)
 (0.659738423971747,6.167905692361981E-017)
  -2.09439510239320        1.20919957615614     
 (0.658604375612805,9.868649107779169E-017)
 (-0.286246741506023,0.164706893795569)
 (-0.286246741506023,-0.164706893795569)
 (0.658507339810010,8.635067969306773E-017)
  0.000000000000000E+000  -2.41839915231229     
 (0.658644323620060,2.837236618486511E-016)
 (1.268366513582259E-003,-0.332105896691194)
 (1.268366513582093E-003,0.332105896691194)
 (0.659237122651248,3.454027187722709E-016)
  0.000000000000000E+000  0.000000000000000E+000
 (1.58782572098525,6.927450796072958E-016)
 (-1.54608449514205,-5.547567092638292E-016)
 (-1.54608449514205,-5.547835107992392E-016)
 (1.59089839960814,4.879350131354062E-016)
  0.000000000000000E+000   2.41839915231229     
 (0.658644323620060,1.110223024625157E-016)
 (1.268366513582037E-003,0.332105896691194)
 (1.268366513582302E-003,-0.332105896691194)
 (0.659237122651248,1.973729821555834E-016)
   2.09439510239320       -1.20919957615614     
 (0.658604375612805,1.973729821555834E-016)
 (-0.286246741506023,-0.164706893795569)
 (-0.286246741506023,0.164706893795569)
 (0.658507339810010,1.850371707708594E-016)
   2.09439510239320        1.20919957615614     
 (0.658213639074629,0.000000000000000E+000)
 (-0.285415746093823,0.166591344273801)
 (-0.285415746093823,-0.166591344273801)
 (0.659738423971747,-1.233581138472396E-017)
   2.09439510239320        3.62759872846843     
 (0.622220433407407,4.764319697977192E-016)
 (2.518326964663772E-003,-1.024849567712231E-003)
 (2.518326964664030E-003,1.024849567711989E-003)
 (0.623194146631881,6.200414986967702E-016)
   4.18879020478639       0.000000000000000E+000
 (0.622220433407407,2.315114168733454E-016)
 (2.518326964663722E-003,1.024849567712361E-003)
 (2.518326964663463E-003,-1.024849567712091E-003)
 (0.623194146631881,3.254816844836797E-016)
   1.00000000000000                2           9
 (0.000000000000000E+000,0.000000000000000E+000)
 (0.000000000000000E+000,0.000000000000000E+000)
  -2.09439510239320       -1.20919957615614     
 (0.660679388408414,1.233581138472396E-016)
 (-0.289889048145574,-0.165626675794194)
 (-0.289889048145574,0.165626675794194)
 (0.660407603752950,1.850371707708594E-016)
  -2.09439510239320        1.20919957615614     
 (0.660208701290334,1.110223024625157E-016)
 (-0.290300087805464,0.163611101128646)
 (-0.290300087805464,-0.163611101128646)
 (0.660679476590818,9.868649107779169E-017)
  0.000000000000000E+000  -2.41839915231229     
 (0.661880371870001,2.467162276944792E-017)
 (-5.133033544215336E-003,-0.329857844010505)
 (-5.133033544215349E-003,0.329857844010505)
 (0.659204572119713,7.401486830834377E-017)
  0.000000000000000E+000  0.000000000000000E+000
 (1.59025667969169,-1.948732268901195E-016)
 (-1.54633950527334,1.109126381815345E-016)
 (-1.54633950527334,1.108199782404982E-016)
 (1.58929438355010,-5.316977813301555E-017)
  0.000000000000000E+000   2.41839915231229     
 (0.661880371870001,-1.233581138472396E-016)
 (-5.133033544215311E-003,0.329857844010505)
 (-5.133033544215373E-003,-0.329857844010505)
 (0.659204572119713,-1.480297366166875E-016)
   2.09439510239320       -1.20919957615614     
 (0.660208701290334,1.850371707708594E-016)
 (-0.290300087805464,-0.163611101128646)
 (-0.290300087805464,0.163611101128646)
 (0.660679476590818,2.713878504639272E-016)
   2.09439510239320        1.20919957615614     
 (0.660679388408414,2.467162276944792E-017)
 (-0.289889048145574,0.165626675794194)
 (-0.289889048145574,-0.165626675794194)
 (0.660407603752950,8.635067969306773E-017)
   2.09439510239320        3.62759872846843     
 (0.622700016004802,2.141245637861071E-016)
 (-3.653519600973043E-003,-5.795368989765196E-004)
 (-3.653519600973204E-003,5.795368989762682E-004)
 (0.623929549164835,3.067923595361246E-016)
   4.18879020478639       0.000000000000000E+000
 (0.622700016004802,-6.741696705653467E-017)
 (-3.653519600973512E-003,5.795368989767530E-004)
 (-3.653519600973351E-003,-5.795368989765173E-004)
 (0.623929549164835,4.953031286639829E-017)
