   -2.094395     -1.209200
  1    1        0.65991402        0.00053542        0.00000000        0.00000000
  1    2       -0.28689689        0.00055592       -0.16632952        0.00035846
  2    1       -0.28689689        0.00055592        0.16632952        0.00035846
  2    2        0.66006603        0.00059119        0.00000000        0.00000000
   -2.094395      1.209200
  1    1        0.66064052        0.00048657        0.00000000        0.00000000
  1    2       -0.28784287        0.00060151        0.16603903        0.00039175
  2    1       -0.28784287        0.00060151       -0.16603903        0.00039175
  2    2        0.66070091        0.00042577        0.00000000        0.00000000
    0.000000     -2.418399
  1    1        0.66045125        0.00048404        0.00000000        0.00000000
  1    2        0.00061440        0.00034305       -0.33231481        0.00037097
  2    1        0.00061440        0.00034305        0.33231481        0.00037097
  2    2        0.66049811        0.00054652        0.00000000        0.00000000
    0.000000      0.000000
  1    1        1.59768814        0.00284870        0.00000000        0.00000000
  1    2       -1.55468064        0.00293434       -0.00000000        0.00000000
  2    1       -1.55468064        0.00293434       -0.00000000        0.00000000
  2    2        1.59852808        0.00302184        0.00000000        0.00000000
    0.000000      2.418399
  1    1        0.66045125        0.00048404        0.00000000        0.00000000
  1    2        0.00061440        0.00034305        0.33231481        0.00037097
  2    1        0.00061440        0.00034305       -0.33231481        0.00037097
  2    2        0.66049811        0.00054652        0.00000000        0.00000000
    2.094395     -1.209200
  1    1        0.66064052        0.00048657        0.00000000        0.00000000
  1    2       -0.28784287        0.00060151       -0.16603903        0.00039175
  2    1       -0.28784287        0.00060151        0.16603903        0.00039175
  2    2        0.66070091        0.00042577        0.00000000        0.00000000
    2.094395      1.209200
  1    1        0.65991402        0.00053542        0.00000000        0.00000000
  1    2       -0.28689689        0.00055592        0.16632952        0.00035846
  2    1       -0.28689689        0.00055592       -0.16632952        0.00035846
  2    2        0.66006603        0.00059119        0.00000000        0.00000000
    2.094395      3.627599
  1    1        0.62351705        0.00047847        0.00000000        0.00000000
  1    2        0.00015633        0.00033552       -0.00017056        0.00038813
  2    1        0.00015633        0.00033552        0.00017056        0.00038813
  2    2        0.62341660        0.00037509        0.00000000        0.00000000
    4.188790      0.000000
  1    1        0.62351705        0.00047847        0.00000000        0.00000000
  1    2        0.00015633        0.00033552        0.00017056        0.00038813
  2    1        0.00015633        0.00033552       -0.00017056        0.00038813
  2    2        0.62341660        0.00037509        0.00000000        0.00000000
