     0.0000000        2.01620624        0.12458654
     0.0500000        1.89823025        0.12222263
     0.1000000        1.80940067        0.12140071
     0.1500000        1.73515527        0.12065074
     0.2000000        1.67475596        0.11987333
     0.2500000        1.62328019        0.11859710
     0.3000000        1.58177127        0.11796124
     0.3500000        1.54668307        0.11596722
     0.4000000        1.51629200        0.11424878
     0.4500000        1.48921257        0.11257710
     0.5000000        1.46400305        0.11103612
     0.5500000        1.44347524        0.11002047
     0.6000000        1.42547185        0.10935163
     0.6500000        1.41086961        0.10872973
     0.7000000        1.40036930        0.10818956
     0.7500000        1.39069966        0.10739515
     0.8000000        1.38388767        0.10734029
     0.8500000        1.37971232        0.10836018
     0.9000000        1.37488130        0.10974726
     0.9500000        1.36975657        0.11070794
     1.0000000        1.36503041        0.11072335
     1.0500000        1.35980260        0.11013045
     1.1000000        1.35595521        0.10912043
     1.1500000        1.35270849        0.10760137
     1.2000000        1.34445557        0.10490793
     1.2500000        1.33146369        0.10050652
     1.3000000        1.31493014        0.09548305
     1.3500000        1.29563554        0.08845184
     1.4000000        1.27881959        0.08231308
     1.4500000        1.26025131        0.07695863
     1.5000000        1.24276173        0.07316924
     1.5500000        1.22769058        0.07063691
     1.6000000        1.21461414        0.06940612
     1.6500000        1.20458260        0.06936967
     1.7000000        1.19819955        0.07087066
     1.7500000        1.19152938        0.07310726
     1.8000000        1.18292347        0.07534319
     1.8500000        1.17415295        0.07856621
     1.9000000        1.16486606        0.08158417
     1.9500000        1.14988595        0.08221425
     2.0000000        1.13382726        0.08142655
     2.0500000        1.11951783        0.08064564
     2.1000000        1.10341717        0.07965739
     2.1500000        1.08526611        0.07888903
     2.2000000        1.07091697        0.07942508
     2.2500000        1.05706547        0.08006812
     2.3000000        1.04094839        0.08068943
     2.3500000        1.02452387        0.08091670
     2.4000000        1.01246899        0.08078253
     2.4500000        1.00313123        0.08058516
     2.5000000        0.99532551        0.07950258
     2.5500000        0.98864370        0.07802780
     2.6000000        0.98095036        0.07687257
     2.6500000        0.97151610        0.07632609
     2.7000000        0.96233467        0.07649403
     2.7500000        0.95234787        0.07640235
     2.8000000        0.94292815        0.07651098
     2.8500000        0.93733225        0.07681587
     2.9000000        0.93188911        0.07714468
     2.9500000        0.92774909        0.07769045
     3.0000000        0.91789863        0.07809772
     3.0500000        0.91230696        0.07999423
     3.1000000        0.90842187        0.08183161
     3.1500000        0.90582452        0.08363956
     3.2000000        0.90218244        0.08426146
     3.2500000        0.89947873        0.08494019
     3.3000000        0.89869683        0.08529594
     3.3500000        0.90011541        0.08482583
     3.4000000        0.90270596        0.08462702
     3.4500000        0.90641606        0.08541967
     3.5000000        0.91187204        0.08762940
     3.5500000        0.91663825        0.09027430
     3.6000000        0.92064415        0.09212316
     3.6500000        0.92145263        0.09375538
     3.7000000        0.91774068        0.09321048
     3.7500000        0.91447412        0.09309080
     3.8000000        0.91490561        0.09249687
     3.8500000        0.91523579        0.09073553
     3.9000000        0.91227084        0.08755289
     3.9500000        0.90978439        0.08459841
     4.0000000        0.91109962        0.08317799
     4.0500000        0.91571752        0.08327512
     4.1000000        0.91995359        0.08411666
     4.1500000        0.92048849        0.08455035
     4.2000000        0.91776296        0.08427141
     4.2500000        0.91337905        0.08428447
     4.3000000        0.90716184        0.08516766
     4.3500000        0.90274345        0.08797986
     4.4000000        0.89891867        0.09274411
     4.4500000        0.89560263        0.09709208
     4.5000000        0.89439664        0.10252045
     4.5500000        0.89428781        0.10893740
     4.6000000        0.89483894        0.11706703
     4.6500000        0.89953205        0.12638042
     4.7000000        0.89394373        0.12557730
     4.7500000        0.87981341        0.11992079
     4.8000000        0.87006991        0.11621061
     4.8500000        0.85945400        0.11145496
     4.9000000        0.84929777        0.10667392
     4.9500000        0.84011195        0.10342642
     5.0000000        0.83085380        0.09932395
     5.0500000        0.82428641        0.09598572
     5.1000000        0.81693474        0.09331797
     5.1500000        0.81005620        0.09081731
     5.2000000        0.80497043        0.08979036
     5.2500000        0.80421606        0.09057535
     5.3000000        0.80273243        0.09044421
     5.3500000        0.80154323        0.09038276
     5.4000000        0.79706801        0.09041392
     5.4500000        0.79331357        0.09021629
     5.5000000        0.78332671        0.08866562
     5.5500000        0.77259080        0.08831364
     5.6000000        0.75978276        0.08603881
     5.6500000        0.74781909        0.08469781
     5.7000000        0.73611469        0.08351922
     5.7500000        0.72577513        0.08174765
     5.8000000        0.71462047        0.07831508
     5.8500000        0.70624027        0.07612137
     5.9000000        0.69947344        0.07427967
     5.9500000        0.69498958        0.07370433
     6.0000000        0.69339527        0.07403141
     6.0500000        0.69322629        0.07439292
     6.1000000        0.69467618        0.07592231
     6.1500000        0.69302426        0.07466621
     6.2000000        0.69326091        0.07440832
     6.2500000        0.69470769        0.07348998
     6.3000000        0.69404832        0.07136421
     6.3500000        0.69459243        0.06994322
     6.4000000        0.69555562        0.06898347
     6.4500000        0.69479208        0.06806515
     6.5000000        0.69439008        0.06787615
     6.5500000        0.69581944        0.06811376
     6.6000000        0.69806900        0.06877701
     6.6500000        0.70201805        0.07023639
     6.7000000        0.70482612        0.07169317
     6.7500000        0.70729128        0.07284339
     6.8000000        0.71163210        0.07366293
     6.8500000        0.71062612        0.07281499
     6.9000000        0.71174281        0.07270120
     6.9500000        0.71641880        0.07336596
     7.0000000        0.72298616        0.07487633
     7.0500000        0.72873691        0.07641490
     7.1000000        0.73261141        0.07748471
     7.1500000        0.73309715        0.07763196
     7.2000000        0.72952139        0.07568846
     7.2500000        0.72554071        0.07383744
     7.3000000        0.72050461        0.07190188
     7.3500000        0.71329305        0.06985814
     7.4000000        0.70357838        0.06782496
     7.4500000        0.69177996        0.06628016
     7.5000000        0.68070722        0.06539925
     7.5500000        0.66963810        0.06500793
     7.6000000        0.65910475        0.06501439
     7.6500000        0.65111331        0.06487441
     7.7000000        0.64729827        0.06535343
     7.7500000        0.64616696        0.06570838
     7.8000000        0.64701912        0.06687383
     7.8500000        0.64768738        0.06708170
     7.9000000        0.64621036        0.06701520
     7.9500000        0.64568670        0.06768235
     8.0000000        0.64492644        0.06848060
     8.0500000        0.64349178        0.06875611
     8.1000000        0.64044201        0.06857230
     8.1500000        0.63860968        0.06764030
     8.2000000        0.63743302        0.06634314
     8.2500000        0.63481347        0.06516674
     8.3000000        0.63238363        0.06367805
     8.3500000        0.62992531        0.06238728
     8.4000000        0.62974072        0.06161017
     8.4500000        0.63173285        0.06178591
     8.5000000        0.63273022        0.06215230
     8.5500000        0.63325262        0.06179443
     8.6000000        0.63172803        0.06020905
     8.6500000        0.62763019        0.05769464
     8.7000000        0.62556574        0.05569720
     8.7500000        0.62268154        0.05335405
     8.8000000        0.62197432        0.05068645
     8.8500000        0.62270230        0.04741785
     8.9000000        0.62335200        0.04505882
     8.9500000        0.62535864        0.04381718
     9.0000000        0.62876499        0.04250198
     9.0500000        0.63187561        0.04145491
     9.1000000        0.63709571        0.04083892
     9.1500000        0.64165687        0.04078697
     9.2000000        0.64763184        0.04171118
     9.2500000        0.65433418        0.04395933
     9.3000000        0.66027836        0.04628312
     9.3500000        0.66896268        0.04902765
     9.4000000        0.67609567        0.05122100
     9.4500000        0.68432216        0.05425628
     9.5000000        0.69220479        0.05814833
     9.5500000        0.70207702        0.06174982
     9.6000000        0.71276612        0.06581735
     9.6500000        0.72283581        0.06927697
     9.7000000        0.73515281        0.07336987
     9.7500000        0.74427340        0.07602887
     9.8000000        0.75167629        0.07774902
     9.8500000        0.76043154        0.08030000
     9.9000000        0.76752517        0.08267072
     9.9500000        0.77491414        0.08579342
    10.0000000        0.78340085        0.08936785
    10.0500000        0.77674681        0.08713290
    10.1000000        0.76604006        0.08518217
    10.1500000        0.75829328        0.08442230
    10.2000000        0.75269773        0.08499253
    10.2500000        0.74343437        0.08249738
    10.3000000        0.73676604        0.08096273
    10.3500000        0.72643433        0.07868633
    10.4000000        0.72035139        0.07713274
    10.4500000        0.71723675        0.07689753
    10.5000000        0.71667052        0.07689147
    10.5500000        0.71722928        0.07731322
    10.6000000        0.71460580        0.07682331
    10.6500000        0.70783228        0.07521168
    10.7000000        0.70168373        0.07393392
    10.7500000        0.69529376        0.07286717
    10.8000000        0.68786939        0.07198316
    10.8500000        0.68087787        0.07088025
    10.9000000        0.67536050        0.07025505
    10.9500000        0.67333002        0.07020386
    11.0000000        0.67336495        0.07138047
    11.0500000        0.67660602        0.07297346
    11.1000000        0.67923879        0.07424894
    11.1500000        0.67768365        0.07468625
    11.2000000        0.66895563        0.07235260
    11.2500000        0.66009894        0.07026619
    11.3000000        0.65194240        0.06840866
    11.3500000        0.64528831        0.06670824
    11.4000000        0.64250086        0.06622641
    11.4500000        0.64199124        0.06639198
    11.5000000        0.64287392        0.06652188
    11.5500000        0.64416717        0.06588052
    11.6000000        0.64430282        0.06465964
    11.6500000        0.64675720        0.06407033
    11.7000000        0.65120388        0.06462276
    11.7500000        0.65540577        0.06554378
    11.8000000        0.66044662        0.06638823
    11.8500000        0.66531140        0.06744870
    11.9000000        0.66987016        0.06831051
    11.9500000        0.67380376        0.06915842
    12.0000000        0.67643293        0.06892396
    12.0500000        0.68043030        0.06872313
    12.1000000        0.68472128        0.06910581
    12.1500000        0.68960090        0.06957120
    12.2000000        0.69535510        0.07063651
    12.2500000        0.70126028        0.07162280
    12.3000000        0.70671598        0.07287414
    12.3500000        0.71134163        0.07394127
    12.4000000        0.71362615        0.07338378
    12.4500000        0.71412599        0.07287636
    12.5000000        0.71461532        0.07227603
    12.5500000        0.71469562        0.07268971
    12.6000000        0.71127910        0.07156476
    12.6500000        0.70975171        0.07078829
    12.7000000        0.70914309        0.07007890
    12.7500000        0.70929774        0.06878120
    12.8000000        0.71112064        0.06711781
    12.8500000        0.71224226        0.06551696
    12.9000000        0.71321033        0.06423236
    12.9500000        0.71394636        0.06314776
    13.0000000        0.71283694        0.06191247
    13.0500000        0.71097527        0.06060438
    13.1000000        0.71032865        0.06014247
    13.1500000        0.71211700        0.06018333
    13.2000000        0.71592157        0.06108691
    13.2500000        0.72023268        0.06345233
    13.3000000        0.72365380        0.06572291
    13.3500000        0.72929433        0.06945422
    13.4000000        0.73295233        0.07113970
    13.4500000        0.73189166        0.07058474
    13.5000000        0.72794588        0.06895499
    13.5500000        0.72386336        0.06707508
    13.6000000        0.72012080        0.06534457
    13.6500000        0.71608583        0.06382493
    13.7000000        0.71149467        0.06241501
    13.7500000        0.70795176        0.06200654
    13.8000000        0.70672078        0.06226620
    13.8500000        0.70811739        0.06307188
    13.9000000        0.70980354        0.06370370
    13.9500000        0.71119185        0.06408920
    14.0000000        0.71187564        0.06464883
    14.0500000        0.71162567        0.06460331
    14.1000000        0.71324998        0.06554698
    14.1500000        0.71727210        0.06666686
    14.2000000        0.72234606        0.06796887
    14.2500000        0.72546951        0.06788548
    14.3000000        0.73114719        0.06819646
    14.3500000        0.73404407        0.06660851
    14.4000000        0.74057059        0.06639482
    14.4500000        0.74871079        0.06803672
    14.5000000        0.75933267        0.07133097
    14.5500000        0.77293114        0.07584435
    14.6000000        0.78707895        0.08050189
    14.6500000        0.80306097        0.08688302
    14.7000000        0.82126797        0.09479003
    14.7500000        0.82953121        0.09541057
    14.8000000        0.83854061        0.09593961
    14.8500000        0.84097018        0.09471087
    14.9000000        0.84069188        0.09191358
    14.9500000        0.83983672        0.08761312
    15.0000000        0.83943868        0.08294236
    15.0500000        0.84171618        0.07984792
    15.1000000        0.84217940        0.07703865
    15.1500000        0.84147079        0.07518264
    15.2000000        0.84186041        0.07552716
    15.2500000        0.84168505        0.07697758
    15.3000000        0.84595131        0.07962126
    15.3500000        0.85238318        0.08273037
    15.4000000        0.86139594        0.08623180
    15.4500000        0.87147601        0.08929039
    15.5000000        0.87957946        0.09150457
    15.5500000        0.88788246        0.09382292
    15.6000000        0.89767169        0.09748854
    15.6500000        0.90715163        0.10172362
    15.7000000        0.91253462        0.10383920
    15.7500000        0.91722775        0.10421452
    15.8000000        0.91693454        0.10233775
    15.8500000        0.91470999        0.10041507
    15.9000000        0.91317766        0.10040071
    15.9500000        0.91611607        0.10136558
    16.0000000        0.92125897        0.10259757
    16.0500000        0.92791638        0.10337075
    16.1000000        0.93750550        0.10494831
    16.1500000        0.94559096        0.10604853
    16.2000000        0.95279617        0.10548545
    16.2500000        0.96415754        0.10510714
    16.3000000        0.98036566        0.10578559
    16.3500000        0.99396241        0.10544344
    16.4000000        1.00256028        0.10473681
    16.4500000        1.00969861        0.10492830
    16.5000000        1.01499237        0.10557662
    16.5500000        1.01944847        0.10684887
    16.6000000        1.02490143        0.10839100
    16.6500000        1.03261226        0.10961418
    16.7000000        1.04229842        0.10932941
    16.7500000        1.05057923        0.10840194
    16.8000000        1.06099175        0.10980402
    16.8500000        1.07437178        0.11259076
    16.9000000        1.08623740        0.11651910
    16.9500000        1.09809613        0.12111851
    17.0000000        1.10974590        0.12481519
    17.0500000        1.12088506        0.12628662
    17.1000000        1.13140867        0.12817913
    17.1500000        1.13935692        0.12764580
    17.2000000        1.14215536        0.12392515
    17.2500000        1.14211465        0.11728733
    17.3000000        1.13984761        0.11175271
    17.3500000        1.13852837        0.10707432
    17.4000000        1.14007380        0.10366161
    17.4500000        1.14216160        0.10138362
    17.5000000        1.14752474        0.09980335
    17.5500000        1.15437658        0.09903711
    17.6000000        1.16416923        0.09858587
    17.6500000        1.17075411        0.09820560
    17.7000000        1.17825295        0.09810112
    17.7500000        1.18299483        0.09724545
    17.8000000        1.18897189        0.09859165
    17.8500000        1.19332294        0.10098377
    17.9000000        1.19956045        0.10456674
    17.9500000        1.20433551        0.10763236
    18.0000000        1.20984223        0.11085325
    18.0500000        1.21428276        0.11271974
    18.1000000        1.21866275        0.11453062
    18.1500000        1.22523700        0.11677275
    18.2000000        1.23198027        0.11844337
    18.2500000        1.23697049        0.11808221
    18.3000000        1.24034422        0.11572644
    18.3500000        1.24528560        0.11504963
    18.4000000        1.25422349        0.11617443
    18.4500000        1.26542878        0.11810603
    18.5000000        1.28208689        0.12070100
    18.5500000        1.30331002        0.12337677
    18.6000000        1.32657531        0.12643193
    18.6500000        1.34851255        0.12712250
    18.7000000        1.37077114        0.12912325
    18.7500000        1.38868498        0.12979058
    18.8000000        1.40359700        0.12982741
    18.8500000        1.41906624        0.12857115
    18.9000000        1.43125719        0.12638317
    18.9500000        1.44521820        0.12531495
    19.0000000        1.45517350        0.12507121
    19.0500000        1.46407181        0.12526729
    19.1000000        1.47307957        0.12513530
    19.1500000        1.47528619        0.12278300
    19.2000000        1.48162297        0.12146560
    19.2500000        1.48910279        0.12011741
    19.3000000        1.50055480        0.12073177
    19.3500000        1.51424911        0.12210081
    19.4000000        1.52490519        0.12162186
    19.4500000        1.53602805        0.11962747
    19.5000000        1.54737050        0.11808263
    19.5500000        1.55867767        0.11818265
    19.6000000        1.57329391        0.11993005
    19.6500000        1.59457510        0.12234710
    19.7000000        1.62310629        0.12554900
    19.7500000        1.65768483        0.12798597
    19.8000000        1.70012998        0.12771904
    19.8500000        1.75308041        0.12745992
    19.9000000        1.81731421        0.12737247
    19.9500000        1.90411465        0.12679202
    20.0000000        2.01620624        0.12458654
