     0.0000000        2.25694977        0.06094904
     0.0500000        1.86316253        0.05460015
     0.1000000        1.54154132        0.05507763
     0.1500000        1.26879246        0.04740098
     0.2000000        1.04523334        0.03877756
     0.2500000        0.87866702        0.03095144
     0.3000000        0.75321639        0.03015584
     0.3500000        0.63811812        0.02604004
     0.4000000        0.54299463        0.01919060
     0.4500000        0.46484576        0.01734036
     0.5000000        0.38513431        0.02065245
     0.5500000        0.31393771        0.02404018
     0.6000000        0.26624749        0.02424534
     0.6500000        0.22949396        0.02046255
     0.7000000        0.20333197        0.02192484
     0.7500000        0.16985051        0.02492249
     0.8000000        0.15102103        0.02649058
     0.8500000        0.12727916        0.02623372
     0.9000000        0.11598511        0.02626611
     0.9500000        0.11295502        0.02037701
     1.0000000        0.10429745        0.01902916
     1.0500000        0.08929691        0.01791411
     1.1000000        0.07660400        0.01892092
     1.1500000        0.06478540        0.01964626
     1.2000000        0.05640701        0.01790298
     1.2500000        0.06154624        0.01513890
     1.3000000        0.06126273        0.01690333
     1.3500000        0.06022822        0.01557603
     1.4000000        0.05117577        0.01737267
     1.4500000        0.03915401        0.01716806
     1.5000000        0.04429953        0.02347399
     1.5500000        0.03900347        0.02500593
     1.6000000        0.04960117        0.02792804
     1.6500000        0.04338581        0.02587111
     1.7000000        0.04366655        0.02118826
     1.7500000        0.03618167        0.01434874
     1.8000000        0.03598545        0.01326649
     1.8500000        0.02697669        0.01265930
     1.9000000        0.01693270        0.01269692
     1.9500000        0.01751773        0.01555509
     2.0000000        0.01177020        0.01289647
     2.0500000        0.01123046        0.01388825
     2.1000000        0.01486209        0.01546357
     2.1500000        0.00985155        0.01860314
     2.2000000        0.00140811        0.01975416
     2.2500000       -0.00086328        0.01791380
     2.3000000        0.00380136        0.01589744
     2.3500000        0.00526929        0.01613138
     2.4000000        0.00038303        0.01364717
     2.4500000       -0.00859471        0.01458137
     2.5000000       -0.01728143        0.01745072
     2.5500000       -0.01076965        0.01705465
     2.6000000       -0.00289298        0.01596635
     2.6500000       -0.00259626        0.01235394
     2.7000000       -0.00762289        0.01067421
     2.7500000       -0.01730589        0.01020576
     2.8000000       -0.02512095        0.01124749
     2.8500000       -0.03137353        0.01284633
     2.9000000       -0.02831007        0.01368689
     2.9500000       -0.03508662        0.01348906
     3.0000000       -0.03746397        0.01376306
     3.0500000       -0.03286566        0.01468765
     3.1000000       -0.02920317        0.01541914
     3.1500000       -0.02979422        0.01502416
     3.2000000       -0.03111310        0.01390055
     3.2500000       -0.01938535        0.01275214
     3.3000000       -0.01589474        0.01092336
     3.3500000       -0.01323868        0.01195339
     3.4000000       -0.00866674        0.01070979
     3.4500000        0.00037461        0.01010592
     3.5000000        0.00316671        0.01203608
     3.5500000        0.00803490        0.01421104
     3.6000000       -0.00016077        0.01819557
     3.6500000       -0.00299039        0.01971116
     3.7000000        0.00426989        0.01673614
     3.7500000        0.00075698        0.01814569
     3.8000000        0.00494745        0.01693434
     3.8500000        0.00946457        0.01552373
     3.9000000        0.01719598        0.01305006
     3.9500000        0.01677087        0.01281997
     4.0000000        0.01687365        0.01289328
     4.0500000        0.00670906        0.01367143
     4.1000000        0.00247502        0.01151757
     4.1500000        0.00367783        0.01127699
     4.2000000        0.00185749        0.01043366
     4.2500000       -0.00892508        0.01295525
     4.3000000       -0.01401932        0.01454939
     4.3500000       -0.01592774        0.01650097
     4.4000000       -0.02033208        0.01787648
     4.4500000       -0.01959304        0.01745006
     4.5000000       -0.02800532        0.02009379
     4.5500000       -0.02592543        0.01675785
     4.6000000       -0.03256280        0.01493592
     4.6500000       -0.02619038        0.01085177
     4.7000000       -0.00473657        0.01157394
     4.7500000        0.01093526        0.02142818
     4.8000000        0.01527260        0.01867643
     4.8500000        0.01379561        0.01259618
     4.9000000        0.02896650        0.02275317
     4.9500000        0.03176709        0.02189592
     5.0000000        0.03180414        0.02285423
     5.0500000        0.03360774        0.02370960
     5.1000000        0.03233943        0.02454168
     5.1500000        0.02097362        0.02316031
     5.2000000        0.01304906        0.02174501
     5.2500000        0.01370710        0.02407959
     5.3000000        0.01040390        0.02587359
     5.3500000        0.01334923        0.03192204
     5.4000000        0.01277257        0.02878645
     5.4500000        0.00952563        0.02977443
     5.5000000        0.00186399        0.02154659
     5.5500000       -0.00333095        0.01928877
     5.6000000       -0.00072604        0.01303845
     5.6500000       -0.00183763        0.01171819
     5.7000000       -0.00711257        0.00884817
     5.7500000       -0.00412423        0.00832317
     5.8000000       -0.00567678        0.00772386
     5.8500000       -0.00700473        0.00821716
     5.9000000       -0.00119326        0.01179068
     5.9500000        0.00439400        0.00967821
     6.0000000        0.00197903        0.01068437
     6.0500000        0.00143330        0.00991415
     6.1000000        0.00142319        0.01043106
     6.1500000       -0.00029855        0.00931198
     6.2000000        0.00113433        0.00927863
     6.2500000       -0.00382400        0.00899162
     6.3000000       -0.00847474        0.00899476
     6.3500000       -0.01173455        0.00874417
     6.4000000       -0.01118659        0.00968048
     6.4500000       -0.00645955        0.00973767
     6.5000000       -0.00332882        0.00937719
     6.5500000       -0.00072222        0.01030365
     6.6000000       -0.00649710        0.00756817
     6.6500000       -0.00134032        0.00715742
     6.7000000        0.00548117        0.00683824
     6.7500000        0.00732310        0.00839071
     6.8000000        0.00584123        0.00741222
     6.8500000        0.01301526        0.00633636
     6.9000000        0.01400246        0.00620071
     6.9500000        0.01338437        0.00657097
     7.0000000        0.00830613        0.00806638
     7.0500000        0.00465034        0.00792010
     7.1000000       -0.00253236        0.00997844
     7.1500000        0.00075002        0.00920225
     7.2000000        0.00267298        0.01274306
     7.2500000        0.00278263        0.01262423
     7.3000000        0.00556204        0.00972650
     7.3500000        0.00623464        0.00880586
     7.4000000        0.01368336        0.00998643
     7.4500000        0.01809766        0.01187176
     7.5000000        0.01939314        0.01406365
     7.5500000        0.01518174        0.00949026
     7.6000000        0.00988625        0.01241875
     7.6500000        0.00631094        0.01072501
     7.7000000       -0.00309109        0.00847855
     7.7500000        0.00025436        0.00794123
     7.8000000        0.00235301        0.00680109
     7.8500000       -0.00259785        0.00744968
     7.9000000       -0.00581797        0.00731609
     7.9500000       -0.00696380        0.00663835
     8.0000000       -0.00830310        0.00756701
     8.0500000       -0.01513825        0.00716679
     8.1000000       -0.01686750        0.00872785
     8.1500000       -0.01607479        0.01110489
     8.2000000       -0.01781897        0.00704585
     8.2500000       -0.01500584        0.00740148
     8.3000000       -0.00513382        0.00875858
     8.3500000       -0.00760465        0.00788649
     8.4000000       -0.01528555        0.00757318
     8.4500000       -0.01476831        0.00935274
     8.5000000       -0.00808272        0.00972311
     8.5500000       -0.00536486        0.00859306
     8.6000000        0.00333148        0.00990478
     8.6500000        0.00973377        0.00803952
     8.7000000        0.01060671        0.00794328
     8.7500000        0.00769547        0.00720871
     8.8000000        0.00342829        0.00772010
     8.8500000       -0.00090417        0.00984525
     8.9000000       -0.00296779        0.00858560
     8.9500000       -0.00489666        0.01056603
     9.0000000       -0.00143640        0.01018359
     9.0500000       -0.00316186        0.00969786
     9.1000000        0.00147005        0.01024826
     9.1500000        0.00341144        0.00842141
     9.2000000        0.00229104        0.00918700
     9.2500000       -0.00237152        0.00778056
     9.3000000       -0.00693468        0.00722028
     9.3500000       -0.00578264        0.00488645
     9.4000000       -0.00408866        0.00504182
     9.4500000        0.00212630        0.00628824
     9.5000000       -0.00288098        0.00665273
     9.5500000       -0.00570776        0.00716642
     9.6000000       -0.00786401        0.00745576
     9.6500000       -0.01179000        0.00860079
     9.7000000       -0.01535803        0.00956379
     9.7500000       -0.01392329        0.01415850
     9.8000000       -0.01691460        0.00931804
     9.8500000       -0.01170217        0.01034807
     9.9000000       -0.00952992        0.00894600
     9.9500000       -0.00903603        0.00801418
    10.0000000       -0.01453459        0.00822509
    10.0500000       -0.00187553        0.01198029
    10.1000000        0.00828904        0.01225965
    10.1500000        0.01453860        0.01094171
    10.2000000        0.01053536        0.01062674
    10.2500000       -0.00406894        0.00720743
    10.3000000        0.00119337        0.00663525
    10.3500000       -0.00155632        0.00981675
    10.4000000        0.00295801        0.01188113
    10.4500000       -0.00570758        0.01547849
    10.5000000        0.00212468        0.01493549
    10.5500000       -0.00515937        0.01243647
    10.6000000       -0.00419422        0.01059400
    10.6500000       -0.00391830        0.00855310
    10.7000000       -0.00016840        0.00906511
    10.7500000       -0.00230096        0.00753799
    10.8000000       -0.00149300        0.00800884
    10.8500000        0.00032112        0.00853233
    10.9000000        0.00122057        0.01220342
    10.9500000       -0.00417885        0.01146600
    11.0000000       -0.01135105        0.01024715
    11.0500000       -0.01810102        0.00882039
    11.1000000       -0.02473786        0.00700470
    11.1500000       -0.02405567        0.00694279
    11.2000000       -0.00955388        0.00805366
    11.2500000       -0.00917732        0.00808010
    11.3000000       -0.00765942        0.01042752
    11.3500000       -0.00698752        0.00938237
    11.4000000       -0.01294737        0.01011602
    11.4500000       -0.01390942        0.01102948
    11.5000000       -0.00719509        0.01123577
    11.5500000       -0.00802789        0.01310480
    11.6000000       -0.00588035        0.01689081
    11.6500000        0.00025344        0.01472573
    11.7000000        0.00324724        0.01456764
    11.7500000        0.00147261        0.01100857
    11.8000000        0.00048753        0.00902301
    11.8500000        0.00070582        0.00635454
    11.9000000       -0.00005106        0.01018375
    11.9500000       -0.00047502        0.01262213
    12.0000000        0.00173496        0.01195417
    12.0500000        0.00120534        0.00952487
    12.1000000        0.00064819        0.00850862
    12.1500000       -0.00270142        0.01083851
    12.2000000       -0.00941804        0.01278701
    12.2500000       -0.01410688        0.01342607
    12.3000000       -0.01919511        0.01277208
    12.3500000       -0.01101017        0.01064609
    12.4000000       -0.00794882        0.00839625
    12.4500000       -0.01484758        0.00913435
    12.5000000       -0.01708399        0.00917613
    12.5500000       -0.02090933        0.00726549
    12.6000000       -0.03806183        0.01125713
    12.6500000       -0.03895717        0.01024404
    12.7000000       -0.03494691        0.00760557
    12.7500000       -0.03767880        0.00851133
    12.8000000       -0.03340219        0.00795562
    12.8500000       -0.02991084        0.00875846
    12.9000000       -0.02347446        0.00809680
    12.9500000       -0.02114652        0.01036510
    13.0000000       -0.01810714        0.00905263
    13.0500000       -0.01164181        0.01072808
    13.1000000       -0.01370047        0.01077306
    13.1500000       -0.01607635        0.01201559
    13.2000000       -0.02263328        0.01308410
    13.2500000       -0.02422508        0.01147899
    13.3000000       -0.01780387        0.01107496
    13.3500000       -0.01883451        0.01172539
    13.4000000       -0.00934297        0.01240386
    13.4500000       -0.00749183        0.01500216
    13.5000000        0.00393318        0.02062539
    13.5500000        0.00749537        0.01945501
    13.6000000        0.00996735        0.01927313
    13.6500000        0.00423186        0.01916139
    13.7000000        0.00781314        0.01612686
    13.7500000        0.00891856        0.01564563
    13.8000000        0.01267979        0.01445350
    13.8500000        0.01242436        0.01398826
    13.9000000        0.00663016        0.01119905
    13.9500000        0.00519712        0.00888715
    14.0000000        0.00173121        0.00785095
    14.0500000        0.00237842        0.00911739
    14.1000000       -0.00247891        0.01234933
    14.1500000       -0.00466396        0.01092118
    14.2000000       -0.00465634        0.01134578
    14.2500000       -0.00401987        0.00687134
    14.3000000       -0.00366921        0.00696382
    14.3500000       -0.00920492        0.00990235
    14.4000000       -0.01097553        0.00887419
    14.4500000       -0.00873520        0.00841574
    14.5000000       -0.00399439        0.00859409
    14.5500000       -0.00631012        0.00802662
    14.6000000       -0.00693338        0.00711823
    14.6500000       -0.00503498        0.00931713
    14.7000000       -0.00653593        0.00763472
    14.7500000       -0.01365199        0.00755847
    14.8000000       -0.01397337        0.00899766
    14.8500000       -0.01822190        0.01088847
    14.9000000       -0.02391228        0.01255138
    14.9500000       -0.02361487        0.01025941
    15.0000000       -0.02961437        0.01026132
    15.0500000       -0.03086732        0.00944145
    15.1000000       -0.03127287        0.00895800
    15.1500000       -0.01906261        0.01089782
    15.2000000       -0.01340834        0.00746092
    15.2500000       -0.01337361        0.00717753
    15.3000000       -0.01015496        0.00518760
    15.3500000       -0.00332865        0.00473183
    15.4000000       -0.00142579        0.00746768
    15.4500000       -0.00384994        0.00951403
    15.5000000        0.00245173        0.01555648
    15.5500000        0.00815295        0.01876326
    15.6000000        0.00899862        0.01967431
    15.6500000       -0.00122414        0.01648767
    15.7000000       -0.00593477        0.01343765
    15.7500000       -0.00867528        0.01174131
    15.8000000        0.00648564        0.00851446
    15.8500000        0.01325644        0.00877542
    15.9000000        0.01264097        0.00923142
    15.9500000        0.01715789        0.00953587
    16.0000000        0.01548836        0.00978851
    16.0500000        0.01216345        0.01319841
    16.1000000        0.01028780        0.01774367
    16.1500000        0.00197547        0.01827390
    16.2000000       -0.00053453        0.01929787
    16.2500000        0.00109698        0.01907750
    16.3000000        0.00037681        0.01800188
    16.3500000        0.00477980        0.01663764
    16.4000000        0.00266186        0.01441217
    16.4500000        0.00292293        0.01595995
    16.5000000       -0.00086787        0.01473493
    16.5500000       -0.00318279        0.01775304
    16.6000000       -0.01159086        0.01943145
    16.6500000       -0.01204171        0.02151788
    16.7000000        0.00194540        0.01975525
    16.7500000        0.02122912        0.02413964
    16.8000000        0.02887412        0.02688373
    16.8500000        0.03310195        0.02504548
    16.9000000        0.03732073        0.02471820
    16.9500000        0.03912194        0.02783248
    17.0000000        0.03226660        0.02787417
    17.0500000        0.03214171        0.03037024
    17.1000000        0.02458146        0.02425362
    17.1500000        0.00703551        0.01249075
    17.2000000        0.00534831        0.01626103
    17.2500000        0.00693959        0.01689353
    17.3000000        0.01220984        0.01461222
    17.3500000        0.00907278        0.01167555
    17.4000000        0.00941470        0.00889313
    17.4500000        0.00613745        0.01039099
    17.5000000        0.01559536        0.00956895
    17.5500000        0.01550251        0.00825499
    17.6000000        0.02145286        0.00940933
    17.6500000        0.02866188        0.01222272
    17.7000000        0.03348276        0.01337016
    17.7500000        0.03061508        0.00849992
    17.8000000        0.03916543        0.00853893
    17.8500000        0.04706303        0.00854216
    17.9000000        0.05092711        0.00792343
    17.9500000        0.04933612        0.00522320
    18.0000000        0.04808302        0.00822928
    18.0500000        0.04520152        0.01190604
    18.1000000        0.05140432        0.01284660
    18.1500000        0.05448268        0.01604926
    18.2000000        0.03525816        0.01543463
    18.2500000        0.04189731        0.01722108
    18.3000000        0.03783197        0.01632381
    18.3500000        0.04093969        0.01675163
    18.4000000        0.03742421        0.01649623
    18.4500000        0.03134893        0.01654691
    18.5000000        0.03248592        0.01515600
    18.5500000        0.03125850        0.01916889
    18.6000000        0.03138653        0.02334271
    18.6500000        0.04656473        0.01801909
    18.7000000        0.05341080        0.01667937
    18.7500000        0.06482702        0.01486663
    18.8000000        0.06448783        0.01968207
    18.8500000        0.06639412        0.01713972
    18.9000000        0.08059933        0.01271277
    18.9500000        0.07819631        0.01510760
    19.0000000        0.07218409        0.01995359
    19.0500000        0.08819892        0.02541943
    19.1000000        0.10150715        0.02970129
    19.1500000        0.12796450        0.03131718
    19.2000000        0.14966475        0.02914638
    19.2500000        0.17024916        0.03271145
    19.3000000        0.18502450        0.03361615
    19.3500000        0.21418119        0.03244368
    19.4000000        0.26032868        0.03011078
    19.4500000        0.31491923        0.02627927
    19.5000000        0.38620994        0.02745009
    19.5500000        0.44969046        0.02966655
    19.6000000        0.52454138        0.03422059
    19.6500000        0.60191663        0.03737516
    19.7000000        0.71665265        0.03894681
    19.7500000        0.86313533        0.03922788
    19.8000000        1.03780278        0.03872179
    19.8500000        1.26531845        0.03802392
    19.9000000        1.55406762        0.04441022
    19.9500000        1.85959620        0.04673614
    20.0000000        2.25694977        0.06094904
