     0.0000000        1.59974943        0.07987848
     0.1000000        1.37256682        0.07752944
     0.2000000        1.19635910        0.07681594
     0.3000000        1.05130734        0.07176378
     0.4000000        0.93574472        0.06879892
     0.5000000        0.84300056        0.07004868
     0.6000000        0.76166045        0.06805773
     0.7000000        0.69136048        0.06284127
     0.8000000        0.63643518        0.06287932
     0.9000000        0.58876061        0.06306048
     1.0000000        0.54889707        0.06613405
     1.1000000        0.51519839        0.06857546
     1.2000000        0.48289972        0.06707679
     1.3000000        0.46327138        0.07474634
     1.4000000        0.44438802        0.08048376
     1.5000000        0.41742911        0.07479248
     1.6000000        0.39113552        0.06709286
     1.7000000        0.37255695        0.06532242
     1.8000000        0.35158664        0.05902403
     1.9000000        0.33419373        0.05489206
     2.0000000        0.31923793        0.05177188
     2.1000000        0.30499978        0.04818635
     2.2000000        0.29256929        0.04513864
     2.3000000        0.28365513        0.04465568
     2.4000000        0.27423464        0.04284765
     2.5000000        0.26723616        0.04302648
     2.6000000        0.26338742        0.04541912
     2.7000000        0.25671648        0.04438815
     2.8000000        0.25103614        0.04411090
     2.9000000        0.24500555        0.04298129
     3.0000000        0.24004505        0.04246073
     3.1000000        0.23479057        0.04128276
     3.2000000        0.23251430        0.04221141
     3.3000000        0.23466850        0.04716300
     3.4000000        0.23642892        0.05147684
     3.5000000        0.23240442        0.04978039
     3.6000000        0.23370782        0.05334814
     3.7000000        0.23778988        0.05943495
     3.8000000        0.23118817        0.05435035
     3.9000000        0.22310661        0.04783201
     4.0000000        0.21864306        0.04478321
     4.1000000        0.21285641        0.04015551
     4.2000000        0.20919613        0.03719718
     4.3000000        0.20469487        0.03353824
     4.4000000        0.20136527        0.03069892
     4.5000000        0.20000173        0.02912727
     4.6000000        0.20001847        0.02897978
     4.7000000        0.19954973        0.02974466
     4.8000000        0.19856580        0.02997446
     4.9000000        0.19920728        0.03169275
     5.0000000        0.19951412        0.03279953
     5.1000000        0.20037185        0.03424635
     5.2000000        0.20387239        0.03763287
     5.3000000        0.20651071        0.04024257
     5.4000000        0.20676863        0.04028113
     5.5000000        0.20591490        0.03879797
     5.6000000        0.20577996        0.03754390
     5.7000000        0.20866822        0.03924114
     5.8000000        0.20982365        0.03915854
     5.9000000        0.21139963        0.03968825
     6.0000000        0.21133518        0.03826031
     6.1000000        0.21430998        0.03989417
     6.2000000        0.21811274        0.04172685
     6.3000000        0.22290817        0.04428691
     6.4000000        0.22801778        0.04655396
     6.5000000        0.23687275        0.05181462
     6.6000000        0.24524492        0.05632384
     6.7000000        0.25108980        0.05825739
     6.8000000        0.25492473        0.05729037
     6.9000000        0.26096575        0.05829227
     7.0000000        0.26853325        0.06020859
     7.1000000        0.27659360        0.06169410
     7.2000000        0.28182104        0.06354916
     7.3000000        0.27849648        0.05622467
     7.4000000        0.27957594        0.05288157
     7.5000000        0.28418830        0.05317402
     7.6000000        0.28767181        0.05034228
     7.7000000        0.29142153        0.04749105
     7.8000000        0.30097666        0.04906018
     7.9000000        0.30592222        0.04584848
     8.0000000        0.31908735        0.04942135
     8.1000000        0.32714987        0.04612788
     8.2000000        0.33329978        0.03999396
     8.3000000        0.34314121        0.03532185
     8.4000000        0.35540426        0.03158964
     8.5000000        0.37154762        0.02899373
     8.6000000        0.39183707        0.02836380
     8.7000000        0.41433835        0.02740555
     8.8000000        0.44521657        0.03150362
     8.9000000        0.48156707        0.03719142
     9.0000000        0.52252782        0.04237483
     9.1000000        0.56988367        0.04803011
     9.2000000        0.62234948        0.05294799
     9.3000000        0.67988257        0.05498243
     9.4000000        0.74865296        0.05854287
     9.5000000        0.83128055        0.06281998
     9.6000000        0.93112480        0.06834288
     9.7000000        1.04938620        0.07145505
     9.8000000        1.19495536        0.07649668
     9.9000000        1.37273796        0.07817858
    10.0000000        1.59974943        0.07987848
