     0.0000000        1.23819652        0.01738213
     0.1000000        1.01134689        0.01495500
     0.2000000        0.83798584        0.01312923
     0.3000000        0.70236385        0.01272663
     0.4000000        0.59606562        0.01207998
     0.5000000        0.51106650        0.01179835
     0.6000000        0.44237453        0.01105868
     0.7000000        0.38616677        0.01001468
     0.8000000        0.33939900        0.00910288
     0.9000000        0.29922390        0.00837791
     1.0000000        0.26519450        0.00757011
     1.1000000        0.23830874        0.00784364
     1.2000000        0.21427365        0.00801310
     1.3000000        0.19358273        0.00777901
     1.4000000        0.17305734        0.00707839
     1.5000000        0.15613460        0.00640946
     1.6000000        0.14088650        0.00588987
     1.7000000        0.12829615        0.00504804
     1.8000000        0.11747123        0.00480089
     1.9000000        0.10918716        0.00513984
     2.0000000        0.09951335        0.00459023
     2.1000000        0.09103534        0.00400632
     2.2000000        0.08443984        0.00367190
     2.3000000        0.07811694        0.00333426
     2.4000000        0.07275020        0.00376735
     2.5000000        0.06751316        0.00402187
     2.6000000        0.06313493        0.00413937
     2.7000000        0.05827481        0.00453612
     2.8000000        0.05431931        0.00448486
     2.9000000        0.05137766        0.00423175
     3.0000000        0.04792630        0.00409218
     3.1000000        0.04428133        0.00377511
     3.2000000        0.04153375        0.00345802
     3.3000000        0.03826399        0.00360937
     3.4000000        0.03566545        0.00334104
     3.5000000        0.03309150        0.00335768
     3.6000000        0.03098528        0.00335849
     3.7000000        0.02795854        0.00368079
     3.8000000        0.02455896        0.00433049
     3.9000000        0.02151470        0.00465343
     4.0000000        0.01869128        0.00546569
     4.1000000        0.01749750        0.00489820
     4.2000000        0.01777215        0.00436371
     4.3000000        0.01698313        0.00457987
     4.4000000        0.01580919        0.00513272
     4.5000000        0.01480680        0.00618688
     4.6000000        0.01438347        0.00669605
     4.7000000        0.01485189        0.00648437
     4.8000000        0.01539128        0.00619651
     4.9000000        0.01583211        0.00551899
     5.0000000        0.01597814        0.00463453
     5.1000000        0.01673241        0.00400868
     5.2000000        0.01786184        0.00367348
     5.3000000        0.01829001        0.00321883
     5.4000000        0.01893773        0.00292950
     5.5000000        0.01943367        0.00293523
     5.6000000        0.02062394        0.00272501
     5.7000000        0.02162819        0.00262906
     5.8000000        0.02264642        0.00253837
     5.9000000        0.02340660        0.00171598
     6.0000000        0.02495086        0.00195692
     6.1000000        0.02697095        0.00173649
     6.2000000        0.02870894        0.00139760
     6.3000000        0.03023601        0.00091577
     6.4000000        0.03231647        0.00150584
     6.5000000        0.03443004        0.00218765
     6.6000000        0.03664734        0.00292832
     6.7000000        0.03907911        0.00314958
     6.8000000        0.04225712        0.00388441
     6.9000000        0.04584471        0.00465050
     7.0000000        0.04857761        0.00483243
     7.1000000        0.05185945        0.00483588
     7.2000000        0.05610492        0.00497498
     7.3000000        0.06045906        0.00460203
     7.4000000        0.06567495        0.00490098
     7.5000000        0.07111373        0.00525035
     7.6000000        0.07729927        0.00548994
     7.7000000        0.08439299        0.00584561
     7.8000000        0.09021853        0.00534252
     7.9000000        0.09539897        0.00492933
     8.0000000        0.10216928        0.00472113
     8.1000000        0.10971388        0.00471308
     8.2000000        0.11873039        0.00491318
     8.3000000        0.12958409        0.00589829
     8.4000000        0.14214578        0.00665075
     8.5000000        0.15661494        0.00659585
     8.6000000        0.17263227        0.00653655
     8.7000000        0.19113681        0.00647591
     8.8000000        0.21323299        0.00741507
     8.9000000        0.23905551        0.00828006
     9.0000000        0.26908390        0.00916524
     9.1000000        0.30260279        0.01057749
     9.2000000        0.34172216        0.01160162
     9.3000000        0.39095681        0.01305912
     9.4000000        0.45144858        0.01465155
     9.5000000        0.52314228        0.01541917
     9.6000000        0.60918777        0.01569094
     9.7000000        0.71774294        0.01638958
     9.8000000        0.85211552        0.01752996
     9.9000000        1.01906270        0.01669657
    10.0000000        1.23819652        0.01738213
