     0.0000000        0.61717973        0.05617424
     0.1000000        0.55153789        0.04975589
     0.2000000        0.42919233        0.03492537
     0.3000000        0.39772551        0.05536992
     0.4000000        0.34265974        0.02878379
     0.5000000        0.29467276        0.03868653
     0.6000000        0.27958221        0.04292422
     0.7000000        0.15894826        0.04422685
     0.8000000        0.12142716        0.12761405
     0.9000000        0.06233718        0.09510594
     1.0000000        0.07288744        0.07326338
     1.1000000       -0.01295367        0.13595383
     1.2000000       -0.13501833        0.16834915
     1.3000000        0.02031503        0.07232700
     1.4000000        0.08450456        0.04412641
     1.5000000        0.11459183        0.03105214
     1.6000000        0.04610203        0.04877040
     1.7000000        0.04264892        0.04790054
     1.8000000        0.05709432        0.07528985
     1.9000000        0.03541166        0.06900206
     2.0000000        0.10813499        0.14322307
     2.1000000       -0.01391742        0.05166670
     2.2000000       -0.03541790        0.02762128
     2.3000000       -0.09568031        0.06113897
     2.4000000       -0.18321684        0.17733876
     2.5000000       -0.10800834        0.06841302
     2.6000000       -0.12981584        0.15127578
     2.7000000        0.11077125        0.10316309
     2.8000000        0.42434351        0.47913326
     2.9000000        0.12437998        0.19196204
     3.0000000        0.04520470        0.06478865
     3.1000000       -0.11832714        0.08114161
     3.2000000        0.08546308        0.09297478
     3.3000000        0.08513655        0.06676006
     3.4000000        0.02469028        0.04463390
     3.5000000        0.06812655        0.09866446
     3.6000000       -0.00851675        0.10602317
     3.7000000        0.09832973        0.10743782
     3.8000000        0.04844921        0.05775383
     3.9000000       -0.08520739        0.20628800
     4.0000000        0.13808301        0.11044008
     4.1000000        0.04411182        0.09226175
     4.2000000       -0.03466237        0.06143205
     4.3000000       -0.05211589        0.06833248
     4.4000000       -0.01885319        0.04961138
     4.5000000       -0.04679867        0.05856607
     4.6000000       -0.06400214        0.06822651
     4.7000000       -0.09257482        0.12214690
     4.8000000       -0.05095724        0.02743119
     4.9000000        0.02205337        0.07076152
     5.0000000        0.17033911        0.10227623
     5.1000000        0.02438834        0.02686635
     5.2000000        0.01928380        0.20010010
     5.3000000       -0.04229148        0.06113955
     5.4000000       -0.01587541        0.14876668
     5.5000000       -0.01696472        0.03307362
     5.6000000        0.00990723        0.12629866
     5.7000000        0.28711259        0.40455683
     5.8000000       -0.18456212        0.11299827
     5.9000000       -0.19278852        0.12945955
     6.0000000        0.09368182        0.09717246
     6.1000000        0.06660449        0.02899172
     6.2000000        0.01979022        0.02916958
     6.3000000        0.22880529        0.10716676
     6.4000000        0.14071006        0.11573210
     6.5000000        0.20776198        0.14068460
     6.6000000        0.09652099        0.07008718
     6.7000000        0.06767285        0.09212990
     6.8000000        0.10436274        0.20189062
     6.9000000       -0.05649954        0.05988982
     7.0000000       -0.01940235        0.08875820
     7.1000000       -0.12187701        0.10202903
     7.2000000       -0.36658963        0.22533390
     7.3000000       -0.23151847        0.18045965
     7.4000000       -0.27344055        0.28207439
     7.5000000       -0.96160356        0.99441939
     7.6000000       -0.19963518        0.23009488
     7.7000000       -0.47985824        0.50753858
     7.8000000       -0.26918557        0.23723488
     7.9000000       -0.19105394        0.10439758
     8.0000000       -0.14185328        0.08668916
     8.1000000       -0.10840541        0.07961982
     8.2000000       -0.00778517        0.16308584
     8.3000000        0.07120759        0.12722925
     8.4000000        0.10076933        0.15126194
     8.5000000       -0.03370932        0.15315375
     8.6000000        0.29053362        0.34023631
     8.7000000        0.04664113        0.25692291
     8.8000000        0.18429510        0.34661522
     8.9000000        0.14291943        0.13618121
     9.0000000        0.01296196        0.18100639
     9.1000000        0.16206402        0.08823256
     9.2000000        0.18151258        0.10592137
     9.3000000        0.07618796        0.06348159
     9.4000000        0.19766720        0.05047859
     9.5000000        0.19909369        0.08382691
     9.6000000        0.28266497        0.12167272
     9.7000000        0.35885935        0.05664669
     9.8000000        0.33328055        0.08858625
     9.9000000        0.49260772        0.09091766
    10.0000000        0.61717973        0.05617424
