     0.0000000        0.22988107        0.00228757
     0.1000000        0.13227522        0.00187803
     0.2000000        0.07654980        0.00155092
     0.3000000        0.04478559        0.00123886
     0.4000000        0.02660079        0.00098090
     0.5000000        0.01608346        0.00080006
     0.6000000        0.00984466        0.00068731
     0.7000000        0.00614058        0.00063599
     0.8000000        0.00386673        0.00051007
     0.9000000        0.00257580        0.00039786
     1.0000000        0.00176072        0.00030836
     1.1000000        0.00106685        0.00029737
     1.2000000        0.00069911        0.00025188
     1.3000000        0.00039744        0.00021446
     1.4000000        0.00021098        0.00022161
     1.5000000        0.00024833        0.00022892
     1.6000000        0.00024583        0.00018557
     1.7000000        0.00014446        0.00015584
     1.8000000        0.00003458        0.00013092
     1.9000000        0.00002238        0.00008823
     2.0000000        0.00004338        0.00007667
     2.1000000        0.00003590        0.00011023
     2.2000000        0.00008613        0.00013474
     2.3000000        0.00008462        0.00010248
     2.4000000        0.00009205        0.00009714
     2.5000000        0.00002645        0.00007832
     2.6000000        0.00006657        0.00010939
     2.7000000        0.00007695        0.00012735
     2.8000000        0.00008013        0.00011245
     2.9000000        0.00006173        0.00009542
     3.0000000        0.00001164        0.00006724
     3.1000000       -0.00005264        0.00004281
     3.2000000       -0.00007193        0.00002924
     3.3000000       -0.00011038        0.00003335
     3.4000000       -0.00014480        0.00005544
     3.5000000       -0.00013028        0.00006683
     3.6000000       -0.00013607        0.00006129
     3.7000000       -0.00011817        0.00005464
     3.8000000       -0.00011687        0.00006233
     3.9000000       -0.00012777        0.00005999
     4.0000000       -0.00010616        0.00006381
     4.1000000       -0.00007162        0.00008034
     4.2000000       -0.00005781        0.00006655
     4.3000000       -0.00002943        0.00006698
     4.4000000       -0.00003439        0.00005864
     4.5000000       -0.00001157        0.00005419
     4.6000000       -0.00000431        0.00005172
     4.7000000        0.00002494        0.00005425
     4.8000000        0.00002823        0.00005266
     4.9000000        0.00003224        0.00006048
     5.0000000        0.00001374        0.00008373
     5.1000000        0.00005421        0.00009238
     5.2000000        0.00001195        0.00012066
     5.3000000       -0.00005794        0.00015354
     5.4000000       -0.00004702        0.00013088
     5.5000000       -0.00005854        0.00014242
     5.6000000        0.00001897        0.00011734
     5.7000000        0.00003978        0.00009196
     5.8000000        0.00002782        0.00008251
     5.9000000        0.00003816        0.00008321
     6.0000000       -0.00000143        0.00004961
     6.1000000       -0.00003860        0.00006934
     6.2000000       -0.00007116        0.00015529
     6.3000000       -0.00005810        0.00015737
     6.4000000       -0.00004089        0.00012495
     6.5000000       -0.00002066        0.00007411
     6.6000000        0.00003648        0.00009708
     6.7000000        0.00012013        0.00018138
     6.8000000        0.00023689        0.00026774
     6.9000000        0.00027392        0.00029148
     7.0000000        0.00030134        0.00028264
     7.1000000        0.00027542        0.00029864
     7.2000000        0.00021192        0.00029803
     7.3000000        0.00019643        0.00028308
     7.4000000       -0.00001603        0.00016733
     7.5000000       -0.00022915        0.00024442
     7.6000000       -0.00017391        0.00029236
     7.7000000        0.00028426        0.00043827
     7.8000000        0.00126078        0.00151274
     7.9000000        0.00127760        0.00157944
     8.0000000        0.00083863        0.00103710
     8.1000000        0.00048729        0.00057102
     8.2000000        0.00007199        0.00027628
     8.3000000       -0.00005217        0.00032174
     8.4000000       -0.00012236        0.00041119
     8.5000000       -0.00000134        0.00045288
     8.6000000       -0.00014835        0.00066597
     8.7000000       -0.00018955        0.00070746
     8.8000000       -0.00036845        0.00105634
     8.9000000       -0.00005210        0.00103151
     9.0000000        0.00029445        0.00102838
     9.1000000        0.00119138        0.00107958
     9.2000000        0.00274188        0.00106737
     9.3000000        0.00524939        0.00101615
     9.4000000        0.00970258        0.00085219
     9.5000000        0.01592038        0.00122903
     9.6000000        0.02738711        0.00109117
     9.7000000        0.04616457        0.00118950
     9.8000000        0.07734830        0.00171975
     9.9000000        0.13254635        0.00207994
    10.0000000        0.22988107        0.00228757
