     0.0000000        0.93375000        0.09130256
     0.0500000        0.89114583        0.08945405
     0.1000000        0.85531250        0.09022772
     0.1500000        0.82489583        0.09099817
     0.2000000        0.77885417        0.08885382
     0.2500000        0.75104167        0.08916130
     0.3000000        0.71697917        0.09060168
     0.3500000        0.67552083        0.09429647
     0.4000000        0.64947917        0.09561140
     0.4500000        0.63385417        0.09900010
     0.5000000        0.61489583        0.09948492
     0.5500000        0.60750000        0.10014323
     0.6000000        0.57875000        0.09811459
     0.6500000        0.55739583        0.09413611
     0.7000000        0.53833333        0.09572396
     0.7500000        0.53416667        0.10062195
     0.8000000        0.53458333        0.10257925
     0.8500000        0.51843750        0.10124829
     0.9000000        0.49645833        0.09794490
     0.9500000        0.47583333        0.09142896
     1.0000000        0.46510417        0.08847939
     1.0500000        0.46531250        0.08524593
     1.1000000        0.45437500        0.08484635
     1.1500000        0.43760417        0.08331854
     1.2000000        0.42406250        0.08313836
     1.2500000        0.40791667        0.08424515
     1.3000000        0.38604167        0.08741419
     1.3500000        0.35822917        0.08515671
     1.4000000        0.32562500        0.08344059
     1.4500000        0.31270833        0.08555646
     1.5000000        0.29947917        0.08215704
     1.5500000        0.29072917        0.07965665
     1.6000000        0.27864583        0.08464124
     1.6500000        0.27645833        0.08281493
     1.7000000        0.27885417        0.08210972
     1.7500000        0.26322917        0.08224831
     1.8000000        0.25187500        0.07684684
     1.8500000        0.24416667        0.07406499
     1.9000000        0.22604167        0.07540778
     1.9500000        0.21052083        0.07753273
     2.0000000        0.19447917        0.07940043
     2.0500000        0.17322917        0.07773217
     2.1000000        0.14479167        0.07650890
     2.1500000        0.11729167        0.07967454
     2.2000000        0.08739583        0.08264582
     2.2500000        0.07406250        0.08315358
     2.3000000        0.06822917        0.08380209
     2.3500000        0.08093750        0.08241295
     2.4000000        0.07135417        0.08785516
     2.4500000        0.06822917        0.09134419
     2.5000000        0.06437500        0.08503653
     2.5500000        0.06427083        0.08269862
     2.6000000        0.06760417        0.07626066
     2.6500000        0.06614583        0.07414326
     2.7000000        0.06291667        0.07592548
     2.7500000        0.04895833        0.07509409
     2.8000000        0.04218750        0.06919365
     2.8500000        0.03906250        0.06812197
     2.9000000        0.02510417        0.07209141
     2.9500000        0.02187500        0.07249421
     3.0000000        0.02822917        0.07361926
     3.0500000        0.02333333        0.07180727
     3.1000000        0.01083333        0.06722632
     3.1500000       -0.00125000        0.06871552
     3.2000000       -0.00270833        0.07336666
     3.2500000       -0.01364583        0.07598415
     3.3000000       -0.01864583        0.07099508
     3.3500000       -0.01812500        0.06757294
     3.4000000       -0.01989583        0.06827143
     3.4500000       -0.01468750        0.06911242
     3.5000000       -0.00677083        0.06971153
     3.5500000       -0.00395833        0.06906807
     3.6000000       -0.00906250        0.06742710
     3.6500000        0.00520833        0.06236573
     3.7000000        0.01218750        0.06076669
     3.7500000        0.02375000        0.06102326
     3.8000000        0.04250000        0.05887131
     3.8500000        0.04645833        0.05332606
     3.9000000        0.04875000        0.04417605
     3.9500000        0.04937500        0.04016447
     4.0000000        0.04781250        0.03757985
     4.0500000        0.05031250        0.03683365
     4.1000000        0.05312500        0.03751498
     4.1500000        0.05343750        0.03963910
     4.2000000        0.05552083        0.04604011
     4.2500000        0.06531250        0.04721017
     4.3000000        0.05656250        0.05192078
     4.3500000        0.03718750        0.05496879
     4.4000000        0.03291667        0.05895205
     4.4500000        0.02552083        0.06045528
     4.5000000        0.02812500        0.05926275
     4.5500000        0.02833333        0.05885186
     4.6000000        0.03072917        0.05922983
     4.6500000        0.04260417        0.05996264
     4.7000000        0.02927083        0.06364051
     4.7500000        0.04322917        0.06397504
     4.8000000        0.03375000        0.06141833
     4.8500000        0.02104167        0.06087958
     4.9000000        0.01593750        0.06201176
     4.9500000        0.02604167        0.06800922
     5.0000000        0.04937500        0.07606858
     5.0500000        0.04552083        0.07888516
     5.1000000        0.04479167        0.07538158
     5.1500000        0.04916667        0.07452594
     5.2000000        0.03906250        0.07231705
     5.2500000        0.03427083        0.07645379
     5.3000000        0.03062500        0.06921518
     5.3500000        0.02166667        0.06567422
     5.4000000        0.01229167        0.05984157
     5.4500000        0.00541667        0.05841204
     5.5000000        0.02010417        0.06051698
     5.5500000        0.01666667        0.06065124
     5.6000000        0.02302083        0.06368636
     5.6500000        0.03479167        0.06997967
     5.7000000        0.05583333        0.07985158
     5.7500000        0.06333333        0.07685235
     5.8000000        0.06479167        0.07706487
     5.8500000        0.07052083        0.07427238
     5.9000000        0.06687500        0.06700162
     5.9500000        0.05833333        0.06305402
     6.0000000        0.05229167        0.06241334
     6.0500000        0.05302083        0.06435561
     6.1000000        0.05333333        0.06638238
     6.1500000        0.05427083        0.06537449
     6.2000000        0.04687500        0.06434317
     6.2500000        0.03489583        0.06516319
     6.3000000        0.02854167        0.06323143
     6.3500000        0.02041667        0.05964542
     6.4000000        0.01375000        0.05399151
     6.4500000        0.02208333        0.05514522
     6.5000000        0.03447917        0.05488047
     6.5500000        0.03937500        0.05362035
     6.6000000        0.03562500        0.05102804
     6.6500000        0.03135417        0.04882807
     6.7000000        0.02625000        0.05071824
     6.7500000        0.02687500        0.05520470
     6.8000000        0.00760417        0.05774482
     6.8500000        0.01114583        0.06287706
     6.9000000        0.02447917        0.06758574
     6.9500000        0.04114583        0.06666116
     7.0000000        0.05302083        0.06391850
     7.0500000        0.04687500        0.06341754
     7.1000000        0.03916667        0.06378176
     7.1500000        0.02250000        0.06303162
     7.2000000        0.00343750        0.06493205
     7.2500000       -0.00593750        0.07118447
     7.3000000       -0.02322917        0.06808790
     7.3500000       -0.02583333        0.07115512
     7.4000000       -0.02552083        0.07352957
     7.4500000       -0.03500000        0.07472747
     7.5000000       -0.03802083        0.07690008
     7.5500000       -0.03687500        0.07969896
     7.6000000       -0.04906250        0.07879879
     7.6500000       -0.04166667        0.08181555
     7.7000000       -0.04489583        0.08575841
     7.7500000       -0.05270833        0.08920112
     7.8000000       -0.05562500        0.09022462
     7.8500000       -0.07447917        0.08824571
     7.9000000       -0.08531250        0.08611974
     7.9500000       -0.09812500        0.09014229
     8.0000000       -0.10843750        0.08782777
     8.0500000       -0.11239583        0.08439464
     8.1000000       -0.12510417        0.08046730
     8.1500000       -0.13958333        0.07938951
     8.2000000       -0.13760417        0.07818338
     8.2500000       -0.12833333        0.08321415
     8.3000000       -0.11364583        0.08582103
     8.3500000       -0.10572917        0.08296458
     8.4000000       -0.09854167        0.08294720
     8.4500000       -0.09802083        0.08243900
     8.5000000       -0.09760417        0.08115251
     8.5500000       -0.09375000        0.07798220
     8.6000000       -0.11354167        0.07558738
     8.6500000       -0.12510417        0.07461514
     8.7000000       -0.12562500        0.07473429
     8.7500000       -0.13739583        0.07649533
     8.8000000       -0.14916667        0.07867254
     8.8500000       -0.16916667        0.07702355
     8.9000000       -0.19135417        0.07342975
     8.9500000       -0.20020833        0.07108367
     9.0000000       -0.19916667        0.06848990
     9.0500000       -0.21937500        0.06654115
     9.1000000       -0.23677083        0.06469722
     9.1500000       -0.24468750        0.06937277
     9.2000000       -0.25989583        0.07663953
     9.2500000       -0.28177083        0.08765135
     9.3000000       -0.27739583        0.09246446
     9.3500000       -0.27489583        0.09524971
     9.4000000       -0.26354167        0.09257491
     9.4500000       -0.25291667        0.09281473
     9.5000000       -0.24677083        0.09061906
     9.5500000       -0.25468750        0.08772479
     9.6000000       -0.26937500        0.08825918
     9.6500000       -0.28114583        0.08737453
     9.7000000       -0.28479167        0.08266416
     9.7500000       -0.28093750        0.08018479
     9.8000000       -0.27614583        0.07436516
     9.8500000       -0.26000000        0.07006785
     9.9000000       -0.25041667        0.07078265
     9.9500000       -0.23364583        0.07036568
    10.0000000       -0.21697917        0.06491282
    10.0500000       -0.20697917        0.06586744
    10.1000000       -0.17854167        0.07022448
    10.1500000       -0.16260417        0.07282885
    10.2000000       -0.14666667        0.07252588
    10.2500000       -0.14406250        0.06978552
    10.3000000       -0.12208333        0.06771914
    10.3500000       -0.11239583        0.06439212
    10.4000000       -0.11416667        0.06684066
    10.4500000       -0.13031250        0.06694872
    10.5000000       -0.13354167        0.06834126
    10.5500000       -0.14552083        0.06325953
    10.6000000       -0.16072917        0.05724960
    10.6500000       -0.17520833        0.05810360
    10.7000000       -0.18281250        0.05871474
    10.7500000       -0.18312500        0.06009967
    10.8000000       -0.17541667        0.05971768
    10.8500000       -0.16218750        0.05733585
    10.9000000       -0.16520833        0.05724788
    10.9500000       -0.16812500        0.06081542
    11.0000000       -0.16104167        0.06187849
    11.0500000       -0.17510417        0.06245566
    11.1000000       -0.18270833        0.06798529
    11.1500000       -0.17322917        0.06884647
    11.2000000       -0.15322917        0.06666290
    11.2500000       -0.12770833        0.06936527
    11.3000000       -0.11645833        0.06792049
    11.3500000       -0.10666667        0.06870976
    11.4000000       -0.11000000        0.07145460
    11.4500000       -0.09635417        0.07269112
    11.5000000       -0.08885417        0.07341498
    11.5500000       -0.10062500        0.07702878
    11.6000000       -0.10531250        0.07818300
    11.6500000       -0.10177083        0.07572642
    11.7000000       -0.10645833        0.07554294
    11.7500000       -0.09552083        0.07330936
    11.8000000       -0.08614583        0.07211720
    11.8500000       -0.07968750        0.07043605
    11.9000000       -0.07427083        0.07130054
    11.9500000       -0.06843750        0.07010012
    12.0000000       -0.05895833        0.07013561
    12.0500000       -0.05760417        0.07055811
    12.1000000       -0.06541667        0.07256896
    12.1500000       -0.08302083        0.07652824
    12.2000000       -0.08145833        0.07347025
    12.2500000       -0.08062500        0.07002942
    12.3000000       -0.08406250        0.07105065
    12.3500000       -0.08989583        0.07709077
    12.4000000       -0.08854167        0.07904336
    12.4500000       -0.08843750        0.08462852
    12.5000000       -0.08791667        0.08620160
    12.5500000       -0.09197917        0.08542665
    12.6000000       -0.09218750        0.08716141
    12.6500000       -0.09968750        0.08622823
    12.7000000       -0.09968750        0.08329493
    12.7500000       -0.09958333        0.07688595
    12.8000000       -0.11010417        0.07156826
    12.8500000       -0.11447917        0.07261114
    12.9000000       -0.09937500        0.07535342
    12.9500000       -0.08770833        0.07504799
    13.0000000       -0.08947917        0.07355696
    13.0500000       -0.07677083        0.07545240
    13.1000000       -0.07270833        0.08058618
    13.1500000       -0.06885417        0.07861903
    13.2000000       -0.04802083        0.08185455
    13.2500000       -0.04125000        0.07842737
    13.3000000       -0.05593750        0.07928042
    13.3500000       -0.06760417        0.07682750
    13.4000000       -0.06052083        0.07939945
    13.4500000       -0.04864583        0.07842530
    13.5000000       -0.04812500        0.07549723
    13.5500000       -0.04583333        0.06955963
    13.6000000       -0.04833333        0.07039997
    13.6500000       -0.04135417        0.06996170
    13.7000000       -0.03354167        0.06980600
    13.7500000       -0.02260417        0.06873083
    13.8000000        0.00083333        0.07003455
    13.8500000        0.01635417        0.06549093
    13.9000000        0.01947917        0.06047472
    13.9500000        0.02531250        0.05700427
    14.0000000        0.03416667        0.05367399
    14.0500000        0.03072917        0.05291197
    14.1000000        0.02197917        0.05165381
    14.1500000        0.01864583        0.05382369
    14.2000000        0.01843750        0.05808277
    14.2500000        0.02083333        0.06030191
    14.3000000        0.01416667        0.06004805
    14.3500000        0.01229167        0.05662874
    14.4000000        0.01281250        0.05437191
    14.4500000        0.00927083        0.05324357
    14.5000000        0.00802083        0.05291929
    14.5500000        0.01552083        0.05425692
    14.6000000        0.02395833        0.05404262
    14.6500000        0.03010417        0.05771977
    14.7000000        0.02427083        0.05795665
    14.7500000        0.01500000        0.06079492
    14.8000000        0.02510417        0.06432791
    14.8500000        0.02593750        0.06251759
    14.9000000        0.03020833        0.06691471
    14.9500000        0.03197917        0.07346316
    15.0000000        0.02906250        0.07168358
    15.0500000        0.02718750        0.07052345
    15.1000000        0.02072917        0.06772812
    15.1500000        0.02864583        0.06222449
    15.2000000        0.03875000        0.06189939
    15.2500000        0.05416667        0.05939809
    15.3000000        0.06343750        0.06074757
    15.3500000        0.07572917        0.06492078
    15.4000000        0.08177083        0.06621119
    15.4500000        0.08270833        0.07025482
    15.5000000        0.10864583        0.07536986
    15.5500000        0.11989583        0.07987779
    15.6000000        0.13614583        0.08053659
    15.6500000        0.14093750        0.07372261
    15.7000000        0.15364583        0.07126866
    15.7500000        0.15552083        0.07180819
    15.8000000        0.16166667        0.06826365
    15.8500000        0.18239583        0.06889391
    15.9000000        0.17916667        0.07016166
    15.9500000        0.18760417        0.07142540
    16.0000000        0.20135417        0.07034971
    16.0500000        0.18791667        0.06938360
    16.1000000        0.19270833        0.06355023
    16.1500000        0.19854167        0.06016181
    16.2000000        0.19833333        0.05479803
    16.2500000        0.19822917        0.05274502
    16.3000000        0.18708333        0.05043338
    16.3500000        0.17187500        0.05061234
    16.4000000        0.15114583        0.05028495
    16.4500000        0.13302083        0.05240262
    16.5000000        0.12885417        0.05473911
    16.5500000        0.12572917        0.05821431
    16.6000000        0.15062500        0.05740841
    16.6500000        0.16145833        0.05666316
    16.7000000        0.18437500        0.05593715
    16.7500000        0.19885417        0.05584171
    16.8000000        0.21520833        0.05259162
    16.8500000        0.23000000        0.05350185
    16.9000000        0.23364583        0.04924834
    16.9500000        0.24916667        0.04827027
    17.0000000        0.24864583        0.04906867
    17.0500000        0.26145833        0.04825167
    17.1000000        0.27062500        0.04708729
    17.1500000        0.28239583        0.04405266
    17.2000000        0.28947917        0.04495448
    17.2500000        0.29052083        0.04648560
    17.3000000        0.29010417        0.04661403
    17.3500000        0.30635417        0.04481063
    17.4000000        0.32156250        0.04512212
    17.4500000        0.33312500        0.04526452
    17.5000000        0.35510417        0.04177631
    17.5500000        0.37614583        0.04763125
    17.6000000        0.39000000        0.05133723
    17.6500000        0.41010417        0.05357095
    17.7000000        0.42114583        0.05402031
    17.7500000        0.40687500        0.05301608
    17.8000000        0.41177083        0.05702496
    17.8500000        0.42437500        0.06160150
    17.9000000        0.43718750        0.06305725
    17.9500000        0.44666667        0.06422161
    18.0000000        0.45531250        0.06108800
    18.0500000        0.46520833        0.06156110
    18.1000000        0.46083333        0.05776916
    18.1500000        0.45208333        0.05823491
    18.2000000        0.44156250        0.06729540
    18.2500000        0.44354167        0.07122813
    18.3000000        0.44322917        0.07595747
    18.3500000        0.44062500        0.07431236
    18.4000000        0.43562500        0.07237405
    18.4500000        0.43270833        0.06915514
    18.5000000        0.42833333        0.07198921
    18.5500000        0.42437500        0.07213242
    18.6000000        0.43218750        0.07072458
    18.6500000        0.44260417        0.07106235
    18.7000000        0.46322917        0.06965371
    18.7500000        0.47864583        0.06750678
    18.8000000        0.48989583        0.07072902
    18.8500000        0.51697917        0.07733027
    18.9000000        0.53208333        0.08229867
    18.9500000        0.55822917        0.08387895
    19.0000000        0.58333333        0.08070204
    19.0500000        0.58895833        0.08373139
    19.1000000        0.59312500        0.08356322
    19.1500000        0.61062500        0.07794154
    19.2000000        0.62687500        0.08000977
    19.2500000        0.63083333        0.07875358
    19.3000000        0.62458333        0.07774925
    19.3500000        0.63062500        0.07086419
    19.4000000        0.63885417        0.06667162
    19.4500000        0.64593750        0.06508916
    19.5000000        0.66833333        0.06182995
    19.5500000        0.68093750        0.06008842
    19.6000000        0.69312500        0.06236111
    19.6500000        0.69979167        0.06752560
    19.7000000        0.71812500        0.07284995
    19.7500000        0.74104167        0.07917427
    19.8000000        0.77333333        0.08027560
    19.8500000        0.80916667        0.08590478
    19.9000000        0.85145833        0.08634537
    19.9500000        0.89510417        0.09181501
    20.0000000        0.93375000        0.09130256
