   -1.000000      0.000000
  1    1       -0.00451418        0.00071237       -0.00000000        0.00000000
  1    2       -0.00300867        0.00072920       -0.00000000        0.00000000
  2    1       -0.00306573        0.00046314       -0.00000000        0.00000000
  2    2       -0.00415216        0.00059507       -0.00000000        0.00000000
   -0.500000      0.866025
  1    1       -0.00415417        0.00069996       -0.00000000        0.00000000
  1    2       -0.06421943        0.00127317       -0.00000000        0.00000000
  2    1       -0.00317327        0.00060842       -0.00000000        0.00000000
  2    2       -0.00404143        0.00059221       -0.00000000        0.00000000
    0.000000      1.732051
  1    1       -0.00240349        0.00065376        0.00000000        0.00000000
  1    2       -0.00291179        0.00065487        0.00000000        0.00000000
  2    1       -0.00321021        0.00075964        0.00000000        0.00000000
  2    2       -0.00228282        0.00067250        0.00000000        0.00000000
   -0.500000     -0.866025
  1    1       -0.00424668        0.00062570       -0.00000000        0.00000000
  1    2       -0.00295722        0.00056945       -0.00000000        0.00000000
  2    1       -0.06509872        0.00103937       -0.00000000        0.00000000
  2    2       -0.00449962        0.00094815       -0.00000000        0.00000000
    0.000000      0.000000
  1    1        0.25327993        0.00195540        0.00000000        0.00000000
  1    2       -0.06430030        0.00090623        0.00000000        0.00000000
  2    1       -0.06430030        0.00090623        0.00000000        0.00000000
  2    2        0.25246131        0.00234267        0.00000000        0.00000000
    0.500000      0.866025
  1    1       -0.00424668        0.00062570        0.00000000        0.00000000
  1    2       -0.06509872        0.00103937       -0.00000000        0.00000000
  2    1       -0.00295722        0.00056945       -0.00000000        0.00000000
  2    2       -0.00449962        0.00094815       -0.00000000        0.00000000
    0.500000     -0.866025
  1    1       -0.00415417        0.00069996       -0.00000000        0.00000000
  1    2       -0.00317327        0.00060842       -0.00000000        0.00000000
  2    1       -0.06421943        0.00127317       -0.00000000        0.00000000
  2    2       -0.00404143        0.00059221       -0.00000000        0.00000000
    1.000000      0.000000
  1    1       -0.00451418        0.00071237       -0.00000000        0.00000000
  1    2       -0.00306573        0.00046314       -0.00000000        0.00000000
  2    1       -0.00300867        0.00072920       -0.00000000        0.00000000
  2    2       -0.00415216        0.00059507       -0.00000000        0.00000000
    1.500000      0.866025
  1    1       -0.00240349        0.00065376        0.00000000        0.00000000
  1    2       -0.00321021        0.00075964        0.00000000        0.00000000
  2    1       -0.00291179        0.00065487        0.00000000        0.00000000
  2    2       -0.00228282        0.00067250        0.00000000        0.00000000
