   1.0000000000000000                2           9
 (  1.0000000000000000     ,  5.3360661738486280E-004)
 (  1.0000000000000000     , -2.7700931291870499E-003)
  -2.0943951023931953       -1.2091995761561449     
 ( 0.25603639057450678     ,  4.9343245538895848E-016)
 ( -8.9111577222125343E-002, -5.6574260595597101E-002)
 ( -8.9111577222125149E-002,  5.6574260595598384E-002)
 ( 0.25178114214208136     , -1.9737298215558337E-016)
  -2.0943951023931953        1.2091995761561449     
 ( 0.25638867988755137     , -4.9343245538895848E-016)
 ( -9.0655369108889064E-002,  5.2586562304040067E-002)
 ( -9.0655369108889064E-002, -5.2586562304040955E-002)
 ( 0.25500407328965935     , -1.8750433304780422E-015)
   0.0000000000000000       -2.4183991523122899     
 ( 0.25420927837311907     ,  1.1842378929335002E-015)
 (  2.0972339594297219E-003,-0.10933593760399320     )
 (  2.0972339594297219E-003, 0.10933593760399428     )
 ( 0.25826461022969177     ,  1.2829243840112920E-015)
   0.0000000000000000        0.0000000000000000     
 (  9.2261851211033790     ,  9.6049191129368699E-003)
 (  8.7942186439863654     , -2.0128378606208194E-002)
 (  8.7942186439863637     , -2.0128378606208176E-002)
 (  9.2070837109047172     , -4.9861676325356444E-002)
   0.0000000000000000        2.4183991523122899     
 ( 0.25420927837311907     , -1.1842378929335002E-015)
 (  2.0972339594293268E-003, 0.10933593760399279     )
 (  2.0972339594301165E-003,-0.10933593760399507     )
 ( 0.25826461022969155     , -8.8817841970012523E-016)
   2.0943951023931953       -1.2091995761561449     
 ( 0.25638867988755121     ,  2.9605947323337506E-016)
 ( -9.0655369108889064E-002, -5.2586562304040463E-002)
 ( -9.0655369108888870E-002,  5.2586562304041545E-002)
 ( 0.25500407328965935     , -2.9605947323337506E-016)
   2.0943951023931953        1.2091995761561449     
 ( 0.25603639057450661     , -1.0855514018557087E-015)
 ( -8.9111577222125149E-002,  5.6574260595597399E-002)
 ( -8.9111577222125149E-002, -5.6574260595597989E-002)
 ( 0.25178114214208119     , -1.1842378929335002E-015)
   2.0943951023931953        3.6275987284684348     
 ( 0.26501505157465899     ,  2.8449465006019636E-015)
 (  4.7369723620999732E-003,  1.5722412433812447E-005)
 (  4.7369723620995785E-003, -1.5722412427533903E-005)
 ( 0.26675749880986133     ,  2.2582244716160303E-015)
   4.1887902047863905        0.0000000000000000     
 ( 0.26501505157465982     , -4.1074396970073065E-016)
 (  4.7369723621005656E-003, -1.5722412430526881E-005)
 (  4.7369723621003678E-003,  1.5722412430592028E-005)
 ( 0.26675749880986210     , -9.2518585385429707E-018)
   1.0000000000000000                2           9
 ( 0.99999999999999989     , -1.7041246498527443E-003)
 (  1.0000000000000002     ,  1.2810329600338122E-004)
  -2.0943951023931953       -1.2091995761561449     
 ( 0.25738224989894348     ,  7.8949192862233350E-016)
 ( -8.9532674729634609E-002, -5.4945132913864922E-002)
 ( -8.9532674729634804E-002,  5.4945132913865907E-002)
 ( 0.25743860310709032     ,  1.1842378929335002E-015)
  -2.0943951023931953        1.2091995761561449     
 ( 0.25702129539582536     , -9.8686491077791697E-016)
 ( -9.5949556515577877E-002,  5.4758789276832372E-002)
 ( -9.5949556515578474E-002, -5.4758789276834051E-002)
 ( 0.25430465728780444     , -7.8949192862233350E-016)
   0.0000000000000000       -2.4183991523122899     
 ( 0.25774748116098412     ,  1.4802973661668755E-015)
 (  2.1077902249372706E-003,-0.11052618173282852     )
 (  2.1077902249377642E-003, 0.11052618173283119     )
 ( 0.25584947888386672     ,  1.6776703483224587E-015)
   0.0000000000000000        0.0000000000000000     
 (  9.2514289454352649     , -3.0674243697356298E-002)
 (  8.7631996635333298     , -1.4184192184655033E-002)
 (  8.7631996635333298     , -1.4184192184655026E-002)
 (  9.2420864477821532     ,  2.3058593280501499E-003)
   0.0000000000000000        2.4183991523122899     
 ( 0.25774748116098389     , -8.8817841970012523E-016)
 (  2.1077902249374680E-003, 0.11052618173282891     )
 (  2.1077902249375668E-003,-0.11052618173283098     )
 ( 0.25584947888386672     , -8.8817841970012523E-016)
   2.0943951023931953       -1.2091995761561449     
 ( 0.25702129539582519     ,  1.9737298215558337E-016)
 ( -9.5949556515578474E-002, -5.4758789276833163E-002)
 ( -9.5949556515577877E-002,  5.4758789276834051E-002)
 ( 0.25430465728780444     ,  7.8949192862233350E-016)
   2.0943951023931953        1.2091995761561449     
 ( 0.25738224989894348     , -1.1842378929335002E-015)
 ( -8.9532674729634609E-002,  5.4945132913864728E-002)
 ( -8.9532674729634998E-002, -5.4945132913865907E-002)
 ( 0.25743860310709032     , -1.9737298215558337E-016)
   2.0943951023931953        3.6275987284684348     
 ( 0.27030545873661410     ,  2.5697037090803101E-015)
 (  1.1098203808796509E-005,  5.8654198985319170E-004)
 (  1.1098203809191255E-005, -5.8654198984688837E-004)
 ( 0.26445361870661543     ,  3.3238265534980057E-015)
   4.1887902047863905        0.0000000000000000     
 ( 0.27030545873661488     ,  4.9535992591782156E-016)
 (  1.1098203809783374E-005, -5.8654198984964094E-004)
 (  1.1098203809586002E-005,  5.8654198985032963E-004)
 ( 0.26445361870661621     ,  6.5895398705507876E-016)
   1.0000000000000000                2           9
 (  1.0000000000000002     ,  2.2429216339558606E-003)
 ( 0.99999999999999978     , -2.1735222024973893E-003)
  -2.0943951023931953       -1.2091995761561449     
 ( 0.25319019177580288     ,  1.2829243840112920E-015)
 ( -9.1864039865166350E-002, -5.5032556061378517E-002)
 ( -9.1864039865166738E-002,  5.5032556061379606E-002)
 ( 0.25685566821157113     ,  9.8686491077791697E-016)
  -2.0943951023931953        1.2091995761561449     
 ( 0.25813159670112501     , -1.9737298215558337E-016)
 ( -9.5671863523505929E-002,  5.0278760775478562E-002)
 ( -9.5671863523505818E-002, -5.0278760775478958E-002)
 ( 0.24992486875926742     , -6.9080543754454186E-016)
   0.0000000000000000       -2.4183991523122899     
 ( 0.25525080651968374     ,  2.1711028037114174E-015)
 (  4.5632799209741988E-003,-0.11289740969851191     )
 (  4.5632799209743957E-003, 0.11289740969851428     )
 ( 0.25531184225801556     ,  5.9211894646675012E-016)
   0.0000000000000000        0.0000000000000000     
 (  9.2154442950684992     ,  4.0372589411204217E-002)
 (  8.8017739154023928     ,  6.2459488312265044E-004)
 (  8.8017739154023911     ,  6.2459488312263764E-004)
 (  9.2000552863754272     , -3.9123399644953892E-002)
   0.0000000000000000        2.4183991523122899     
 ( 0.25525080651968390     ,  0.0000000000000000     )
 (  4.5632799209743957E-003, 0.11289740969851191     )
 (  4.5632799209741988E-003,-0.11289740969851447     )
 ( 0.25531184225801556     , -1.9737298215558337E-016)
   2.0943951023931953       -1.2091995761561449     
 ( 0.25813159670112523     ,  1.1842378929335002E-015)
 ( -9.5671863523506123E-002, -5.0278760775478167E-002)
 ( -9.5671863523505818E-002,  5.0278760775478562E-002)
 ( 0.24992486875926723     ,  4.9343245538895848E-016)
   2.0943951023931953        1.2091995761561449     
 ( 0.25319019177580265     , -4.9343245538895848E-016)
 ( -9.1864039865166947E-002,  5.5032556061377927E-002)
 ( -9.1864039865166350E-002, -5.5032556061379995E-002)
 ( 0.25685566821157096     , -9.8686491077791697E-016)
   2.0943951023931953        3.6275987284684348     
 ( 0.26169198232665358     ,  2.8912057932946786E-015)
 (  1.0707622971874997E-003, -2.7505832006426536E-003)
 (  1.0707622971869075E-003,  2.7505832006483222E-003)
 ( 0.26280882050833426     ,  3.8842386097649577E-015)
   4.1887902047863905        0.0000000000000000     
 ( 0.26169198232665419     ,  3.2844097811827549E-016)
 (  1.0707622971878944E-003,  2.7505832006460996E-003)
 (  1.0707622971880919E-003, -2.7505832006451659E-003)
 ( 0.26280882050833526     ,  2.3592239273284576E-016)
   1.0000000000000000                2           9
 (  1.0000000000000000     ,  4.3185207112042849E-003)
 (  1.0000000000000000     , -4.1292251648471223E-003)
  -2.0943951023931953       -1.2091995761561449     
 ( 0.25441342778291609     , -3.9474596431116675E-016)
 ( -9.6825896605224171E-002, -5.2167233686622003E-002)
 ( -9.6825896605222991E-002,  5.2167233686622891E-002)
 ( 0.25417302660305086     ,  9.8686491077791687E-017)
  -2.0943951023931953        1.2091995761561449     
 ( 0.25117858020904332     , -6.9080543754454186E-016)
 ( -8.9475094641760691E-002,  5.5209820497455472E-002)
 ( -8.9475094641761482E-002, -5.5209820497456166E-002)
 ( 0.25313273968366956     , -4.9343245538895848E-016)
   0.0000000000000000       -2.4183991523122899     
 ( 0.25479932999536448     ,  1.0855514018557087E-015)
 (  2.5794293774857500E-003,-0.11090121897764978     )
 (  2.5794293774851576E-003, 0.11090121897765244     )
 ( 0.25411028606612263     ,  1.9737298215558339E-015)
   0.0000000000000000        0.0000000000000000     
 (  9.2377069530361826     ,  7.7733372801673209E-002)
 (  8.7835645713935033     ,  1.7036599172087798E-003)
 (  8.7835645713935051     ,  1.7036599172087804E-003)
 (  9.2166489042025930     , -7.4326052967257000E-002)
   0.0000000000000000        2.4183991523122899     
 ( 0.25479932999536448     , -8.8817841970012523E-016)
 (  2.5794293774853549E-003, 0.11090121897765018     )
 (  2.5794293774855526E-003,-0.11090121897765186     )
 ( 0.25411028606612240     ,  1.9737298215558337E-016)
   2.0943951023931953       -1.2091995761561449     
 ( 0.25117858020904354     ,  2.9605947323337506E-016)
 ( -8.9475094641760899E-002, -5.5209820497454883E-002)
 ( -8.9475094641761482E-002,  5.5209820497456562E-002)
 ( 0.25313273968366939     , -9.8686491077791687E-017)
   2.0943951023931953        1.2091995761561449     
 ( 0.25441342778291609     , -1.3816108750890837E-015)
 ( -9.6825896605223186E-002,  5.2167233686621711E-002)
 ( -9.6825896605223782E-002, -5.2167233686623286E-002)
 ( 0.25417302660305108     , -1.2829243840112920E-015)
   2.0943951023931953        3.6275987284684348     
 ( 0.26060520853312208     ,  3.4231876592608992E-015)
 (  2.8980958890360381E-004, -2.8919258402083708E-003)
 (  2.8980958890399851E-004,  2.8919258402141188E-003)
 ( 0.26059274694455781     ,  2.9205033453333981E-015)
   4.1887902047863905        0.0000000000000000     
 ( 0.26060520853312291     , -1.2952601953960160E-016)
 (  2.8980958890478803E-004,  2.8919258402117422E-003)
 (  2.8980958890439327E-004, -2.8919258402109230E-003)
 ( 0.26059274694455858     , -3.3460888381063745E-016)
   1.0000000000000000                2           9
 (  1.0000000000000000     , -5.0393125068981656E-004)
 (  1.0000000000000002     , -2.0525659607624211E-005)
  -2.0943951023931953       -1.2091995761561449     
 ( 0.25418046767591373     ,  1.9737298215558337E-016)
 ( -9.2084504002145628E-002, -5.4387419811207316E-002)
 ( -9.2084504002145531E-002,  5.4387419811208600E-002)
 ( 0.23180841372935757     , -9.8686491077791687E-017)
  -2.0943951023931953        1.2091995761561449     
 ( 0.25204984382525591     , -3.9474596431116675E-016)
 ( -8.9018402141091066E-002,  5.0272364215336353E-002)
 ( -8.9018402141090969E-002, -5.0272364215337539E-002)
 ( 0.22946121181225937     , -7.8949192862233350E-016)
   0.0000000000000000       -2.4183991523122899     
 ( 0.24679111892553371     ,  4.9343245538895848E-016)
 ( -6.6626597930254444E-003,-0.10341368775902628     )
 ( -6.6626597930252475E-003, 0.10341368775902834     )
 ( 0.24025950909511767     ,  9.8686491077791687E-017)
   0.0000000000000000        0.0000000000000000     
 (  9.2039473082012080     , -9.0707625124074043E-003)
 (  8.8184665108015245     , -4.7201121926672097E-003)
 (  8.8184665108015245     , -4.7201121926672262E-003)
 (  9.1690399034139105     , -3.6946187292620996E-004)
   0.0000000000000000        2.4183991523122899     
 ( 0.24679111892553371     , -1.6776703483224587E-015)
 ( -6.6626597930248520E-003, 0.10341368775902608     )
 ( -6.6626597930258390E-003,-0.10341368775902834     )
 ( 0.24025950909511767     , -2.6645352591003757E-015)
   2.0943951023931953       -1.2091995761561449     
 ( 0.25204984382525591     ,  9.8686491077791697E-016)
 ( -8.9018402141091260E-002, -5.0272364215336159E-002)
 ( -8.9018402141090761E-002,  5.0272364215337345E-002)
 ( 0.22946121181225937     ,  5.9211894646675012E-016)
   2.0943951023931953        1.2091995761561449     
 ( 0.25418046767591373     , -1.1842378929335002E-015)
 ( -9.2084504002145434E-002,  5.4387419811207614E-002)
 ( -9.2084504002145129E-002, -5.4387419811208398E-002)
 ( 0.23180841372935757     , -1.4802973661668755E-015)
   2.0943951023931953        3.6275987284684348     
 ( 0.25579263418617093     ,  3.2071182129753438E-015)
 ( -1.0060961744429164E-003,  2.3746652230328077E-003)
 ( -1.0060961744425218E-003, -2.3746652230257183E-003)
 ( 0.23677684078550876     ,  1.5011260945694026E-015)
   4.1887902047863905        0.0000000000000000     
 ( 0.25579263418617149     ,  2.5018567464643286E-016)
 ( -1.0060961744421269E-003, -2.3746652230290555E-003)
 ( -1.0060961744421269E-003,  2.3746652230296306E-003)
 ( 0.23677684078550934     ,  4.2139324437269937E-016)
   1.0000000000000000                2           9
 (  1.0000000000000000     ,  3.6111775790419235E-003)
 ( 0.99999999999999978     , -4.5907011153013232E-003)
  -2.0943951023931953       -1.2091995761561449     
 ( 0.26572162403617156     ,  1.9737298215558337E-016)
 ( -9.3471793568007736E-002, -5.9063350476680557E-002)
 ( -9.3471793568007638E-002,  5.9063350476681445E-002)
 ( 0.26485791141407389     ,  0.0000000000000000     )
  -2.0943951023931953        1.2091995761561449     
 ( 0.26179440652659497     , -7.8949192862233350E-016)
 ( -9.3918304580872622E-002,  5.1686113255009346E-002)
 ( -9.3918304580873108E-002, -5.1686113255009637E-002)
 ( 0.25584643914398492     , -1.0855514018557087E-015)
   0.0000000000000000       -2.4183991523122899     
 ( 0.25721435974848639     ,  1.1842378929335002E-015)
 (  5.7826647924254081E-003,-0.11062081439197542     )
 (  5.7826647924246188E-003, 0.11062081439197760     )
 ( 0.25552133012691364     ,  1.6776703483224587E-015)
   0.0000000000000000        0.0000000000000000     
 (  9.2381872227942576     ,  6.5001196422752025E-002)
 (  8.7771229383215719     , -8.8157118263333320E-003)
 (  8.7771229383215701     , -8.8157118263333181E-003)
 (  9.2300827510471315     , -8.2632620075420438E-002)
   0.0000000000000000        2.4183991523122899     
 ( 0.25721435974848639     , -9.8686491077791697E-016)
 (  5.7826647924252112E-003, 0.11062081439197523     )
 (  5.7826647924248166E-003,-0.11062081439197799     )
 ( 0.25552133012691364     , -8.8817841970012523E-016)
   2.0943951023931953       -1.2091995761561449     
 ( 0.26179440652659497     ,  3.9474596431116675E-016)
 ( -9.3918304580873607E-002, -5.1686113255008354E-002)
 ( -9.3918304580872525E-002,  5.1686113255010428E-002)
 ( 0.25584643914398469     ,  9.8686491077791687E-017)
   2.0943951023931953        1.2091995761561449     
 ( 0.26572162403617156     , -5.9211894646675012E-016)
 ( -9.3471793568007930E-002,  5.9063350476680355E-002)
 ( -9.3471793568007236E-002, -5.9063350476681840E-002)
 ( 0.26485791141407389     , -1.1842378929335002E-015)
   2.0943951023931953        3.6275987284684348     
 ( 0.26480496256231423     ,  3.3707604608758225E-015)
 (  1.2566009568456672E-003,  8.1945894399333461E-005)
 (  1.2566009568450750E-003, -8.1945894393426158E-005)
 ( 0.25866391174539632     ,  2.2543695305583042E-015)
   4.1887902047863905        0.0000000000000000     
 ( 0.26480496256231500     ,  1.1719020815487764E-016)
 (  1.2566009568456672E-003, -8.1945894396348394E-005)
 (  1.2566009568466541E-003,  8.1945894396144659E-005)
 ( 0.25866391174539710     , -2.0970879354030734E-016)
   1.0000000000000000                2           9
 ( 0.99999999999999989     ,  2.4912411847919009E-003)
 ( 0.99999999999999989     , -1.4657792441810150E-003)
  -2.0943951023931953       -1.2091995761561449     
 ( 0.25260541856095958     , -3.9474596431116675E-016)
 ( -8.8637284852797746E-002, -5.6130014191060437E-002)
 ( -8.8637284852798343E-002,  5.6130014191061325E-002)
 ( 0.25375521982370497     ,  1.4802973661668755E-015)
  -2.0943951023931953        1.2091995761561449     
 ( 0.25070246914055705     ,  2.9605947323337506E-016)
 ( -9.6225151239718087E-002,  4.8907094183053862E-002)
 ( -9.6225151239717699E-002, -4.8907094183055437E-002)
 ( 0.25378365574829254     ,  7.8949192862233350E-016)
   0.0000000000000000       -2.4183991523122899     
 ( 0.24533826128524922     ,  1.3816108750890837E-015)
 ( -4.4082818844716582E-003, -9.6671206615625171E-002)
 ( -4.4082818844721518E-003,  9.6671206615627947E-002)
 ( 0.24022456579782800     ,  1.8750433304780422E-015)
   0.0000000000000000        0.0000000000000000     
 (  9.2088349295492247     ,  4.4842341326253081E-002)
 (  8.7957533505982699     ,  9.2291574654939455E-003)
 (  8.7957533505982681     ,  9.2291574654939420E-003)
 (  9.2177281153826520     , -2.6384026395262477E-002)
   0.0000000000000000        2.4183991523122899     
 ( 0.24533826128524941     , -1.9737298215558337E-016)
 ( -4.4082818844722498E-003,  9.6671206615625380E-002)
 ( -4.4082818844715594E-003, -9.6671206615627545E-002)
 ( 0.24022456579782800     , -6.9080543754454186E-016)
   2.0943951023931953       -1.2091995761561449     
 ( 0.25070246914055683     ,  1.2829243840112920E-015)
 ( -9.6225151239718087E-002, -4.8907094183054646E-002)
 ( -9.6225151239717893E-002,  4.8907094183055042E-002)
 ( 0.25378365574829254     ,  1.3816108750890837E-015)
   2.0943951023931953        1.2091995761561449     
 ( 0.25260541856095980     , -7.8949192862233350E-016)
 ( -8.8637284852798148E-002,  5.6130014191060437E-002)
 ( -8.8637284852797940E-002, -5.6130014191061527E-002)
 ( 0.25375521982370497     , -2.9605947323337506E-016)
   2.0943951023931953        3.6275987284684348     
 ( 0.25943817145044673     ,  3.7878650833218016E-015)
 ( -2.5745795633296512E-003, -3.3199423033798384E-003)
 ( -2.5745795633300458E-003,  3.3199423033858427E-003)
 ( 0.26096473715353447     ,  2.8526563827174159E-015)
   4.1887902047863905        0.0000000000000000     
 ( 0.25943817145044729     ,  3.3615086023372794E-016)
 ( -2.5745795633290592E-003,  3.3199423033832497E-003)
 ( -2.5745795633292565E-003, -3.3199423033823732E-003)
 ( 0.26096473715353546     ,  5.8363807613975245E-016)
   1.0000000000000000                2           9
 (  1.0000000000000000     ,  2.2993389077494869E-003)
 (  1.0000000000000000     ,  1.4293288530439587E-004)
  -2.0943951023931953       -1.2091995761561449     
 ( 0.25025733406412809     ,  3.9474596431116675E-016)
 ( -9.0161934499906352E-002, -5.3091193910093835E-002)
 ( -9.0161934499906948E-002,  5.3091193910094918E-002)
 ( 0.25331775593687866     ,  7.8949192862233350E-016)
  -2.0943951023931953        1.2091995761561449     
 ( 0.25157782854279592     , -9.8686491077791687E-017)
 ( -8.8980702838594328E-002,  5.1267551963651056E-002)
 ( -8.8980702838594120E-002, -5.1267551963651355E-002)
 ( 0.24863600681103637     , -4.9343245538895848E-016)
   0.0000000000000000       -2.4183991523122899     
 ( 0.24999545083986399     ,  1.2829243840112920E-015)
 (  2.8211933206149847E-003,-0.10645563599581059     )
 (  2.8211933206150836E-003, 0.10645563599581326     )
 ( 0.25867636469509186     ,  1.1842378929335002E-015)
   0.0000000000000000        0.0000000000000000     
 (  9.2098351873630531     ,  4.1388100339493375E-002)
 (  8.7896096801088461     ,  2.1980446137487578E-002)
 (  8.7896096801088461     ,  2.1980446137487581E-002)
 (  9.2288746848646905     ,  2.5727919354816501E-003)
   0.0000000000000000        2.4183991523122899     
 ( 0.24999545083986399     , -8.8817841970012523E-016)
 (  2.8211933206149847E-003, 0.10645563599581100     )
 (  2.8211933206150836E-003,-0.10645563599581268     )
 ( 0.25867636469509186     , -1.3816108750890837E-015)
   2.0943951023931953       -1.2091995761561449     
 ( 0.25157782854279609     ,  6.9080543754454186E-016)
 ( -8.8980702838594328E-002, -5.1267551963650661E-002)
 ( -8.8980702838593731E-002,  5.1267551963651944E-002)
 ( 0.24863600681103637     , -6.9080543754454186E-016)
   2.0943951023931953        1.2091995761561449     
 ( 0.25025733406412826     , -9.8686491077791697E-016)
 ( -9.0161934499906754E-002,  5.3091193910094328E-002)
 ( -9.0161934499906560E-002, -5.3091193910094328E-002)
 ( 0.25331775593687866     , -3.9474596431116675E-016)
   2.0943951023931953        3.6275987284684348     
 ( 0.25157101248484409     ,  2.9999151311225583E-015)
 (  2.8357411503038398E-003,  2.9865467404763951E-004)
 (  2.8357411503038398E-003, -2.9865467404098820E-004)
 ( 0.25794404928072279     ,  3.0372116858560596E-015)
   4.1887902047863905        0.0000000000000000     
 ( 0.25157101248484487     ,  1.4186183092432555E-016)
 (  2.8357411503046295E-003, -2.9865467404415001E-004)
 (  2.8357411503042349E-003,  2.9865467404458987E-004)
 ( 0.25794404928072356     ,  3.7426658994199613E-016)
   1.0000000000000000                2           9
 ( 0.99999999999999978     ,  2.1069331276400809E-003)
 (  1.0000000000000002     , -6.8281156127316224E-004)
  -2.0943951023931953       -1.2091995761561449     
 ( 0.25971006806919106     ,  3.9474596431116675E-016)
 ( -9.2622384503753319E-002, -5.4674944383244037E-002)
 ( -9.2622384503753416E-002,  5.4674944383245522E-002)
 ( 0.25717259673209125     ,  7.8949192862233350E-016)
  -2.0943951023931953        1.2091995761561449     
 ( 0.25382516703660241     , -1.9737298215558337E-016)
 ( -9.1428620537365501E-002,  5.4879136812505301E-002)
 ( -9.1428620537365612E-002, -5.4879136812505495E-002)
 ( 0.25532413535461157     , -8.8817841970012523E-016)
   0.0000000000000000       -2.4183991523122899     
 ( 0.26205672436943395     ,  9.8686491077791687E-017)
 ( -3.3614127542173199E-003,-0.11237893355566718     )
 ( -3.3614127542167280E-003, 0.11237893355566965     )
 ( 0.26267149496250919     ,  1.0855514018557087E-015)
   0.0000000000000000        0.0000000000000000     
 (  9.2252188223799259     ,  3.7924796297516807E-002)
 (  8.7862961927373604     ,  1.2817094097296179E-002)
 (  8.7862961927373622     ,  1.2817094097296165E-002)
 (  9.2296630072695436     , -1.2290608102922325E-002)
   0.0000000000000000        2.4183991523122899     
 ( 0.26205672436943395     , -1.2829243840112920E-015)
 ( -3.3614127542171226E-003, 0.11237893355566718     )
 ( -3.3614127542169253E-003,-0.11237893355566965     )
 ( 0.26267149496250941     , -1.0855514018557087E-015)
   2.0943951023931953       -1.2091995761561449     
 ( 0.25382516703660257     ,  1.9737298215558337E-016)
 ( -9.1428620537365710E-002, -5.4879136812505301E-002)
 ( -9.1428620537365807E-002,  5.4879136812505891E-002)
 ( 0.25532413535461174     , -4.9343245538895848E-016)
   2.0943951023931953        1.2091995761561449     
 ( 0.25971006806919106     , -4.9343245538895848E-016)
 ( -9.2622384503753707E-002,  5.4674944383244238E-002)
 ( -9.2622384503753014E-002, -5.4674944383245321E-002)
 ( 0.25717259673209142     ,  1.9737298215558337E-016)
   2.0943951023931953        3.6275987284684348     
 ( 0.26844600364465815     ,  3.6089958182433038E-015)
 ( -1.5760340782776045E-003, -1.0788216653980175E-004)
 ( -1.5760340782778018E-003,  1.0788216654666450E-004)
 ( 0.26839278435916381     ,  3.0783631816472875E-015)
   4.1887902047863905        0.0000000000000000     
 ( 0.26844600364465898     ,  6.4994306233264376E-016)
 ( -1.5760340782768150E-003,  1.0788216654418905E-004)
 ( -1.5760340782772096E-003, -1.0788216654255089E-004)
 ( 0.26839278435916419     ,  6.1197189291404027E-016)
   1.0000000000000000                2           9
 (  1.0000000000000000     , -2.1891856428103962E-003)
 (  1.0000000000000002     , -8.3413518796143641E-004)
  -2.0943951023931953       -1.2091995761561449     
 ( 0.26426879700997574     ,  9.8686491077791687E-017)
 ( -9.1144909729476822E-002, -5.5354328620413402E-002)
 ( -9.1144909729476142E-002,  5.5354328620414880E-002)
 ( 0.25369757287723033     ,  4.9343245538895848E-016)
  -2.0943951023931953        1.2091995761561449     
 ( 0.26552616971022291     , -1.1842378929335002E-015)
 ( -9.5078310123548768E-002,  5.2399466824623903E-002)
 ( -9.5078310123549253E-002, -5.2399466824623313E-002)
 ( 0.25710233380602837     , -1.2829243840112920E-015)
   0.0000000000000000       -2.4183991523122899     
 ( 0.26653833430545504     ,  5.9211894646675012E-016)
 (  2.3636168412843142E-003,-0.11003267228615875     )
 (  2.3636168412845115E-003, 0.11003267228616062     )
 ( 0.25623450801785769     ,  1.1842378929335002E-015)
   0.0000000000000000        0.0000000000000000     
 (  9.2470876332426961     , -3.9405341570573321E-002)
 (  8.7695199296101283     , -2.7209887476934466E-002)
 (  8.7695199296101283     , -2.7209887476934484E-002)
 (  9.2433283208511501     , -1.5014433383293356E-002)
   0.0000000000000000        2.4183991523122899     
 ( 0.26653833430545504     , -1.7763568394002505E-015)
 (  2.3636168412845115E-003, 0.11003267228615875     )
 (  2.3636168412843142E-003,-0.11003267228616102     )
 ( 0.25623450801785769     , -1.5789838572446670E-015)
   2.0943951023931953       -1.2091995761561449     
 ( 0.26552616971022314     ,  0.0000000000000000     )
 ( -9.5078310123549156E-002, -5.2399466824622917E-002)
 ( -9.5078310123548671E-002,  5.2399466824624298E-002)
 ( 0.25710233380602798     , -2.9605947323337506E-016)
   2.0943951023931953        1.2091995761561449     
 ( 0.26426879700997574     , -1.2829243840112920E-015)
 ( -9.1144909729476434E-002,  5.5354328620413701E-002)
 ( -9.1144909729476725E-002, -5.5354328620414686E-002)
 ( 0.25369757287723033     , -8.8817841970012523E-016)
   2.0943951023931953        3.6275987284684348     
 ( 0.27154577906512078     ,  2.4987727936181473E-015)
 (  1.9051078702600045E-003, -5.3102225426018435E-003)
 (  1.9051078702594123E-003,  5.3102225426090045E-003)
 ( 0.26499646970425367     ,  2.7734373439811420E-015)
   4.1887902047863905        0.0000000000000000     
 ( 0.27154577906512156     , -3.6313544763781163E-016)
 (  1.9051078702607941E-003,  5.3102225426054682E-003)
 (  1.9051078702602019E-003, -5.3102225426056018E-003)
 ( 0.26499646970425444     ,  6.0175629911106579E-016)
   1.0000000000000000                2           9
 (  1.0000000000000000     ,  1.7029318063630340E-004)
 (  1.0000000000000000     , -1.0147253704487359E-003)
  -2.0943951023931953       -1.2091995761561449     
 ( 0.26369675064719161     ,  5.9211894646675012E-016)
 (-0.10033338964801865     , -5.5831401615952653E-002)
 (-0.10033338964801805     ,  5.5831401615954040E-002)
 ( 0.26297612152000543     ,  3.9474596431116675E-016)
  -2.0943951023931953        1.2091995761561449     
 ( 0.25436262177753516     ,  0.0000000000000000     )
 ( -9.3651393084036805E-002,  5.2014941510424073E-002)
 ( -9.3651393084036610E-002, -5.2014941510425947E-002)
 ( 0.25982662866322620     ,  1.9737298215558337E-016)
   0.0000000000000000       -2.4183991523122899     
 ( 0.25590262697953775     ,  6.9080543754454186E-016)
 ( -3.2299249855226955E-003,-0.10504772708836846     )
 ( -3.2299249855223997E-003, 0.10504772708837035     )
 ( 0.25143679559669047     ,  9.8686491077791687E-017)
   0.0000000000000000        0.0000000000000000     
 (  9.2274533979251565     ,  3.0652772514482966E-003)
 (  8.7830453707085692     , -7.5998897083176913E-003)
 (  8.7830453707085692     , -7.5998897083177069E-003)
 (  9.2264597643493502     , -1.8265056668081647E-002)
   0.0000000000000000        2.4183991523122899     
 ( 0.25590262697953775     , -1.0855514018557087E-015)
 ( -3.2299249855224981E-003, 0.10504772708836846     )
 ( -3.2299249855227944E-003,-0.10504772708837073     )
 ( 0.25143679559669047     , -1.6776703483224587E-015)
   2.0943951023931953       -1.2091995761561449     
 ( 0.25436262177753499     ,  7.8949192862233350E-016)
 ( -9.3651393084036014E-002, -5.2014941510425260E-002)
 ( -9.3651393084037193E-002,  5.2014941510424767E-002)
 ( 0.25982662866322603     ,  7.8949192862233350E-016)
   2.0943951023931953        1.2091995761561449     
 ( 0.26369675064719161     , -3.9474596431116675E-016)
 (-0.10033338964801865     ,  5.5831401615952653E-002)
 (-0.10033338964801805     , -5.5831401615953839E-002)
 ( 0.26297612152000543     , -9.8686491077791697E-016)
   2.0943951023931953        3.6275987284684348     
 ( 0.26770108601818887     ,  2.8218650410188276E-015)
 ( -1.7412110736214873E-003, -2.1655713210711174E-003)
 ( -1.7412110736220792E-003,  2.1655713210772557E-003)
 ( 0.26607073055456365     ,  3.0754719758539927E-015)
   4.1887902047863905        0.0000000000000000     
 ( 0.26770108601818965     ,  1.5843807747254837E-016)
 ( -1.7412110736210924E-003,  2.1655713210742252E-003)
 ( -1.7412110736206977E-003, -2.1655713210740036E-003)
 ( 0.26607073055456443     , -8.0953762212250994E-017)
   1.0000000000000000                2           9
 (  1.0000000000000000     , -1.1271178032634564E-003)
 (  1.0000000000000000     ,  9.8366168911521328E-004)
  -2.0943951023931953       -1.2091995761561449     
 ( 0.25777747927597044     ,  9.8686491077791697E-016)
 ( -9.1203542900803070E-002, -5.1150174500240633E-002)
 ( -9.1203542900803569E-002,  5.1150174500241917E-002)
 ( 0.25789978725364282     ,  9.8686491077791697E-016)
  -2.0943951023931953        1.2091995761561449     
 ( 0.25628963819708583     ,  9.8686491077791687E-017)
 ( -9.0644394553786645E-002,  5.3227029986630744E-002)
 ( -9.0644394553786159E-002, -5.3227029986631834E-002)
 ( 0.25627539405392674     ,  9.8686491077791687E-017)
   0.0000000000000000       -2.4183991523122899     
 ( 0.25275152812502860     ,  1.3816108750890837E-015)
 ( -2.9459148564468210E-003,-0.10140411108018535     )
 ( -2.9459148564475119E-003, 0.10140411108018742     )
 ( 0.25192089250579325     ,  1.1842378929335002E-015)
   0.0000000000000000        0.0000000000000000     
 (  9.2252800099730425     , -2.0288120458749122E-002)
 (  8.7870443941541083     , -1.2911050273452143E-003)
 (  8.7870443941541083     , -1.2911050273452262E-003)
 (  9.2269280733309369     ,  1.7705910404066154E-002)
   0.0000000000000000        2.4183991523122899     
 ( 0.25275152812502860     ,  1.9737298215558337E-016)
 ( -2.9459148564478076E-003, 0.10140411108018554     )
 ( -2.9459148564465248E-003,-0.10140411108018722     )
 ( 0.25192089250579325     , -3.9474596431116675E-016)
   2.0943951023931953       -1.2091995761561449     
 ( 0.25628963819708545     ,  1.0855514018557087E-015)
 ( -9.0644394553786256E-002, -5.3227029986631140E-002)
 ( -9.0644394553786548E-002,  5.3227029986632229E-002)
 ( 0.25627539405392674     ,  6.9080543754454186E-016)
   2.0943951023931953        1.2091995761561449     
 ( 0.25777747927597044     , -3.9474596431116675E-016)
 ( -9.1203542900803472E-002,  5.1150174500240141E-002)
 ( -9.1203542900802972E-002, -5.1150174500242312E-002)
 ( 0.25789978725364282     , -5.9211894646675012E-016)
   2.0943951023931953        3.6275987284684348     
 ( 0.25982803387631903     ,  4.2712746919606716E-015)
 ( -3.6066368696157584E-004, -1.5345542960854110E-003)
 ( -3.6066368696197060E-004,  1.5345542960916098E-003)
 ( 0.25975459429959130     ,  3.8036703416584788E-015)
   4.1887902047863905        0.0000000000000000     
 ( 0.25982803387631986     ,  2.2744152240584805E-016)
 ( -3.6066368696078638E-004,  1.5345542960891409E-003)
 ( -3.6066368696078638E-004, -1.5345542960882655E-003)
 ( 0.25975459429959208     ,  4.5025711554242458E-016)
   1.0000000000000000                2           9
 (  1.0000000000000000     , -2.1480151742897225E-003)
 (  1.0000000000000000     ,  8.6532173490288329E-004)
  -2.0943951023931953       -1.2091995761561449     
 ( 0.24925564196407890     ,  1.9737298215558337E-016)
 ( -9.1761766255517588E-002, -4.9499744253833633E-002)
 ( -9.1761766255517879E-002,  4.9499744253834618E-002)
 ( 0.25331676548414400     ,  4.9343245538895848E-016)
  -2.0943951023931953        1.2091995761561449     
 ( 0.24837032134115836     , -1.0855514018557087E-015)
 ( -8.8283003220272799E-002,  5.6760032177415494E-002)
 ( -8.8283003220272896E-002, -5.6760032177416576E-002)
 ( 0.25774521771618253     , -7.8949192862233350E-016)
   0.0000000000000000       -2.4183991523122899     
 ( 0.25360968397407546     ,  6.9080543754454186E-016)
 (  5.9060553292737217E-004,-0.10651091663062247     )
 (  5.9060553292747094E-004, 0.10651091663062465     )
 ( 0.25713182861635775     ,  5.9211894646675012E-016)
   0.0000000000000000        0.0000000000000000     
 (  9.1958567025607572     , -3.8664273137219152E-002)
 (  8.8060425924331138     , -1.1544240954485892E-002)
 (  8.8060425924331138     , -1.1544240954485880E-002)
 (  9.2191482079692459     ,  1.5575791228247796E-002)
   0.0000000000000000        2.4183991523122899     
 ( 0.25360968397407546     , -1.4802973661668755E-015)
 (  5.9060553292756960E-004, 0.10651091663062227     )
 (  5.9060553292727351E-004,-0.10651091663062504     )
 ( 0.25713182861635775     , -5.9211894646675012E-016)
   2.0943951023931953       -1.2091995761561449     
 ( 0.24837032134115797     , -4.9343245538895848E-016)
 ( -8.8283003220272799E-002, -5.6760032177415293E-002)
 ( -8.8283003220272702E-002,  5.6760032177416972E-002)
 ( 0.25774521771618236     , -1.9737298215558337E-016)
   2.0943951023931953        1.2091995761561449     
 ( 0.24925564196407890     , -1.1842378929335002E-015)
 ( -9.1761766255517588E-002,  4.9499744253833335E-002)
 ( -9.1761766255518074E-002, -4.9499744253834820E-002)
 ( 0.25331676548414378     , -6.9080543754454186E-016)
   2.0943951023931953        3.6275987284684348     
 ( 0.25363721069652218     ,  2.6367796834847468E-015)
 (  3.3501001500197227E-003,  1.4242090268809487E-003)
 (  3.3501001500203151E-003, -1.4242090268752115E-003)
 ( 0.25740972987320287     ,  3.7290772321914761E-015)
   4.1887902047863905        0.0000000000000000     
 ( 0.25363721069652301     , -3.1918911957973251E-016)
 (  3.3501001500207098E-003, -1.4242090268779559E-003)
 (  3.3501001500211044E-003,  1.4242090268779708E-003)
 ( 0.25740972987320365     ,  5.7457896465409578E-016)
   1.0000000000000000                2           9
 (  1.0000000000000000     ,  2.9030526323728725E-003)
 (  1.0000000000000000     , -3.3653795738104253E-003)
  -2.0943951023931953       -1.2091995761561449     
 ( 0.26249212973880875     ,  4.9343245538895848E-016)
 ( -9.5234657247391219E-002, -5.5689875540964967E-002)
 ( -9.5234657247391719E-002,  5.5689875540965952E-002)
 ( 0.26036442727852349     ,  2.9605947323337506E-016)
  -2.0943951023931953        1.2091995761561449     
 ( 0.25842788417523455     , -1.4802973661668755E-015)
 ( -9.3104158394818351E-002,  5.5804802654844013E-002)
 ( -9.3104158394817463E-002, -5.5804802654844998E-002)
 ( 0.26041648478995122     ,  2.9605947323337506E-016)
   0.0000000000000000       -2.4183991523122899     
 ( 0.26461024699836361     ,  9.8686491077791687E-017)
 ( -3.2923500465218167E-003,-0.11441633314979516     )
 ( -3.2923500465216193E-003, 0.11441633314979732     )
 ( 0.25899878659880415     ,  8.8817841970012523E-016)
   0.0000000000000000        0.0000000000000000     
 (  9.2479045605628194     ,  5.2254947382720712E-002)
 (  8.7581896446353049     , -4.1609424729305211E-003)
 (  8.7581896446353049     , -4.1609424729304977E-003)
 (  9.2581356716116474     , -6.0576832328582055E-002)
   0.0000000000000000        2.4183991523122899     
 ( 0.26461024699836361     , -1.8750433304780422E-015)
 ( -3.2923500465216193E-003, 0.11441633314979575     )
 ( -3.2923500465218167E-003,-0.11441633314979713     )
 ( 0.25899878659880393     , -8.8817841970012523E-016)
   2.0943951023931953       -1.2091995761561449     
 ( 0.25842788417523455     , -6.9080543754454186E-016)
 ( -9.3104158394818157E-002, -5.5804802654843812E-002)
 ( -9.3104158394817657E-002,  5.5804802654845588E-002)
 ( 0.26041648478995122     ,  1.2829243840112920E-015)
   2.0943951023931953        1.2091995761561449     
 ( 0.26249212973880875     , -2.1711028037114174E-015)
 ( -9.5234657247391413E-002,  5.5689875540965161E-002)
 ( -9.5234657247391510E-002, -5.5689875540965751E-002)
 ( 0.26036442727852349     , -1.5789838572446670E-015)
   2.0943951023931953        3.6275987284684348     
 ( 0.26963602016005644     ,  2.5990012611190296E-015)
 (  3.2739076842075812E-003, -5.2680514027092734E-004)
 (  3.2739076842073838E-003,  5.2680514027784986E-004)
 ( 0.26436860014318431     ,  3.2034560189705039E-015)
   4.1887902047863905        0.0000000000000000     
 ( 0.26963602016005722     ,  6.2527143956319582E-016)
 (  3.2739076842083709E-003,  5.2680514027452960E-004)
 (  3.2739076842085682E-003, -5.2680514027421041E-004)
 ( 0.26436860014318531     ,  3.4077678950299946E-016)
   1.0000000000000000                2           9
 (  1.0000000000000000     ,  2.5465450899132954E-003)
 ( 0.99999999999999989     , -1.1437060850122264E-004)
  -2.0943951023931953       -1.2091995761561449     
 ( 0.25647296721688279     ,  1.1842378929335002E-015)
 ( -8.6307351859173487E-002, -5.4297906006626012E-002)
 ( -8.6307351859172987E-002,  5.4297906006627095E-002)
 ( 0.25167561385705550     ,  1.9737298215558337E-016)
  -2.0943951023931953        1.2091995761561449     
 ( 0.25775062162146906     , -2.9605947323337506E-016)
 ( -9.4784068000220226E-002,  5.3751463350574312E-002)
 ( -9.4784068000219934E-002, -5.3751463350575096E-002)
 ( 0.25353431941042931     , -5.9211894646675012E-016)
   0.0000000000000000       -2.4183991523122899     
 ( 0.25738447635908351     ,  9.8686491077791697E-016)
 (  3.1607057179554587E-003,-0.11077909412010960     )
 (  3.1607057179553599E-003, 0.11077909412011117     )
 ( 0.25746446181844423     ,  1.2829243840112920E-015)
   0.0000000000000000        0.0000000000000000     
 (  9.2290953549717916     ,  4.5837811618438556E-002)
 (  8.7861500578093050     ,  2.1889570332709003E-002)
 (  8.7861500578093068     ,  2.1889570332708996E-002)
 (  9.2156750797863545     , -2.0586709530230844E-003)
   0.0000000000000000        2.4183991523122899     
 ( 0.25738447635908351     , -9.8686491077791697E-016)
 (  3.1607057179554587E-003, 0.11077909412010900     )
 (  3.1607057179553599E-003,-0.11077909412011117     )
 ( 0.25746446181844423     , -8.8817841970012523E-016)
   2.0943951023931953       -1.2091995761561449     
 ( 0.25775062162146944     ,  2.9605947323337506E-016)
 ( -9.4784068000220031E-002, -5.3751463350574111E-002)
 ( -9.4784068000219726E-002,  5.3751463350574902E-002)
 ( 0.25353431941042931     , -3.9474596431116675E-016)
   2.0943951023931953        1.2091995761561449     
 ( 0.25647296721688279     , -1.3816108750890837E-015)
 ( -8.6307351859172890E-002,  5.4297906006626012E-002)
 ( -8.6307351859173584E-002, -5.4297906006626900E-002)
 ( 0.25167561385705550     , -7.8949192862233350E-016)
   2.0943951023931953        3.6275987284684348     
 ( 0.26193755130801488     ,  2.6768710704850996E-015)
 (  5.8071305372183624E-003, -5.3944768503423396E-003)
 (  5.8071305372181647E-003,  5.3944768503485152E-003)
 ( 0.26290432088285520     ,  3.8168735147811915E-015)
   4.1887902047863905        0.0000000000000000     
 ( 0.26193755130801566     ,  5.0731024319677294E-016)
 (  5.8071305372191517E-003,  5.3944768503457587E-003)
 (  5.8071305372189540E-003, -5.3944768503451056E-003)
 ( 0.26290432088285620     ,  5.6229134003259343E-016)
   1.0000000000000000                2           9
 (  1.0000000000000000     ,  1.9521062958975863E-004)
 (  1.0000000000000000     ,  5.4475104235964444E-003)
  -2.0943951023931953       -1.2091995761561449     
 ( 0.25739704193074053     ,  8.8817841970012523E-016)
 ( -9.4535081858740905E-002, -5.0501393712714955E-002)
 ( -9.4535081858740613E-002,  5.0501393712716433E-002)
 ( 0.25507026168423153     ,  3.9474596431116675E-016)
  -2.0943951023931953        1.2091995761561449     
 ( 0.25497457772019483     ,  3.9474596431116675E-016)
 ( -9.2750318800948958E-002,  5.5412918314739969E-002)
 ( -9.2750318800948472E-002, -5.5412918314741350E-002)
 ( 0.26025665570273809     ,  0.0000000000000000     )
   0.0000000000000000       -2.4183991523122899     
 ( 0.25704581413934924     ,  1.2829243840112920E-015)
 (  1.0157362938439323E-004,-0.11041252835077141     )
 (  1.0157362938360374E-004, 0.11041252835077378     )
 ( 0.25986261208447775     ,  7.8949192862233350E-016)
   0.0000000000000000        0.0000000000000000     
 (  9.2357255195603170     ,  3.5137913326088832E-003)
 (  8.7761943681345986     ,  5.0784489478672826E-002)
 (  8.7761943681345986     ,  5.0784489478672833E-002)
 (  9.2407143864830630     ,  9.8055187624730922E-002)
   0.0000000000000000        2.4183991523122899     
 ( 0.25704581413934924     , -8.8817841970012523E-016)
 (  1.0157362938399849E-004, 0.11041252835077141     )
 (  1.0157362938419585E-004,-0.11041252835077378     )
 ( 0.25986261208447775     , -1.3816108750890837E-015)
   2.0943951023931953       -1.2091995761561449     
 ( 0.25497457772019483     ,  1.1842378929335002E-015)
 ( -9.2750318800948764E-002, -5.5412918314740364E-002)
 ( -9.2750318800948472E-002,  5.5412918314740760E-002)
 ( 0.26025665570273770     ,  7.8949192862233350E-016)
   2.0943951023931953        1.2091995761561449     
 ( 0.25739704193074053     , -2.9605947323337506E-016)
 ( -9.4535081858740516E-002,  5.0501393712714955E-002)
 ( -9.4535081858740808E-002, -5.0501393712716433E-002)
 ( 0.25507026168423175     ,  1.9737298215558337E-016)
   2.0943951023931953        3.6275987284684348     
 ( 0.26091821826513317     ,  3.3202125462563871E-015)
 ( -1.3252971117267975E-003,  2.5412939743251228E-003)
 ( -1.3252971117260080E-003, -2.5412939743183157E-003)
 ( 0.26446402153926385     ,  3.8533990813031478E-015)
   4.1887902047863905        0.0000000000000000     
 ( 0.26091821826513395     ,  4.5946078731774595E-016)
 ( -1.3252971117252185E-003, -2.5412939743213884E-003)
 ( -1.3252971117260080E-003,  2.5412939743216898E-003)
 ( 0.26446402153926463     ,  6.9697334323690382E-016)
   1.0000000000000000                2           9
 ( 0.99999999999999989     , -3.9669189256270139E-004)
 (  1.0000000000000002     , -2.5932769970327067E-003)
  -2.0943951023931953       -1.2091995761561449     
 ( 0.24910822546774458     , -3.9474596431116675E-016)
 ( -9.0571118614645840E-002, -5.4030851616661067E-002)
 ( -9.0571118614645840E-002,  5.4030851616662448E-002)
 ( 0.25399015704163058     , -1.9737298215558337E-016)
  -2.0943951023931953        1.2091995761561449     
 ( 0.25004220884642275     , -8.8817841970012523E-016)
 ( -8.8868313138365240E-002,  5.2914369265543236E-002)
 ( -8.8868313138366226E-002, -5.2914369265543527E-002)
 ( 0.24768052211995972     , -1.2829243840112920E-015)
   0.0000000000000000       -2.4183991523122899     
 ( 0.24873564325025763     ,  1.9737298215558337E-016)
 (  1.8473126846161808E-003,-0.10776933001059863     )
 (  1.8473126846164768E-003, 0.10776933001060168     )
 ( 0.25028998595587421     ,  1.0855514018557087E-015)
   0.0000000000000000        0.0000000000000000     
 (  9.2350449908078502     , -7.1404540661158533E-003)
 (  8.7729816559898151     , -2.6909720006349551E-002)
 (  8.7729816559898168     , -2.6909720006349561E-002)
 (  9.2371376616567957     , -4.6678985946578870E-002)
   0.0000000000000000        2.4183991523122899     
 ( 0.24873564325025763     , -1.7763568394002505E-015)
 (  1.8473126846165755E-003, 0.10776933001059923     )
 (  1.8473126846160820E-003,-0.10776933001060129     )
 ( 0.25028998595587443     , -1.4802973661668755E-015)
   2.0943951023931953       -1.2091995761561449     
 ( 0.25004220884642275     ,  8.8817841970012523E-016)
 ( -8.8868313138366226E-002, -5.2914369265542639E-002)
 ( -8.8868313138365435E-002,  5.2914369265544318E-002)
 ( 0.24768052211995992     , -2.9605947323337506E-016)
   2.0943951023931953        1.2091995761561449     
 ( 0.24910822546774458     , -9.8686491077791697E-016)
 ( -9.0571118614645646E-002,  5.4030851616661463E-002)
 ( -9.0571118614645840E-002, -5.4030851616661851E-002)
 ( 0.25399015704163080     , -7.8949192862233350E-016)
   2.0943951023931953        3.6275987284684348     
 ( 0.25332743746312175     ,  2.4481766922354907E-015)
 (  2.1743279454729723E-003, -1.4023999604155829E-003)
 (  2.1743279454725772E-003,  1.4023999604221649E-003)
 ( 0.25971699283542066     ,  2.7855804083129797E-015)
   4.1887902047863905        0.0000000000000000     
 ( 0.25332743746312236     , -5.1174342541315809E-016)
 (  2.1743279454731696E-003,  1.4023999604189351E-003)
 (  2.1743279454737616E-003, -1.4023999604189563E-003)
 ( 0.25971699283542166     ,  5.1579111352377061E-016)
   1.0000000000000000                2           9
 (  1.0000000000000000     , -1.4656022720724944E-003)
 (  1.0000000000000000     ,  1.2639967739563245E-003)
  -2.0943951023931953       -1.2091995761561449     
 ( 0.24183413007607837     ,  1.9737298215558337E-016)
 ( -9.0527598842382095E-002, -4.7985870598125660E-002)
 ( -9.0527598842381707E-002,  4.7985870598127339E-002)
 ( 0.24492219627658901     , -8.8817841970012523E-016)
  -2.0943951023931953        1.2091995761561449     
 ( 0.24755036428027091     , -9.8686491077791697E-016)
 ( -9.4443270858863004E-002,  5.0328824728937169E-002)
 ( -9.4443270858862505E-002, -5.0328824728938355E-002)
 ( 0.25525914747545020     , -7.8949192862233350E-016)
   0.0000000000000000       -2.4183991523122899     
 ( 0.24119906871690469     ,  1.0855514018557087E-015)
 ( -1.9283383702570272E-003,-0.10290549156742400     )
 ( -1.9283383702571261E-003, 0.10290549156742637     )
 ( 0.25495242619783781     ,  1.0855514018557087E-015)
   0.0000000000000000        0.0000000000000000     
 (  9.1855169475620251     , -2.6380840897308192E-002)
 (  8.8198441465693378     , -1.8144494830447241E-003)
 (  8.8198441465693378     , -1.8144494830447284E-003)
 (  9.1969645598458776     ,  2.2751941931211852E-002)
   0.0000000000000000        2.4183991523122899     
 ( 0.24119906871690469     , -1.2829243840112920E-015)
 ( -1.9283383702570272E-003, 0.10290549156742361     )
 ( -1.9283383702571261E-003,-0.10290549156742657     )
 ( 0.25495242619783759     , -1.0855514018557087E-015)
   2.0943951023931953       -1.2091995761561449     
 ( 0.24755036428027091     ,  7.8949192862233350E-016)
 ( -9.4443270858862796E-002, -5.0328824728936773E-002)
 ( -9.4443270858862699E-002,  5.0328824728938154E-002)
 ( 0.25525914747545059     ,  5.9211894646675012E-016)
   2.0943951023931953        1.2091995761561449     
 ( 0.24183413007607837     , -7.8949192862233350E-016)
 ( -9.0527598842381513E-002,  4.7985870598126056E-002)
 ( -9.0527598842382304E-002, -4.7985870598126742E-002)
 ( 0.24492219627658901     , -6.9080543754454186E-016)
   2.0943951023931953        3.6275987284684348     
 ( 0.25386509366567139     ,  3.1911202075857800E-015)
 ( -1.6709507453247755E-003,  3.3342369386465845E-003)
 ( -1.6709507453247755E-003, -3.3342369386397449E-003)
 ( 0.26058298454317641     ,  3.4324395177994424E-015)
   4.1887902047863905        0.0000000000000000     
 ( 0.25386509366567217     , -6.1679056923619811E-017)
 ( -1.6709507453239859E-003, -3.3342369386429663E-003)
 ( -1.6709507453241833E-003,  3.3342369386427984E-003)
 ( 0.26058298454317708     ,  1.7964025329004269E-016)
   1.0000000000000000                2           9
 (  1.0000000000000000     ,  1.2376917211190687E-003)
 (  1.0000000000000000     , -6.0781268289711570E-004)
  -2.0943951023931953       -1.2091995761561449     
 ( 0.26094168955288427     ,  0.0000000000000000     )
 ( -9.2745340786515501E-002, -5.4506235466491387E-002)
 ( -9.2745340786514613E-002,  5.4506235466493656E-002)
 ( 0.25615798062065637     ,  1.9737298215558337E-016)
  -2.0943951023931953        1.2091995761561449     
 ( 0.26236305004036442     , -4.9343245538895848E-016)
 ( -9.7651848295262023E-002,  5.3334172959568882E-002)
 ( -9.7651848295262508E-002, -5.3334172959568486E-002)
 ( 0.26227915501278765     , -1.0855514018557087E-015)
   0.0000000000000000       -2.4183991523122899     
 ( 0.25978443672229801     ,  9.8686491077791687E-017)
 ( -1.2149461284046087E-003,-0.10871532160618259     )
 ( -1.2149461284047074E-003, 0.10871532160618447     )
 ( 0.25826529978361634     ,  1.1842378929335002E-015)
   0.0000000000000000        0.0000000000000000     
 (  9.2462776269319455     ,  2.2278450980153949E-002)
 (  8.7645613577115480     ,  5.6689113440098254E-003)
 (  8.7645613577115480     ,  5.6689113440098375E-003)
 (  9.2432772487339889     , -1.0940628292135952E-002)
   0.0000000000000000        2.4183991523122899     
 ( 0.25978443672229801     , -1.2829243840112920E-015)
 ( -1.2149461284046087E-003, 0.10871532160618259     )
 ( -1.2149461284047074E-003,-0.10871532160618466     )
 ( 0.25826529978361656     , -1.1842378929335002E-015)
   2.0943951023931953       -1.2091995761561449     
 ( 0.26236305004036420     ,  9.8686491077791687E-017)
 ( -9.7651848295262217E-002, -5.3334172959568292E-002)
 ( -9.7651848295262314E-002,  5.3334172959568882E-002)
 ( 0.26227915501278748     , -2.9605947323337506E-016)
   2.0943951023931953        1.2091995761561449     
 ( 0.26094168955288410     , -9.8686491077791697E-016)
 ( -9.2745340786514918E-002,  5.4506235466492074E-002)
 ( -9.2745340786514807E-002, -5.4506235466492865E-002)
 ( 0.25615798062065653     , -1.1842378929335002E-015)
   2.0943951023931953        3.6275987284684348     
 ( 0.26101606595440696     ,  3.4000580129145419E-015)
 (  7.9510423791696720E-004, -2.6762296190806479E-003)
 (  7.9510423791657244E-004,  2.6762296190861474E-003)
 ( 0.26139277997569216     ,  2.5891711614218279E-015)
   4.1887902047863905        0.0000000000000000     
 ( 0.26101606595440774     , -5.4624514787980797E-016)
 (  7.9510423791775671E-004,  2.6762296190838393E-003)
 (  7.9510423791795404E-004, -2.6762296190831671E-003)
 ( 0.26139277997569316     ,  2.4286128663675299E-017)
   1.0000000000000000                2           9
 (  1.0000000000000000     ,  3.4156036891471865E-003)
 (  1.0000000000000000     , -6.1434518162670950E-003)
  -2.0943951023931953       -1.2091995761561449     
 ( 0.25741609068170285     ,  6.9080543754454186E-016)
 ( -9.1710682776838678E-002, -5.2953390739084817E-002)
 ( -9.1710682776838082E-002,  5.2953390739086004E-002)
 ( 0.25409226193043061     ,  9.8686491077791687E-017)
  -2.0943951023931953        1.2091995761561449     
 ( 0.25879843854059142     , -8.8817841970012523E-016)
 ( -9.2155143920318414E-002,  4.9244207670340323E-002)
 ( -9.2155143920318219E-002, -4.9244207670340816E-002)
 ( 0.25203047119368904     , -8.8817841970012523E-016)
   0.0000000000000000       -2.4183991523122899     
 ( 0.25564514292233603     ,  1.1842378929335002E-015)
 ( -1.2832271986650391E-003,-0.10760026869996232     )
 ( -1.2832271986651378E-003, 0.10760026869996439     )
 ( 0.25503060580290743     ,  2.2697892947892088E-015)
   0.0000000000000000        0.0000000000000000     
 (  9.2364864038381747     ,  6.1480866404647304E-002)
 (  8.7788988605829079     , -2.4550633144080260E-002)
 (  8.7788988605829079     , -2.4550633144080274E-002)
 (  9.2267575706192346     ,-0.11058213269281122     )
   0.0000000000000000        2.4183991523122899     
 ( 0.25564514292233603     , -9.8686491077791697E-016)
 ( -1.2832271986650391E-003, 0.10760026869996213     )
 ( -1.2832271986651378E-003,-0.10760026869996459     )
 ( 0.25503060580290765     ,  9.8686491077791687E-017)
   2.0943951023931953       -1.2091995761561449     
 ( 0.25879843854059142     ,  4.9343245538895848E-016)
 ( -9.2155143920318219E-002, -4.9244207670339532E-002)
 ( -9.2155143920318219E-002,  4.9244207670341607E-002)
 ( 0.25203047119368882     ,  9.8686491077791687E-017)
   2.0943951023931953        1.2091995761561449     
 ( 0.25741609068170285     , -6.9080543754454186E-016)
 ( -9.1710682776838290E-002,  5.2953390739084623E-002)
 ( -9.1710682776838484E-002, -5.2953390739086198E-002)
 ( 0.25409226193043061     , -5.9211894646675012E-016)
   2.0943951023931953        3.6275987284684348     
 ( 0.25867348021936576     ,  3.4586531169919808E-015)
 ( -2.4551079603176459E-003, -3.0253862279675759E-003)
 ( -2.4551079603172513E-003,  3.0253862279740729E-003)
 ( 0.26130443826959926     ,  3.2828678047596641E-015)
   4.1887902047863905        0.0000000000000000     
 ( 0.25867348021936654     ,  3.0222737892573707E-016)
 ( -2.4551079603164615E-003,  3.0253862279707661E-003)
 ( -2.4551079603168566E-003, -3.0253862279708732E-003)
 ( 0.26130443826960015     , -1.6961740653995446E-016)
   1.0000000000000000                2           9
 ( 0.99999999999999978     , -7.2304153135206283E-003)
 (  1.0000000000000002     , -4.3487759193711094E-004)
  -2.0943951023931953       -1.2091995761561449     
 ( 0.26120526252260068     ,  4.9343245538895848E-016)
 ( -9.6546171881263021E-002, -5.3723542433018835E-002)
 ( -9.6546171881262924E-002,  5.3723542433019827E-002)
 ( 0.26416930393951904     ,  4.9343245538895848E-016)
  -2.0943951023931953        1.2091995761561449     
 ( 0.25856487791749788     ,  7.8949192862233350E-016)
 ( -9.6788631878993669E-002,  5.3409054098246048E-002)
 ( -9.6788631878993170E-002, -5.3409054098247623E-002)
 ( 0.26813261283918177     , -5.9211894646675012E-016)
   0.0000000000000000       -2.4183991523122899     
 ( 0.25585405384260373     ,  8.8817841970012523E-016)
 (  9.7106263291072050E-003,-0.10798674121197552     )
 (  9.7106263291064157E-003, 0.10798674121197689     )
 ( 0.26012287657261079     ,  1.2829243840112920E-015)
   0.0000000000000000        0.0000000000000000     
 (  9.2391065732202708     ,-0.13014747564336732     )
 (  8.7716825301492616     , -6.8987636149115752E-002)
 (  8.7716825301492616     , -6.8987636149115739E-002)
 (  9.2387409204541520     , -7.8277966548665756E-003)
   0.0000000000000000        2.4183991523122899     
 ( 0.25585405384260373     , -8.8817841970012523E-016)
 (  9.7106263291064157E-003, 0.10798674121197532     )
 (  9.7106263291070073E-003,-0.10798674121197729     )
 ( 0.26012287657261102     , -8.8817841970012523E-016)
   2.0943951023931953       -1.2091995761561449     
 ( 0.25856487791749749     ,  1.7763568394002505E-015)
 ( -9.6788631878992587E-002, -5.3409054098246242E-002)
 ( -9.6788631878993669E-002,  5.3409054098247428E-002)
 ( 0.26813261283918155     ,  0.0000000000000000     )
   2.0943951023931953        1.2091995761561449     
 ( 0.26120526252260068     , -4.9343245538895848E-016)
 ( -9.6546171881263410E-002,  5.3723542433018544E-002)
 ( -9.6546171881262924E-002, -5.3723542433020022E-002)
 ( 0.26416930393951904     , -1.9737298215558337E-016)
   2.0943951023931953        3.6275987284684348     
 ( 0.26592254942616506     ,  2.5535129566378600E-015)
 ( -2.8567217645838225E-003, -1.5631977791611684E-003)
 ( -2.8567217645838225E-003,  1.5631977791681875E-003)
 ( 0.27113081837701675     ,  2.6998079697785706E-015)
   4.1887902047863905        0.0000000000000000     
 ( 0.26592254942616589     , -1.1102230246251565E-016)
 ( -2.8567217645826381E-003,  1.5631977791653363E-003)
 ( -2.8567217645834278E-003, -1.5631977791641305E-003)
 ( 0.27113081837701736     , -6.2257298082278738E-017)
   1.0000000000000000                2           9
 ( 0.99999999999999989     ,  2.1592672309406796E-003)
 ( 0.99999999999999989     ,  1.8627337252371228E-003)
  -2.0943951023931953       -1.2091995761561449     
 ( 0.26165650811278585     ,  8.8817841970012523E-016)
 ( -9.1957977413374470E-002, -5.5454857826263866E-002)
 ( -9.1957977413374969E-002,  5.5454857826264851E-002)
 ( 0.26498217405809654     ,  1.0855514018557087E-015)
  -2.0943951023931953        1.2091995761561449     
 ( 0.26054097324403647     , -9.8686491077791697E-016)
 ( -9.4330143831076477E-002,  5.5103153986498121E-002)
 ( -9.4330143831076185E-002, -5.5103153986500487E-002)
 ( 0.26282417332948160     , -3.9474596431116675E-016)
   0.0000000000000000       -2.4183991523122899     
 ( 0.26326332585147166     ,  7.8949192862233350E-016)
 (  2.7048363732151198E-003,-0.11023380927410514     )
 (  2.7048363732151198E-003, 0.11023380927410671     )
 ( 0.26331553801027208     ,  1.3816108750890837E-015)
   0.0000000000000000        0.0000000000000000     
 (  9.2583854709543445     ,  3.8866810156924697E-002)
 (  8.7556918188986401     ,  3.6198008605591664E-002)
 (  8.7556918188986401     ,  3.6198008605591706E-002)
 (  9.2497760213217575     ,  3.3529207054260650E-002)
   0.0000000000000000        2.4183991523122899     
 ( 0.26326332585147166     , -1.1842378929335002E-015)
 (  2.7048363732151198E-003, 0.11023380927410494     )
 (  2.7048363732151198E-003,-0.11023380927410671     )
 ( 0.26331553801027208     , -1.1842378929335002E-015)
   2.0943951023931953       -1.2091995761561449     
 ( 0.26054097324403663     ,  1.9737298215558337E-016)
 ( -9.4330143831076282E-002, -5.5103153986498711E-002)
 ( -9.4330143831076574E-002,  5.5103153986499703E-002)
 ( 0.26282417332948138     ,  1.9737298215558337E-016)
   2.0943951023931953        1.2091995761561449     
 ( 0.26165650811278585     , -1.0855514018557087E-015)
 ( -9.1957977413374678E-002,  5.5454857826263769E-002)
 ( -9.1957977413374775E-002, -5.5454857826265053E-002)
 ( 0.26498217405809654     , -4.9343245538895848E-016)
   2.0943951023931953        3.6275987284684348     
 ( 0.27027164604122789     ,  2.7524279152165341E-015)
 ( -1.9409940534133893E-003,  2.5798583201764890E-003)
 ( -1.9409940534133893E-003, -2.5798583201693875E-003)
 ( 0.26837293505899534     ,  3.7069113211095501E-015)
   4.1887902047863905        0.0000000000000000     
 ( 0.27027164604122866     ,  4.8109664400423447E-016)
 ( -1.9409940534129947E-003, -2.5798583201727529E-003)
 ( -1.9409940534122051E-003,  2.5798583201730573E-003)
 ( 0.26837293505899634     ,  3.5234161267617816E-016)
   1.0000000000000000                2           9
 (  1.0000000000000000     ,  4.0900762330538434E-003)
 (  1.0000000000000000     , -1.4698954790762428E-003)
  -2.0943951023931953       -1.2091995761561449     
 ( 0.25739928393960670     ,  9.8686491077791687E-017)
 ( -9.5342548617763062E-002, -5.1770752702871708E-002)
 ( -9.5342548617762965E-002,  5.1770752702873485E-002)
 ( 0.26401859307254444     , -4.9343245538895848E-016)
  -2.0943951023931953        1.2091995761561449     
 ( 0.26111636030781038     , -1.9737298215558337E-016)
 ( -8.9640226236154710E-002,  5.7475343990866179E-002)
 ( -8.9640226236154419E-002, -5.7475343990866970E-002)
 ( 0.26079184821218415     , -1.3816108750890837E-015)
   0.0000000000000000       -2.4183991523122899     
 ( 0.25845092182387230     ,  2.9605947323337506E-016)
 (  4.1344728536702275E-003,-0.11011430766889359     )
 (  4.1344728536701287E-003, 0.11011430766889557     )
 ( 0.26070611644692754     ,  6.9080543754454186E-016)
   0.0000000000000000        0.0000000000000000     
 (  9.2241026430327615     ,  7.3621372194974569E-002)
 (  8.7824175937385629     ,  2.3581626785805429E-002)
 (  8.7824175937385647     ,  2.3581626785805443E-002)
 (  9.2402010824995795     , -2.6458118623367041E-002)
   0.0000000000000000        2.4183991523122899     
 ( 0.25845092182387230     , -1.4802973661668755E-015)
 (  4.1344728536704244E-003, 0.11011430766889339     )
 (  4.1344728536699309E-003,-0.11011430766889557     )
 ( 0.26070611644692754     , -1.6776703483224587E-015)
   2.0943951023931953       -1.2091995761561449     
 ( 0.26111636030781021     ,  5.9211894646675012E-016)
 ( -8.9640226236154516E-002, -5.7475343990866179E-002)
 ( -8.9640226236154419E-002,  5.7475343990866970E-002)
 ( 0.26079184821218437     , -1.9737298215558337E-016)
   2.0943951023931953        1.2091995761561449     
 ( 0.25739928393960693     , -6.9080543754454186E-016)
 ( -9.5342548617762660E-002,  5.1770752702872097E-002)
 ( -9.5342548617763354E-002, -5.1770752702873284E-002)
 ( 0.26401859307254427     , -1.4802973661668755E-015)
   2.0943951023931953        3.6275987284684348     
 ( 0.26565128557091838     ,  2.7061686225238191E-015)
 (  7.3853654077420886E-004,  1.6818922750394202E-003)
 (  7.3853654077420886E-004, -1.6818922750331364E-003)
 ( 0.26449663875484775     ,  2.9524993561125257E-015)
   4.1887902047863905        0.0000000000000000     
 ( 0.26565128557091949     ,  3.3923481307990892E-016)
 (  7.3853654077519571E-004, -1.6818922750360789E-003)
 (  7.3853654077499838E-004,  1.6818922750365475E-003)
 ( 0.26449663875484841     , -2.0392638195371799E-016)
   1.0000000000000000                2           9
 (  1.0000000000000000     ,  1.5204755035574872E-003)
 (  1.0000000000000000     , -1.7775127196187216E-003)
  -2.0943951023931953       -1.2091995761561449     
 ( 0.25512453942650282     ,  6.9080543754454186E-016)
 ( -8.9456125426546781E-002, -5.3181115045539191E-002)
 ( -8.9456125426546976E-002,  5.3181115045540572E-002)
 ( 0.24818259327443165     ,  1.1842378929335002E-015)
  -2.0943951023931953        1.2091995761561449     
 ( 0.26098403880226750     , -1.9737298215558337E-016)
 ( -8.8916592762958935E-002,  5.4135984728981811E-002)
 ( -8.8916592762958935E-002, -5.4135984728981811E-002)
 ( 0.25004913670550583     ,  1.9737298215558337E-016)
   0.0000000000000000       -2.4183991523122899     
 ( 0.26012528581519284     ,  5.9211894646675012E-016)
 (  8.3707184700493938E-004,-0.11033912878416757     )
 (  8.3707184700523548E-004, 0.11033912878417043     )
 ( 0.25483625570142582     ,  9.8686491077791697E-016)
   0.0000000000000000        0.0000000000000000     
 (  9.2239006306574236     ,  2.7368559064037869E-002)
 (  8.7897818361152957     , -2.3133349445468073E-003)
 (  8.7897818361152975     , -2.3133349445468112E-003)
 (  9.2185957142467316     , -3.1995228953135307E-002)
   0.0000000000000000        2.4183991523122899     
 ( 0.26012528581519284     , -1.1842378929335002E-015)
 (  8.3707184700513671E-004, 0.11033912878416816     )
 (  8.3707184700503804E-004,-0.11033912878417003     )
 ( 0.25483625570142582     , -1.9737298215558339E-015)
   2.0943951023931953       -1.2091995761561449     
 ( 0.26098403880226750     ,  3.9474596431116675E-016)
 ( -8.8916592762959129E-002, -5.4135984728981214E-002)
 ( -8.8916592762958935E-002,  5.4135984728982005E-002)
 ( 0.25004913670550599     ,  5.9211894646675012E-016)
   2.0943951023931953        1.2091995761561449     
 ( 0.25512453942650282     , -4.9343245538895848E-016)
 ( -8.9456125426546781E-002,  5.3181115045539684E-002)
 ( -8.9456125426546976E-002, -5.3181115045540177E-002)
 ( 0.24818259327443165     , -1.3816108750890837E-015)
   2.0943951023931953        3.6275987284684348     
 ( 0.26233826374907121     ,  2.9043125928909476E-015)
 (  3.3980251283348573E-003, -2.1621619278898210E-004)
 (  3.3980251283352520E-003,  2.1621619279583488E-004)
 ( 0.25306713423959315     ,  3.0708460465847211E-015)
   4.1887902047863905        0.0000000000000000     
 ( 0.26233826374907199     , -3.4964315393576976E-016)
 (  3.3980251283360413E-003,  2.1621619279286628E-004)
 (  3.3980251283356466E-003, -2.1621619279202830E-004)
 ( 0.25306713423959398     , -8.4037715058431985E-017)
   1.0000000000000000                2           9
 ( 0.99999999999999989     , -2.3494559277101171E-004)
 (  1.0000000000000004     ,  2.4777924720529310E-003)
  -2.0943951023931953       -1.2091995761561449     
 ( 0.25757567832303518     ,  1.0855514018557087E-015)
 ( -8.7973220769943711E-002, -5.3051548198789530E-002)
 ( -8.7973220769944210E-002,  5.3051548198790911E-002)
 ( 0.25104049782142623     ,  1.0855514018557087E-015)
  -2.0943951023931953        1.2091995761561449     
 ( 0.25818368413337428     , -4.9343245538895848E-016)
 ( -9.4120593668153854E-002,  5.2889561254860079E-002)
 ( -9.4120593668154146E-002, -5.2889561254859885E-002)
 ( 0.24877341985396395     , -2.9605947323337506E-016)
   0.0000000000000000       -2.4183991523122899     
 ( 0.25472069930699998     ,  1.2829243840112920E-015)
 (  7.2983617493852882E-004,-0.10638267966959002     )
 (  7.2983617493764064E-004, 0.10638267966959229     )
 ( 0.25602004435677578     ,  1.3816108750890837E-015)
   0.0000000000000000        0.0000000000000000     
 (  9.2301453289481898     , -4.2290206698878743E-003)
 (  8.7986209254643999     ,  2.0185621913530738E-002)
 (  8.7986209254644017     ,  2.0185621913530752E-002)
 (  9.1766564187056190     ,  4.4600264496941912E-002)
   0.0000000000000000        2.4183991523122899     
 ( 0.25472069930699998     , -9.8686491077791687E-017)
 (  7.2983617493793673E-004, 0.10638267966959021     )
 (  7.2983617493823283E-004,-0.10638267966959208     )
 ( 0.25602004435677578     , -1.1842378929335002E-015)
   2.0943951023931953       -1.2091995761561449     
 ( 0.25818368413337445     ,  6.9080543754454186E-016)
 ( -9.4120593668154243E-002, -5.2889561254859295E-002)
 ( -9.4120593668154146E-002,  5.2889561254860475E-002)
 ( 0.24877341985396395     ,  4.9343245538895848E-016)
   2.0943951023931953        1.2091995761561449     
 ( 0.25757567832303518     , -4.9343245538895848E-016)
 ( -8.7973220769943905E-002,  5.3051548198789628E-002)
 ( -8.7973220769944210E-002, -5.3051548198790717E-002)
 ( 0.25104049782142623     , -4.9343245538895848E-016)
   2.0943951023931953        3.6275987284684348     
 ( 0.26277445176528019     ,  3.0294054302141640E-015)
 ( -2.6927463035261289E-003, -1.9928425358224098E-003)
 ( -2.6927463035253396E-003,  1.9928425358296479E-003)
 ( 0.24196915477432590     ,  4.7423484892148181E-015)
   4.1887902047863905        0.0000000000000000     
 ( 0.26277445176528097     ,  8.5974822939939418E-016)
 ( -2.6927463035249450E-003,  1.9928425358265124E-003)
 ( -2.6927463035243526E-003, -1.9928425358258809E-003)
 ( 0.24196915477432698     ,  1.4949461421862352E-015)
   1.0000000000000000                2           9
 (  1.0000000000000004     , -2.0650724037553888E-003)
 ( 0.99999999999999944     ,  2.3517480845265718E-003)
  -2.0943951023931953       -1.2091995761561449     
 ( 0.24284871929484839     ,  1.0855514018557087E-015)
 ( -8.0345350967349446E-002, -5.5325520685571249E-002)
 ( -8.0345350967349238E-002,  5.5325520685571838E-002)
 ( 0.23717872272248355     ,  2.4671622769447922E-015)
  -2.0943951023931953        1.2091995761561449     
 ( 0.24598493166584706     , -6.9080543754454186E-016)
 ( -8.5974695638677157E-002,  4.0356950304496680E-002)
 ( -8.5974695638675963E-002, -4.0356950304496486E-002)
 ( 0.20347095069058024     ,  1.8750433304780422E-015)
   0.0000000000000000       -2.4183991523122899     
 ( 0.24566400401587607     ,  1.4802973661668755E-015)
 ( -8.4500247288706498E-004, -9.3206414686917149E-002)
 ( -8.4500247288834792E-004,  9.3206414686919217E-002)
 ( 0.22974671000581212     ,  1.2829243840112920E-015)
   0.0000000000000000        0.0000000000000000     
 (  9.1199647175102214     , -3.7171303267594519E-002)
 (  8.9029192797601056     ,  2.5800811269377577E-003)
 (  8.9029192797601038     ,  2.5800811269377595E-003)
 (  9.0939640601190135     ,  4.2331465521481967E-002)
   0.0000000000000000        2.4183991523122899     
 ( 0.24566400401587607     , -6.9080543754454186E-016)
 ( -8.4500247288844658E-004,  9.3206414686917344E-002)
 ( -8.4500247288696621E-004, -9.3206414686919217E-002)
 ( 0.22974671000581212     , -1.2829243840112920E-015)
   2.0943951023931953       -1.2091995761561449     
 ( 0.24598493166584745     , -4.9343245538895848E-016)
 ( -8.5974695638675575E-002, -4.0356950304496486E-002)
 ( -8.5974695638677351E-002,  4.0356950304497076E-002)
 ( 0.20347095069058024     ,  2.6645352591003757E-015)
   2.0943951023931953        1.2091995761561449     
 ( 0.24284871929484839     , -6.9080543754454186E-016)
 ( -8.0345350967349238E-002,  5.5325520685570159E-002)
 ( -8.0345350967349238E-002, -5.5325520685572824E-002)
 ( 0.23717872272248355     ,  1.0855514018557087E-015)
   2.0943951023931953        3.6275987284684348     
 ( 0.25073073450388655     ,  3.1525707970085173E-015)
 (  4.7120439922926733E-003, -1.7527658646394502E-003)
 (  4.7120439922930680E-003,  1.7527658646459912E-003)
 ( 0.24083972683609034     ,  3.4794697987037025E-015)
   4.1887902047863905        0.0000000000000000     
 ( 0.25073073450388733     ,  9.9303281647027893E-016)
 (  4.7120439922932649E-003,  1.7527658646429170E-003)
 (  4.7120439922932649E-003, -1.7527658646427071E-003)
 ( 0.24083972683609092     ,  8.2418639814186964E-016)
   1.0000000000000000                2           9
 ( 0.99999999999999978     , -5.5473169257827493E-004)
 (  1.0000000000000002     ,  7.8412315751755278E-004)
  -2.0943951023931953       -1.2091995761561449     
 ( 0.25022553681706788     , -9.8686491077791687E-017)
 ( -9.1879965570984934E-002, -5.2088074957645482E-002)
 ( -9.1879965570984934E-002,  5.2088074957647654E-002)
 ( 0.25404860831792270     ,  7.8949192862233350E-016)
  -2.0943951023931953        1.2091995761561449     
 ( 0.25115434796125491     , -6.9080543754454186E-016)
 ( -9.4619498979465144E-002,  5.1010512610657303E-002)
 ( -9.4619498979465921E-002, -5.1010512610656020E-002)
 ( 0.25660798880147717     , -6.9080543754454186E-016)
   0.0000000000000000       -2.4183991523122899     
 ( 0.24533987880726973     ,  3.9474596431116675E-016)
 ( -3.2415249983190403E-003,-0.10274241496250131     )
 ( -3.2415249983181521E-003, 0.10274241496250387     )
 ( 0.25614935600704086     ,  1.1842378929335002E-015)
   0.0000000000000000        0.0000000000000000     
 (  9.2073761376138492     , -9.9851704664071159E-003)
 (  8.7853886270711481     ,  2.0645231844595275E-003)
 (  8.7853886270711463     ,  2.0645231844595309E-003)
 (  9.2351715782535901     ,  1.4114216835319486E-002)
   0.0000000000000000        2.4183991523122899     
 ( 0.24533987880726973     , -1.5789838572446670E-015)
 ( -3.2415249983184483E-003, 0.10274241496250151     )
 ( -3.2415249983187445E-003,-0.10274241496250348     )
 ( 0.25614935600704086     , -1.9737298215558339E-015)
   2.0943951023931953       -1.2091995761561449     
 ( 0.25115434796125491     ,  9.8686491077791687E-017)
 ( -9.4619498979465533E-002, -5.1010512610656117E-002)
 ( -9.4619498979465338E-002,  5.1010512610656811E-002)
 ( 0.25660798880147695     ,  6.9080543754454186E-016)
   2.0943951023931953        1.2091995761561449     
 ( 0.25022553681706788     , -1.0855514018557087E-015)
 ( -9.1879965570984934E-002,  5.2088074957646176E-002)
 ( -9.1879965570984934E-002, -5.2088074957646863E-002)
 ( 0.25404860831792270     , -7.8949192862233350E-016)
   2.0943951023931953        3.6275987284684348     
 ( 0.25650036576059931     ,  3.4621225639439344E-015)
 ( -3.5893397308366876E-003, -7.3521701610243290E-004)
 ( -3.5893397308368849E-003,  7.3521701610911960E-004)
 ( 0.26414796041185895     ,  2.4324678074252561E-015)
   4.1887902047863905        0.0000000000000000     
 ( 0.25650036576060015     , -1.8677189424683624E-016)
 ( -3.5893397308358979E-003,  7.3521701610617220E-004)
 ( -3.5893397308360952E-003, -7.3521701610579501E-004)
 ( 0.26414796041185973     , -1.3318821354444151E-016)
   1.0000000000000000                2           9
 (  1.0000000000000000     ,  1.8756550059556723E-003)
 (  1.0000000000000000     , -3.0241744956797530E-003)
  -2.0943951023931953       -1.2091995761561449     
 ( 0.25056814366742775     ,  3.9474596431116675E-016)
 ( -9.4059935873596359E-002, -4.7182273871108592E-002)
 ( -9.4059935873596567E-002,  4.7182273871110167E-002)
 ( 0.24818864886362302     ,  9.8686491077791697E-016)
  -2.0943951023931953        1.2091995761561449     
 ( 0.25731204477298836     , -4.9343245538895848E-016)
 ( -8.6523018329978496E-002,  5.3484935854754175E-002)
 ( -8.6523018329978899E-002, -5.3484935854755160E-002)
 ( 0.25679866002836349     ,  0.0000000000000000     )
   0.0000000000000000       -2.4183991523122899     
 ( 0.25435560313674810     ,  1.0855514018557087E-015)
 (  3.4581782221980717E-003,-0.10694479286949507     )
 (  3.4581782221981706E-003, 0.10694479286949715     )
 ( 0.25216427560747412     ,  5.9211894646675012E-016)
   0.0000000000000000        0.0000000000000000     
 (  9.2024337402820926     ,  3.3761790107201109E-002)
 (  8.8020748057577158     , -1.0336675407517601E-002)
 (  8.8020748057577141     , -1.0336675407517638E-002)
 (  9.2142690795731959     , -5.4435140922235191E-002)
   0.0000000000000000        2.4183991523122899     
 ( 0.25435560313674810     , -1.4802973661668755E-015)
 (  3.4581782221982690E-003, 0.10694479286949507     )
 (  3.4581782221979728E-003,-0.10694479286949754     )
 ( 0.25216427560747412     , -1.5789838572446670E-015)
   2.0943951023931953       -1.2091995761561449     
 ( 0.25731204477298814     ,  9.8686491077791687E-017)
 ( -8.6523018329978704E-002, -5.3484935854754764E-002)
 ( -8.6523018329979093E-002,  5.3484935854754966E-002)
 ( 0.25679866002836310     ,  5.9211894646675012E-016)
   2.0943951023931953        1.2091995761561449     
 ( 0.25056814366742775     , -5.9211894646675012E-016)
 ( -9.4059935873596762E-002,  4.7182273871108786E-002)
 ( -9.4059935873596165E-002, -4.7182273871109771E-002)
 ( 0.24818864886362302     , -5.9211894646675012E-016)
   2.0943951023931953        3.6275987284684348     
 ( 0.25576768195444516     ,  3.0307546595843683E-015)
 (  8.3705065330737705E-004,  3.0747962742505692E-003)
 (  8.3705065330717961E-004, -3.0747962742437773E-003)
 ( 0.25406513502604167     ,  3.2713029815864856E-015)
   4.1887902047863905        0.0000000000000000     
 ( 0.25576768195444571     ,  2.7215883867547240E-016)
 (  8.3705065330777180E-004, -3.0747962742469410E-003)
 (  8.3705065330836389E-004,  3.0747962742473222E-003)
 ( 0.25406513502604244     ,  7.0853816641008256E-016)
