   -1.000000      0.000000
  1    1        0.00034608        0.00021535        0.00001713        0.00023636
  1    2       -0.06088498        0.00041622       -0.00015072        0.00029926
  2    1       -0.06095193        0.00034495       -0.00001641        0.00032299
  2    2        0.00041887        0.00025447        0.00000515        0.00023229
   -0.500000      0.866025
  1    1       -0.00028245        0.00018717       -0.00007466        0.00028449
  1    2        0.42297518        0.00069546       -0.00006524        0.00025020
  2    1       -0.06046552        0.00055155        0.00024531        0.00021988
  2    2       -0.00037469        0.00024556        0.00000494        0.00025400
    0.000000      1.732051
  1    1       -0.00000325        0.00010513       -0.00008550        0.00044760
  1    2       -0.06076029        0.00040847        0.00032940        0.00026641
  2    1       -0.06089353        0.00055441       -0.00024127        0.00025476
  2    2        0.00011908        0.00007800        0.00012537        0.00047130
   -0.500000     -0.866025
  1    1       -0.00001508        0.00021009        0.00004487        0.00022065
  1    2       -0.06116779        0.00046644        0.00013262        0.00026028
  2    1        0.42411836        0.00053435        0.00056412        0.00032443
  2    2       -0.00051873        0.00021564       -0.00028303        0.00034439
    0.000000      0.000000
  1    1        1.00000000        0.00000000        0.00051523        0.00061581
  1    2        0.42300756        0.00083509        0.00002686        0.00033665
  2    1        0.42300756        0.00083509       -0.00002686        0.00033665
  2    2        1.00000000        0.00000000       -0.00040522        0.00052684
    0.500000      0.866025
  1    1        0.00001508        0.00021009        0.00004487        0.00022065
  1    2        0.42411836        0.00053435       -0.00056412        0.00032443
  2    1       -0.06116779        0.00046644       -0.00013262        0.00026028
  2    2        0.00051873        0.00021564       -0.00028303        0.00034439
    0.500000     -0.866025
  1    1        0.00028245        0.00018717       -0.00007466        0.00028449
  1    2       -0.06046552        0.00055155       -0.00024531        0.00021988
  2    1        0.42297518        0.00069546        0.00006524        0.00025020
  2    2        0.00037469        0.00024556        0.00000494        0.00025400
    1.000000      0.000000
  1    1       -0.00034608        0.00021535        0.00001713        0.00023636
  1    2       -0.06095193        0.00034495        0.00001641        0.00032299
  2    1       -0.06088498        0.00041622        0.00015072        0.00029926
  2    2       -0.00041887        0.00025447        0.00000515        0.00023229
    1.500000      0.866025
  1    1        0.00000325        0.00010513       -0.00008550        0.00044760
  1    2       -0.06089353        0.00055441        0.00024127        0.00025476
  2    1       -0.06076029        0.00040847       -0.00032940        0.00026641
  2    2       -0.00011908        0.00007800        0.00012537        0.00047130
