           2 ( -22.822312951921838     ,  2.4775495830720335E-014)   1.0000000000000000     
           2 ( -22.821114593814109     , -2.5721231564037156E-014)   1.0000000000000000     
           2 ( -22.862367259375365     , -6.4942500180827132E-015)   1.0000000000000000     
           2 ( -22.899568173791387     , -1.4704620630473417E-014)   1.0000000000000000     
           2 ( -22.755189041984014     ,  2.5075719408969670E-014)   1.0000000000000000     
           2 ( -22.874914964261521     , -7.3184210212738716E-016)   1.0000000000000000     
           2 ( -22.821294628465214     , -9.1711369161312596E-015)   1.0000000000000000     
           2 ( -22.862156342069444     ,  5.5164799959512322E-015)   1.0000000000000000     
           2 ( -22.858796778932440     , -1.5044205649315900E-014)   1.0000000000000000     
           2 ( -22.929335067985377     ,  3.1471836419199260E-014)   1.0000000000000000     
           2 ( -22.886456981113369     , -1.0689672310840932E-014)   1.0000000000000000     
           2 ( -22.884826523987261     , -2.4513957486019465E-014)   1.0000000000000000     
           2 ( -22.908810213023422     , -9.9993077316063827E-015)   1.0000000000000000     
           2 ( -22.838845810951643     ,  1.8695992958042922E-014)   1.0000000000000000     
           2 ( -22.817074206940088     ,  3.4032217293893662E-015)   1.0000000000000000     
           2 ( -22.775019900056932     , -1.5510584588729147E-014)   1.0000000000000000     
           2 ( -22.662376334308608     ,  2.6253874913798229E-014)   1.0000000000000000     
           2 ( -22.809934836112735     , -3.1810755995272053E-015)   1.0000000000000000     
           2 ( -22.915163800403128     ,  3.1415463087233479E-014)   1.0000000000000000     
           2 ( -22.806086660057790     , -5.2144769252980341E-015)   1.0000000000000000     
           2 ( -23.000897719824568     ,  7.7940654185634189E-015)   1.0000000000000000     
           2 ( -22.987762835731456     , -2.1594597530224513E-014)   1.0000000000000000     
           2 ( -22.986858169772045     ,  1.5722647079924776E-014)   1.0000000000000000     
           2 ( -22.814040930275407     ,  7.4612343782593807E-015)   1.0000000000000000     
           2 ( -22.815030563746195     , -2.2256358677202088E-014)   1.0000000000000000     
           2 ( -22.866085637336532     , -6.9478104530532170E-015)   1.0000000000000000     
           2 ( -22.838271120939591     ,  1.1055087334548446E-014)   1.0000000000000000     
           2 ( -22.856678415664362     , -1.6468063858617423E-015)   1.0000000000000000     
