           2 (  18.000000000000000     , -2.0128378606219535E-002)   1.0000000000000000     
           2 (  18.000000000000000     , -1.4184192184643190E-002)   1.0000000000000000     
           2 (  18.000000000000000     ,  6.2459488312590001E-004)   1.0000000000000000     
           2 (  18.000000000000000     ,  1.7036599172145068E-003)   1.0000000000000000     
           2 (  18.000000000000000     , -4.7201121926771202E-003)   1.0000000000000000     
           2 (  17.999999999999996     , -8.8157118263342427E-003)   1.0000000000000000     
           2 (  17.999999999999996     ,  9.2291574654988287E-003)   1.0000000000000000     
           2 (  18.000000000000000     ,  2.1980446137484955E-002)   1.0000000000000000     
           2 (  18.000000000000000     ,  1.2817094097302294E-002)   1.0000000000000000     
           2 (  18.000000000000000     , -2.7209887476946627E-002)   1.0000000000000000     
           2 (  18.000000000000000     , -7.5998897083118140E-003)   1.0000000000000000     
           2 (  18.000000000000000     , -1.2911050273336998E-003)   1.0000000000000000     
           2 (  18.000000000000000     , -1.1544240954482029E-002)   1.0000000000000000     
           2 (  18.000000000000000     , -4.1609424729377393E-003)   1.0000000000000000     
           2 (  18.000000000000000     ,  2.1889570332707844E-002)   1.0000000000000000     
           2 (  18.000000000000000     ,  5.0784489478676607E-002)   1.0000000000000000     
           2 (  18.000000000000000     , -2.6909720006358544E-002)   1.0000000000000000     
           2 (  18.000000000000000     , -1.8144494830454579E-003)   1.0000000000000000     
           2 (  18.000000000000000     ,  5.6689113439966554E-003)   1.0000000000000000     
           2 (  18.000000000000000     , -2.4550633144078769E-002)   1.0000000000000000     
           2 (  17.999999999999996     , -6.8987636149117765E-002)   1.0000000000000000     
           2 (  18.000000000000000     ,  3.6198008605599859E-002)   1.0000000000000000     
           2 (  18.000000000000000     ,  2.3581626785798778E-002)   1.0000000000000000     
           2 (  18.000000000000000     , -2.3133349445501215E-003)   1.0000000000000000     
           2 (  18.000000000000004     ,  2.0185621913537462E-002)   1.0000000000000000     
           2 (  18.000000000000000     ,  2.5800811269412263E-003)   1.0000000000000000     
           2 (  18.000000000000000     ,  2.0645231844539889E-003)   1.0000000000000000     
           2 (  18.000000000000000     , -1.0336675407516838E-002)   1.0000000000000000     
