   1.0000000000000000                2           9
 (  0.0000000000000000     ,  0.0000000000000000     )
 (  0.0000000000000000     ,  0.0000000000000000     )
  -2.0943951023931953       -1.2091995761561449     
 ( 0.67257183791469521     , -6.2912638062092207E-016)
 (-0.29087795982106851     ,-0.17089200502724403     )
 (-0.29087795982106823     , 0.17089200502724422     )
 ( 0.67526139501345261     , -5.4277570092785435E-016)
  -2.0943951023931953        1.2091995761561449     
 ( 0.67139450331724471     , -7.8949192862233350E-016)
 (-0.28854929957983988     , 0.17285763766478909     )
 (-0.28854929957984005     ,-0.17285763766478801     )
 ( 0.67246967962617488     , -8.1416355139178143E-016)
   0.0000000000000000       -2.4183991523122899     
 ( 0.67410320578921068     , -6.2912638062092207E-016)
 (  8.3507208903678132E-003,-0.34211430619119743     )
 (  8.3507208903683874E-003, 0.34211430619119743     )
 ( 0.67303520004113027     , -6.2912638062092207E-016)
   0.0000000000000000        0.0000000000000000     
 (  1.3990001985711471     , -1.0317722308346432E-015)
 ( -1.2883030779134839     ,  8.1185988285027452E-016)
 ( -1.2883030779134836     ,  8.1185988285027393E-016)
 (  1.4069246020458825     , -6.9871985977959568E-016)
   0.0000000000000000        2.4183991523122899     
 ( 0.67410320578921068     , -7.5248449446816164E-016)
 (  8.3507208903684307E-003, 0.34211430619119765     )
 (  8.3507208903677577E-003,-0.34211430619119720     )
 ( 0.67303520004113027     , -8.5117098554595338E-016)
   2.0943951023931953       -1.2091995761561449     
 ( 0.67139450331724460     , -7.4014868308343773E-016)
 (-0.28854929957984005     ,-0.17285763766478812     )
 (-0.28854929957983988     , 0.17285763766478890     )
 ( 0.67246967962617477     , -6.6613381477509392E-016)
   2.0943951023931953        1.2091995761561449     
 ( 0.67257183791469510     , -6.7846962615981784E-016)
 (-0.29087795982106823     , 0.17089200502724436     )
 (-0.29087795982106868     ,-0.17089200502724389     )
 ( 0.67526139501345273     , -6.4146219200564599E-016)
   2.0943951023931953        3.6275987284684348     
 ( 0.63768839273165190     , -4.1485129468357225E-016)
 (  4.3754266353117389E-003,  2.6912647121491665E-003)
 (  4.3754266353120720E-003, -2.6912647121495000E-003)
 ( 0.64042224437255058     , -4.0538728250502343E-016)
   4.1887902047863905        0.0000000000000000     
 ( 0.63768839273165190     , -5.7830646378846542E-016)
 (  4.3754266353117754E-003, -2.6912647121490889E-003)
 (  4.3754266353115169E-003,  2.6912647121490798E-003)
 ( 0.64042224437255058     , -5.5756212965901511E-016)
   1.0000000000000000                2           9
 (  0.0000000000000000     ,  0.0000000000000000     )
 (  0.0000000000000000     ,  0.0000000000000000     )
  -2.0943951023931953       -1.2091995761561449     
 ( 0.66754968981277774     ,  9.0051423108484915E-016)
 (-0.29199541034247356     ,-0.16715488330959927     )
 (-0.29199541034247378     , 0.16715488330959807     )
 ( 0.66902798578885025     ,  9.0051423108484915E-016)
  -2.0943951023931953        1.2091995761561449     
 ( 0.66719328905761333     ,  8.3883517416122936E-016)
 (-0.28610872772938623     , 0.16937248598812310     )
 (-0.28610872772938567     ,-0.16937248598812349     )
 ( 0.66845640156419561     ,  7.4014868308343773E-016)
   0.0000000000000000       -2.4183991523122899     
 ( 0.66899956170905994     ,  8.5117098554595338E-016)
 (  1.6443439058355287E-003,-0.33531520282987692     )
 (  1.6443439058346776E-003, 0.33531520282987654     )
 ( 0.67094962264774283     ,  1.0978872132404326E-015)
   0.0000000000000000        0.0000000000000000     
 (  1.3900347136296807     ,  2.0263261063267069E-015)
 ( -1.2871821370934915     , -1.7502743728158987E-015)
 ( -1.2871821370934917     , -1.7502743728158987E-015)
 (  1.4075284292557837     ,  1.7630784684145088E-015)
   0.0000000000000000        2.4183991523122899     
 ( 0.66899956170906005     ,  7.0314124892926578E-016)
 (  1.6443439058347515E-003, 0.33531520282987676     )
 (  1.6443439058354671E-003,-0.33531520282987670     )
 ( 0.67094962264774283     ,  9.0051423108484915E-016)
   2.0943951023931953       -1.2091995761561449     
 ( 0.66719328905761333     ,  9.3752166523902110E-016)
 (-0.28610872772938561     ,-0.16937248598812360     )
 (-0.28610872772938617     , 0.16937248598812291     )
 ( 0.66845640156419561     ,  8.6350679693067730E-016)
   2.0943951023931953        1.2091995761561449     
 ( 0.66754968981277762     ,  8.2649936277650545E-016)
 (-0.29199541034247384     , 0.16715488330959813     )
 (-0.29199541034247356     ,-0.16715488330959913     )
 ( 0.66902798578885037     ,  8.2649936277650545E-016)
   2.0943951023931953        3.6275987284684348     
 ( 0.63306914469586273     ,  9.8081559354813230E-016)
 (  6.8489688440719217E-004,  1.3687308853124378E-003)
 (  6.8489688440732791E-004, -1.3687308853127841E-003)
 ( 0.63471219349481300     ,  1.0260748307616912E-015)
   4.1887902047863905        0.0000000000000000     
 ( 0.63306914469586284     ,  8.1774302945968293E-016)
 (  6.8489688440710587E-004, -1.3687308853124293E-003)
 (  6.8489688440698249E-004,  1.3687308853123094E-003)
 ( 0.63471219349481312     ,  7.9973550755248378E-016)
   1.0000000000000000                2           9
 (  0.0000000000000000     ,  0.0000000000000000     )
 (  0.0000000000000000     ,  0.0000000000000000     )
  -2.0943951023931953       -1.2091995761561449     
 ( 0.67271406172899306     , -6.1679056923619811E-017)
 (-0.28768041700102870     ,-0.16836948771755400     )
 (-0.28768041700102864     , 0.16836948771755386     )
 ( 0.67039970212032174     ,  2.3438041630975528E-016)
  -2.0943951023931953        1.2091995761561449     
 ( 0.67088880867931378     , -1.2335811384723961E-017)
 (-0.29377130068483515     , 0.16650475496209061     )
 (-0.29377130068483553     ,-0.16650475496209077     )
 ( 0.67685387835637933     ,  1.2335811384723961E-017)
   0.0000000000000000       -2.4183991523122899     
 ( 0.67326026427818142     , -6.1679056923619811E-017)
 ( -3.8530305817140514E-003,-0.33128975825350898     )
 ( -3.8530305817137431E-003, 0.33128975825350887     )
 ( 0.67448400744562065     , -9.8686491077791687E-017)
   0.0000000000000000        0.0000000000000000     
 (  1.4200833128083949     , -1.0052406242611259E-015)
 ( -1.3089633819824016     ,  8.0563574281048716E-016)
 ( -1.3089633819824016     ,  8.0563574281048706E-016)
 (  1.4302200868310351     , -5.3135655422875145E-016)
   0.0000000000000000        2.4183991523122899     
 ( 0.67326026427818131     , -2.3438041630975528E-016)
 ( -3.8530305817137925E-003, 0.33128975825350909     )
 ( -3.8530305817139898E-003,-0.33128975825350876     )
 ( 0.67448400744562054     , -2.4671622769447924E-016)
   2.0943951023931953       -1.2091995761561449     
 ( 0.67088880867931378     ,  1.1102230246251565E-016)
 (-0.29377130068483548     ,-0.16650475496209088     )
 (-0.29377130068483509     , 0.16650475496209058     )
 ( 0.67685387835637922     ,  6.1679056923619811E-017)
   2.0943951023931953        1.2091995761561449     
 ( 0.67271406172899306     , -1.1102230246251565E-016)
 (-0.28768041700102859     , 0.16836948771755397     )
 (-0.28768041700102881     ,-0.16836948771755400     )
 ( 0.67039970212032174     ,  1.3569392523196359E-016)
   2.0943951023931953        3.6275987284684348     
 ( 0.63710848405178799     ,  2.5225150475620992E-016)
 (  5.0528140309322482E-004, -8.8690385159015438E-004)
 (  5.0528140309331123E-004,  8.8690385158967397E-004)
 ( 0.63822352573730534     ,  4.0313265554547949E-016)
   4.1887902047863905        0.0000000000000000     
 ( 0.63710848405178799     , -1.1975372286119348E-017)
 (  5.0528140309308918E-004,  8.8690385159005778E-004)
 (  5.0528140309295344E-004, -8.8690385159022279E-004)
 ( 0.63822352573730556     ,  1.9984543635069594E-016)
   1.0000000000000000                2           9
 (  0.0000000000000000     ,  0.0000000000000000     )
 (  0.0000000000000000     ,  0.0000000000000000     )
  -2.0943951023931953       -1.2091995761561449     
 ( 0.67499933309698124     ,  6.9080543754454186E-016)
 (-0.29132837212136325     ,-0.16921725660178974     )
 (-0.29132837212136348     , 0.16921725660178882     )
 ( 0.67287219002996368     ,  8.8817841970012523E-016)
  -2.0943951023931953        1.2091995761561449     
 ( 0.67410239483806156     ,  6.4146219200564599E-016)
 (-0.29499170956347059     , 0.16705390145769247     )
 (-0.29499170956347054     ,-0.16705390145769328     )
 ( 0.67738656726260460     ,  8.3883517416122936E-016)
   0.0000000000000000       -2.4183991523122899     
 ( 0.67447994157782765     ,  5.6744732369730219E-016)
 ( -6.7847930322277933E-003,-0.33532848590178838     )
 ( -6.7847930322282686E-003, 0.33532848590178799     )
 ( 0.67275285379169592     ,  8.7584260831540131E-016)
   0.0000000000000000        0.0000000000000000     
 (  1.3969432857787227     ,  9.0826662212139674E-016)
 ( -1.2927220515572662     , -1.2492063933825672E-015)
 ( -1.2927220515572659     , -1.2492063933825678E-015)
 (  1.4167113306559875     ,  1.7941487079713349E-015)
   0.0000000000000000        2.4183991523122899     
 ( 0.67447994157782765     ,  3.7007434154171886E-016)
 ( -6.7847930322282495E-003, 0.33532848590178815     )
 ( -6.7847930322277993E-003,-0.33532848590178815     )
 ( 0.67275285379169603     ,  6.5379800339037001E-016)
   2.0943951023931953       -1.2091995761561449     
 ( 0.67410239483806156     ,  6.6613381477509392E-016)
 (-0.29499170956347059     ,-0.16705390145769330     )
 (-0.29499170956347065     , 0.16705390145769239     )
 ( 0.67738656726260460     ,  8.8817841970012523E-016)
   2.0943951023931953        1.2091995761561449     
 ( 0.67499933309698124     ,  6.6613381477509392E-016)
 (-0.29132837212136359     , 0.16921725660178891     )
 (-0.29132837212136314     ,-0.16921725660178957     )
 ( 0.67287219002996368     ,  8.6350679693067730E-016)
   2.0943951023931953        3.6275987284684348     
 ( 0.63809666455931136     ,  6.9692001467723104E-016)
 (  6.4361642435079643E-004,  2.3574280629027229E-003)
 (  6.4361642435090745E-004, -2.3574280629032394E-003)
 ( 0.63829947218888738     ,  1.2123386270684477E-015)
   4.1887902047863905        0.0000000000000000     
 ( 0.63809666455931147     ,  5.3413122527721878E-016)
 (  6.4361642435069777E-004, -2.3574280629026999E-003)
 (  6.4361642435048797E-004,  2.3574280629027281E-003)
 ( 0.63829947218888738     ,  1.0228310901019002E-015)
   1.0000000000000000                2           9
 (  0.0000000000000000     ,  0.0000000000000000     )
 (  0.0000000000000000     ,  0.0000000000000000     )
  -2.0943951023931953       -1.2091995761561449     
 ( 0.67384807475176967     , -7.1547706031398979E-016)
 (-0.28827940541029790     ,-0.17358794070068451     )
 (-0.28827940541029751     , 0.17358794070068490     )
 ( 0.69672873035682414     , -2.3438041630975528E-016)
  -2.0943951023931953        1.2091995761561449     
 ( 0.67900265154158113     , -7.0314124892926578E-016)
 (-0.30718461608523900     , 0.16646610379317617     )
 (-0.30718461608523939     ,-0.16646610379317534     )
 ( 0.69727178098628506     , -6.2912638062092207E-016)
   0.0000000000000000       -2.4183991523122899     
 ( 0.68213239595453024     , -4.3175339846533865E-016)
 (  3.8698359367953888E-004,-0.34268244925043828     )
 (  3.8698359367984729E-004, 0.34268244925043839     )
 ( 0.68913046500172337     , -4.1941758708061468E-016)
   0.0000000000000000        0.0000000000000000     
 (  1.4314303965328552     , -1.7492673911381823E-015)
 ( -1.3300343610797316     ,  1.4320536205414471E-015)
 ( -1.3300343610797314     ,  1.4320536205414469E-015)
 (  1.4712425882678490     , -1.3409451323832185E-015)
   0.0000000000000000        2.4183991523122899     
 ( 0.68213239595453024     , -6.0445475785147414E-016)
 (  3.8698359367988426E-004, 0.34268244925043867     )
 (  3.8698359367950186E-004,-0.34268244925043806     )
 ( 0.68913046500172337     , -5.1810407815840642E-016)
   2.0943951023931953       -1.2091995761561449     
 ( 0.67900265154158124     , -6.0445475785147414E-016)
 (-0.30718461608523934     ,-0.16646610379317547     )
 (-0.30718461608523900     , 0.16646610379317597     )
 ( 0.69727178098628517     , -5.0576826677368240E-016)
   2.0943951023931953        1.2091995761561449     
 ( 0.67384807475176955     , -7.6482030585288566E-016)
 (-0.28827940541029751     , 0.17358794070068503     )
 (-0.28827940541029784     ,-0.17358794070068428     )
 ( 0.69672873035682426     , -3.3306690738754696E-016)
   2.0943951023931953        3.6275987284684348     
 ( 0.63851396077242595     , -4.5814253862880150E-016)
 ( -5.8046936163243712E-004, -9.0726275523563341E-003)
 ( -5.8046936163244937E-004,  9.0726275523560843E-003)
 ( 0.65842180239209647     , -1.1353082180276681E-016)
   4.1887902047863905        0.0000000000000000     
 ( 0.63851396077242606     , -7.3431423607348303E-016)
 ( -5.8046936163273311E-004,  9.0726275523564416E-003)
 ( -5.8046936163269613E-004, -9.0726275523563236E-003)
 ( 0.65842180239209647     , -3.4346592650799709E-016)
   1.0000000000000000                2           9
 (  0.0000000000000000     ,  0.0000000000000000     )
 (  0.0000000000000000     ,  0.0000000000000000     )
  -2.0943951023931953       -1.2091995761561449     
 ( 0.66743064312830724     ,  2.0970879354030734E-016)
 (-0.28511937460588682     ,-0.16956399504777389     )
 (-0.28511937460588693     , 0.16956399504777403     )
 ( 0.66865674044405199     ,  8.6350679693067732E-017)
  -2.0943951023931953        1.2091995761561449     
 ( 0.66886545750527382     , -7.4014868308343765E-017)
 (-0.29324827164743267     , 0.16761659697487699     )
 (-0.29324827164743256     ,-0.16761659697487657     )
 ( 0.67173947848268512     , -1.2335811384723962E-016)
   0.0000000000000000       -2.4183991523122899     
 ( 0.67232710991331313     ,  9.8686491077791687E-017)
 ( -2.3927726159662407E-003,-0.33510995203340177     )
 ( -2.3927726159666354E-003, 0.33510995203340183     )
 ( 0.67194556176520870     ,  3.7007434154171883E-017)
   0.0000000000000000        0.0000000000000000     
 (  1.3741933628209386     ,  3.6350577024892588E-016)
 ( -1.2674661571134214     , -2.7588347735268774E-016)
 ( -1.2674661571134211     , -2.7588347735268784E-016)
 (  1.3951303996460414     , -9.8463319709386991E-017)
   0.0000000000000000        2.4183991523122899     
 ( 0.67232710991331313     , -7.4014868308343765E-017)
 ( -2.3927726159666107E-003, 0.33510995203340210     )
 ( -2.3927726159662407E-003,-0.33510995203340144     )
 ( 0.67194556176520859     , -1.1102230246251565E-016)
   2.0943951023931953       -1.2091995761561449     
 ( 0.66886545750527371     ,  2.4671622769447922E-017)
 (-0.29324827164743261     ,-0.16761659697487666     )
 (-0.29324827164743272     , 0.16761659697487694     )
 ( 0.67173947848268523     , -4.9343245538895844E-017)
   2.0943951023931953        1.2091995761561449     
 ( 0.66743064312830724     ,  8.6350679693067732E-017)
 (-0.28511937460588693     , 0.16956399504777409     )
 (-0.28511937460588682     ,-0.16956399504777389     )
 ( 0.66865674044405188     , -6.1679056923619811E-017)
   2.0943951023931953        3.6275987284684348     
 ( 0.63565114377208898     ,  4.4746999623090735E-016)
 (  1.1424468615530456E-003, -2.7117644385408570E-003)
 (  1.1424468615531197E-003,  2.7117644385408735E-003)
 ( 0.64016205153109496     ,  1.6977328745115316E-016)
   4.1887902047863905        0.0000000000000000     
 ( 0.63565114377208909     ,  1.9958211911023545E-016)
 (  1.1424468615528482E-003,  2.7117644385413562E-003)
 (  1.1424468615528359E-003, -2.7117644385408349E-003)
 ( 0.64016205153109496     , -8.0704151044536655E-017)
   1.0000000000000000                2           9
 (  0.0000000000000000     ,  0.0000000000000000     )
 (  0.0000000000000000     ,  0.0000000000000000     )
  -2.0943951023931953       -1.2091995761561449     
 ( 0.67532126494642608     ,  2.0970879354030734E-016)
 (-0.28600496102208006     ,-0.17363023128202082     )
 (-0.28600496102208001     , 0.17363023128202093     )
 ( 0.67352274662438927     ,  1.8503717077085943E-016)
  -2.0943951023931953        1.2091995761561449     
 ( 0.67652458885483235     ,  7.4014868308343765E-017)
 (-0.29756788751636765     , 0.16965176949901539     )
 (-0.29756788751636787     ,-0.16965176949901592     )
 ( 0.67547261447979901     ,  2.2204460492503131E-016)
   0.0000000000000000       -2.4183991523122899     
 ( 0.68081111690100005     ,  2.4671622769447922E-017)
 (  3.1509837267213580E-003,-0.34607633689612610     )
 (  3.1509837267216976E-003, 0.34607633689612577     )
 ( 0.68456605184477703     , -1.6036554800141150E-016)
   0.0000000000000000        0.0000000000000000     
 (  1.4269883590556938     , -9.1261627587413017E-016)
 ( -1.3020866230535786     ,  6.1188255632275795E-016)
 ( -1.3020866230535786     ,  6.1188255632275795E-016)
 (  1.4127733483378075     , -3.6356450044750527E-016)
   0.0000000000000000        2.4183991523122899     
 ( 0.68081111690100016     , -2.2204460492503131E-016)
 (  3.1509837267217158E-003, 0.34607633689612594     )
 (  3.1509837267213398E-003,-0.34607633689612599     )
 ( 0.68456605184477703     , -3.3306690738754696E-016)
   2.0943951023931953       -1.2091995761561449     
 ( 0.67652458885483224     ,  2.7138785046392718E-016)
 (-0.29756788751636781     ,-0.16965176949901600     )
 (-0.29756788751636765     , 0.16965176949901542     )
 ( 0.67547261447979889     ,  3.2073109600282300E-016)
   2.0943951023931953        1.2091995761561449     
 ( 0.67532126494642608     ,  6.1679056923619811E-017)
 (-0.28600496102208006     , 0.17363023128202101     )
 (-0.28600496102208006     ,-0.17363023128202074     )
 ( 0.67352274662438916     ,  8.6350679693067732E-017)
   2.0943951023931953        3.6275987284684348     
 ( 0.64134706455833435     ,  4.4739444537291570E-016)
 ( -1.0624692694170730E-003, -5.8950394649600864E-003)
 ( -1.0624692694173197E-003,  5.8950394649596050E-003)
 ( 0.64245967666736692     ,  3.7381025288336087E-016)
   4.1887902047863905        0.0000000000000000     
 ( 0.64134706455833446     ,  2.0787981329752937E-016)
 ( -1.0624692694175665E-003,  5.8950394649600092E-003)
 ( -1.0624692694173815E-003, -5.8950394649600647E-003)
 ( 0.64245967666736703     ,  1.7257554115229568E-016)
   1.0000000000000000                2           9
 (  0.0000000000000000     ,  0.0000000000000000     )
 (  0.0000000000000000     ,  0.0000000000000000     )
  -2.0943951023931953       -1.2091995761561449     
 ( 0.67604708004418745     , -8.6350679693067732E-017)
 (-0.29943157615491800     ,-0.16592769523054107     )
 (-0.29943157615491800     , 0.16592769523054118     )
 ( 0.67642616479260576     , -2.7138785046392718E-016)
  -2.0943951023931953        1.2091995761561449     
 ( 0.67408670819266492     , -3.2073109600282300E-016)
 (-0.29472719051447932     , 0.16929567410042104     )
 (-0.29472719051447943     ,-0.16929567410042087     )
 ( 0.67680911721426074     , -4.1941758708061468E-016)
   0.0000000000000000       -2.4183991523122899     
 ( 0.67711289645747286     ,  1.2335811384723961E-017)
 ( -7.8479627169175305E-003,-0.33355123777127815     )
 ( -7.8479627169172027E-003, 0.33355123777127793     )
 ( 0.67288372086178305     , -1.9737298215558337E-016)
   0.0000000000000000        0.0000000000000000     
 (  1.4346345667986644     ,  5.6613691669648460E-017)
 ( -1.3026277822810122     ,  3.7375862248501227E-016)
 ( -1.3026277822810122     ,  3.7375862248501252E-016)
 (  1.4016168695093632     , -7.6421214892074870E-016)
   0.0000000000000000        2.4183991523122899     
 ( 0.67711289645747275     , -1.8503717077085943E-016)
 ( -7.8479627169171975E-003, 0.33355123777127799     )
 ( -7.8479627169175115E-003,-0.33355123777127804     )
 ( 0.67288372086178305     , -3.4540271877227093E-016)
   2.0943951023931953       -1.2091995761561449     
 ( 0.67408670819266481     , -2.2204460492503131E-016)
 (-0.29472719051447954     ,-0.16929567410042093     )
 (-0.29472719051447921     , 0.16929567410042104     )
 ( 0.67680911721426074     , -3.4540271877227093E-016)
   2.0943951023931953        1.2091995761561449     
 ( 0.67604708004418734     , -2.5905203907920321E-016)
 (-0.29943157615491800     , 0.16592769523054129     )
 (-0.29943157615491806     ,-0.16592769523054096     )
 ( 0.67642616479260576     , -3.2073109600282300E-016)
   2.0943951023931953        3.6275987284684348     
 ( 0.64711681229330231     ,  3.0924565284952641E-016)
 ( -4.4969077844939399E-003,  2.0760073147026111E-003)
 ( -4.4969077844940631E-003, -2.0760073147031433E-003)
 ( 0.64006104322049984     ,  5.4834459838248811E-017)
   4.1887902047863905        0.0000000000000000     
 ( 0.64711681229330253     ,  3.0296294749176371E-017)
 ( -4.4969077844942851E-003, -2.0760073147027048E-003)
 ( -4.4969077844941490E-003,  2.0760073147026831E-003)
 ( 0.64006104322050006     , -2.0723935496755537E-016)
   1.0000000000000000                2           9
 (  0.0000000000000000     ,  0.0000000000000000     )
 (  0.0000000000000000     ,  0.0000000000000000     )
  -2.0943951023931953       -1.2091995761561449     
 ( 0.67281186943626092     ,  5.1810407815840642E-016)
 (-0.29686780960580106     ,-0.16527904257075987     )
 (-0.29686780960580145     , 0.16527904257075959     )
 ( 0.66838907654106139     ,  3.7007434154171886E-016)
  -2.0943951023931953        1.2091995761561449     
 ( 0.67148170609569435     ,  3.4540271877227093E-016)
 (-0.29533673239849451     , 0.16621553823274862     )
 (-0.29533673239849434     ,-0.16621553823274907     )
 ( 0.67092154574228957     ,  4.1941758708061468E-016)
   0.0000000000000000       -2.4183991523122899     
 ( 0.66792292445812473     ,  4.6876083261951055E-016)
 ( -7.6937680771500972E-003,-0.33121663042598937     )
 ( -7.6937680771503808E-003, 0.33121663042598903     )
 ( 0.66884277678244675     ,  3.9474596431116675E-016)
   0.0000000000000000        0.0000000000000000     
 (  1.3932651588228686     ,  8.1803527469999614E-016)
 ( -1.2837362359255138     , -1.0210297173205665E-015)
 ( -1.2837362359255140     , -1.0210297173205671E-015)
 (  1.3971400271694887     ,  1.1906502592981850E-015)
   0.0000000000000000        2.4183991523122899     
 ( 0.66792292445812473     ,  2.7138785046392718E-016)
 ( -7.6937680771503435E-003, 0.33121663042598920     )
 ( -7.6937680771501466E-003,-0.33121663042598914     )
 ( 0.66884277678244675     ,  2.4671622769447924E-016)
   2.0943951023931953       -1.2091995761561449     
 ( 0.67148170609569424     ,  4.4408920985006262E-016)
 (-0.29533673239849439     ,-0.16621553823274918     )
 (-0.29533673239849451     , 0.16621553823274851     )
 ( 0.67092154574228957     ,  4.9343245538895848E-016)
   2.0943951023931953        1.2091995761561449     
 ( 0.67281186943626092     ,  4.4408920985006262E-016)
 (-0.29686780960580145     , 0.16527904257075968     )
 (-0.29686780960580111     ,-0.16527904257075976     )
 ( 0.66838907654106139     ,  2.9605947323337506E-016)
   2.0943951023931953        3.6275987284684348     
 ( 0.63450354628875794     ,  5.3201540943794760E-016)
 ( -7.0855569351650433E-003, -2.1767012680155274E-003)
 ( -7.0855569351649566E-003,  2.1767012680150009E-003)
 ( 0.63488407230619559     ,  5.6585815326552899E-016)
   4.1887902047863905        0.0000000000000000     
 ( 0.63450354628875816     ,  3.1983395170963981E-016)
 ( -7.0855569351652402E-003,  2.1767012680154467E-003)
 ( -7.0855569351652280E-003, -2.1767012680154523E-003)
 ( 0.63488407230619570     ,  4.2683308795708683E-016)
   1.0000000000000000                2           9
 (  0.0000000000000000     ,  0.0000000000000000     )
 (  0.0000000000000000     ,  0.0000000000000000     )
  -2.0943951023931953       -1.2091995761561449     
 ( 0.66978499150295689     , -9.7452909939319305E-016)
 (-0.28864425115037157     ,-0.17310097077797337     )
 (-0.28864425115037118     , 0.17310097077797393     )
 ( 0.67710599263204052     , -1.0855514018557087E-015)
  -2.0943951023931953        1.2091995761561449     
 ( 0.66658082021873799     , -1.2212453270876722E-015)
 (-0.29269727670211337     , 0.16687366561594047     )
 (-0.29269727670211360     ,-0.16687366561593958     )
 ( 0.67387741188370887     , -8.8817841970012523E-016)
   0.0000000000000000       -2.4183991523122899     
 ( 0.66557560571415064     , -1.0115365335473648E-015)
 ( -1.1970577716452306E-003,-0.33628996428932756     )
 ( -1.1970577716442683E-003, 0.33628996428932739     )
 ( 0.67561115891412926     , -9.3752166523902110E-016)
   0.0000000000000000        0.0000000000000000     
 (  1.3538076170429005     , -1.8334061977097769E-015)
 ( -1.2461040364681495     ,  1.6581887868732879E-015)
 ( -1.2461040364681495     ,  1.6581887868732879E-015)
 (  1.3664345715733153     , -1.9352013204330481E-015)
   0.0000000000000000        2.4183991523122899     
 ( 0.66557560571415053     , -1.1595662701640524E-015)
 ( -1.1970577716442191E-003, 0.33628996428932756     )
 ( -1.1970577716452799E-003,-0.33628996428932739     )
 ( 0.67561115891412926     , -1.0608797790862607E-015)
   2.0943951023931953       -1.2091995761561449     
 ( 0.66658082021873810     , -1.1225588360098805E-015)
 (-0.29269727670211371     ,-0.16687366561593958     )
 (-0.29269727670211321     , 0.16687366561594053     )
 ( 0.67387741188370887     , -8.8817841970012523E-016)
   2.0943951023931953        1.2091995761561449     
 ( 0.66978499150295689     , -1.1719020815487763E-015)
 (-0.28864425115037107     , 0.17310097077797415     )
 (-0.28864425115037179     ,-0.17310097077797318     )
 ( 0.67710599263204041     , -1.1348946473946044E-015)
   2.0943951023931953        3.6275987284684348     
 ( 0.62973187733069957     , -8.6505560907027970E-016)
 (  8.0933935710685793E-004, -2.2908483657111071E-003)
 (  8.0933935710694434E-004,  2.2908483657102757E-003)
 ( 0.63649310595272157     , -7.1568902277142374E-016)
   4.1887902047863905        0.0000000000000000     
 ( 0.62973187733069957     , -1.0734153537644680E-015)
 (  8.0933935710673455E-004,  2.2908483657108187E-003)
 (  8.0933935710662353E-004, -2.2908483657110255E-003)
 ( 0.63649310595272179     , -9.6120386283937389E-016)
   1.0000000000000000                2           9
 (  0.0000000000000000     ,  0.0000000000000000     )
 (  0.0000000000000000     ,  0.0000000000000000     )
  -2.0943951023931953       -1.2091995761561449     
 ( 0.66990470996179052     ,  2.9605947323337506E-016)
 (-0.29539403574364154     ,-0.16461026128190298     )
 (-0.29539403574364170     , 0.16461026128190254     )
 ( 0.66992986409826683     ,  5.4277570092785435E-016)
  -2.0943951023931953        1.2091995761561449     
 ( 0.67157885958869479     ,  2.9605947323337506E-016)
 (-0.28631783204506267     , 0.17159713662368417     )
 (-0.28631783204506228     ,-0.17159713662368439     )
 ( 0.66860754247269794     ,  5.1810407815840642E-016)
   0.0000000000000000       -2.4183991523122899     
 ( 0.66713913268567226     ,  2.5905203907920321E-016)
 ( -6.5316933090061842E-004,-0.33331552451861685     )
 ( -6.5316933090114263E-004, 0.33331552451861701     )
 ( 0.67149847462641277     ,  6.2912638062092207E-016)
   0.0000000000000000        0.0000000000000000     
 (  1.3970463495068048     ,  1.6042222513616533E-015)
 ( -1.2849249779779071     , -1.7740018505031024E-015)
 ( -1.2849249779779068     , -1.7740018505031028E-015)
 (  1.4031936868092643     ,  2.1064513014994415E-015)
   0.0000000000000000        2.4183991523122899     
 ( 0.66713913268567226     ,  1.3569392523196359E-016)
 ( -6.5316933090112409E-004, 0.33331552451861723     )
 ( -6.5316933090067393E-004,-0.33331552451861668     )
 ( 0.67149847462641277     ,  4.8109664400423447E-016)
   2.0943951023931953       -1.2091995761561449     
 ( 0.67157885958869490     ,  3.7007434154171886E-016)
 (-0.28631783204506234     ,-0.17159713662368450     )
 (-0.28631783204506267     , 0.17159713662368414     )
 ( 0.66860754247269794     ,  5.4277570092785435E-016)
   2.0943951023931953        1.2091995761561449     
 ( 0.66990470996179052     ,  1.7270135938613546E-016)
 (-0.29539403574364170     , 0.16461026128190273     )
 (-0.29539403574364154     ,-0.16461026128190281     )
 ( 0.66992986409826671     ,  4.4408920985006262E-016)
   2.0943951023931953        3.6275987284684348     
 ( 0.63746433862525964     ,  4.9969650080944007E-016)
 (  8.8043623362332735E-004,  3.4382133658589498E-003)
 (  8.8043623362358636E-004, -3.4382133658591926E-003)
 ( 0.63482711688879723     ,  8.5028329254547969E-016)
   4.1887902047863905        0.0000000000000000     
 ( 0.63746433862525964     ,  2.8620285093746196E-016)
 (  8.8043623362335207E-004, -3.4382133658587516E-003)
 (  8.8043623362310530E-004,  3.4382133658590048E-003)
 ( 0.63482711688879734     ,  5.9983552736315710E-016)
   1.0000000000000000                2           9
 (  0.0000000000000000     ,  0.0000000000000000     )
 (  0.0000000000000000     ,  0.0000000000000000     )
  -2.0943951023931953       -1.2091995761561449     
 ( 0.67254200858113355     ,  5.7978313508202620E-016)
 (-0.29125461063229291     ,-0.17195758198810618     )
 (-0.29125461063229302     , 0.17195758198810548     )
 ( 0.67420383153947627     ,  5.7978313508202620E-016)
  -2.0943951023931953        1.2091995761561449     
 ( 0.67480387253446217     ,  3.8241015292644283E-016)
 (-0.29799255310199818     , 0.16902242128122122     )
 (-0.29799255310199813     ,-0.16902242128122177     )
 ( 0.67593821275152088     ,  4.1941758708061468E-016)
   0.0000000000000000       -2.4183991523122899     
 ( 0.67575626146178025     ,  3.0839528461809903E-016)
 (  2.7923425799665963E-004,-0.34302491907094440     )
 (  2.7923425799677065E-004, 0.34302491907094379     )
 ( 0.67961921691532590     ,  5.0576826677368240E-016)
   0.0000000000000000        0.0000000000000000     
 (  1.3965626342796800     ,  2.4037338080527836E-016)
 ( -1.2756523262286956     , -3.2041737863249914E-016)
 ( -1.2756523262286956     , -3.2041737863249904E-016)
 (  1.3866776833360790     ,  4.7666327411357528E-016)
   0.0000000000000000        2.4183991523122899     
 ( 0.67575626146178025     ,  1.1102230246251565E-016)
 (  2.7923425799679532E-004, 0.34302491907094385     )
 (  2.7923425799663496E-004,-0.34302491907094423     )
 ( 0.67961921691532590     ,  3.5773853015699490E-016)
   2.0943951023931953       -1.2091995761561449     
 ( 0.67480387253446217     ,  4.5642502123478653E-016)
 (-0.29799255310199818     ,-0.16902242128122183     )
 (-0.29799255310199807     , 0.16902242128122108     )
 ( 0.67593821275152077     ,  4.6876083261951055E-016)
   2.0943951023931953        1.2091995761561449     
 ( 0.67254200858113367     ,  4.5642502123478653E-016)
 (-0.29125461063229313     , 0.17195758198810548     )
 (-0.29125461063229297     ,-0.17195758198810610     )
 ( 0.67420383153947627     ,  5.4277570092785435E-016)
   2.0943951023931953        3.6275987284684348     
 ( 0.63932985582181212     ,  6.5924854074733623E-016)
 ( -6.8490278227745845E-004, -1.7589045056843815E-003)
 ( -6.8490278227724877E-004,  1.7589045056835195E-003)
 ( 0.63758519234708488     ,  7.8628301335257767E-016)
   4.1887902047863905        0.0000000000000000     
 ( 0.63932985582181212     ,  5.0854240642512272E-016)
 ( -6.8490278227753250E-004,  1.7589045056839586E-003)
 ( -6.8490278227771747E-004, -1.7589045056844383E-003)
 ( 0.63758519234708499     ,  5.7587484771387088E-016)
   1.0000000000000000                2           9
 (  0.0000000000000000     ,  0.0000000000000000     )
 (  0.0000000000000000     ,  0.0000000000000000     )
  -2.0943951023931953       -1.2091995761561449     
 ( 0.67838577491918151     ,  6.1679056923619806E-016)
 (-0.29307786695237853     ,-0.17246048182074336     )
 (-0.29307786695237875     , 0.17246048182074303     )
 ( 0.67790391992636545     ,  3.3306690738754696E-016)
  -2.0943951023931953        1.2091995761561449     
 ( 0.67937807204397349     ,  8.2649936277650545E-016)
 (-0.28977481244966485     , 0.17089556342934917     )
 (-0.28977481244966463     ,-0.17089556342934970     )
 ( 0.67221364199585443     ,  3.5773853015699490E-016)
   0.0000000000000000       -2.4183991523122899     
 ( 0.67972527875482136     ,  7.1547706031398979E-016)
 (  3.9073878177907882E-003,-0.34517735330865862     )
 (  3.9073878177902583E-003, 0.34517735330865856     )
 ( 0.67614437472868749     ,  3.7007434154171886E-016)
   0.0000000000000000        0.0000000000000000     
 (  1.4281479611760215     ,  1.8779496742791386E-015)
 ( -1.2971989611909247     , -9.9135327577639733E-016)
 ( -1.2971989611909249     , -9.9135327577639772E-016)
 (  1.3991748497894148     ,  4.2228342237545760E-016)
   0.0000000000000000        2.4183991523122899     
 ( 0.67972527875482114     ,  6.1679056923619806E-016)
 (  3.9073878177902583E-003, 0.34517735330865873     )
 (  3.9073878177907761E-003,-0.34517735330865834     )
 ( 0.67614437472868760     ,  2.2204460492503131E-016)
   2.0943951023931953       -1.2091995761561449     
 ( 0.67937807204397349     ,  9.2518585385429718E-016)
 (-0.28977481244966469     ,-0.17089556342934986     )
 (-0.28977481244966485     , 0.17089556342934908     )
 ( 0.67221364199585443     ,  3.8241015292644283E-016)
   2.0943951023931953        1.2091995761561449     
 ( 0.67838577491918151     ,  5.4277570092785435E-016)
 (-0.29307786695237864     , 0.17246048182074317     )
 (-0.29307786695237847     ,-0.17246048182074319     )
 ( 0.67790391992636556     ,  2.3438041630975528E-016)
   2.0943951023931953        3.6275987284684348     
 ( 0.64563568443779451     ,  1.0174961800687443E-015)
 (  5.3679392739669728E-003,  4.5009789257812807E-003)
 (  5.3679392739669485E-003, -4.5009789257815774E-003)
 ( 0.63897299277994701     ,  5.4546467542665349E-016)
   4.1887902047863905        0.0000000000000000     
 ( 0.64563568443779462     ,  8.3917657858058077E-016)
 (  5.3679392739667264E-003, -4.5009789257809503E-003)
 (  5.3679392739666770E-003,  4.5009789257813970E-003)
 ( 0.63897299277994724     ,  2.7152490098704508E-016)
   1.0000000000000000                2           9
 (  0.0000000000000000     ,  0.0000000000000000     )
 (  0.0000000000000000     ,  0.0000000000000000     )
  -2.0943951023931953       -1.2091995761561449     
 ( 0.66400365891149693     , -6.2912638062092207E-016)
 (-0.28955744170714126     ,-0.16760186897827525     )
 (-0.28955744170714109     , 0.16760186897827581     )
 ( 0.66695323493401548     , -4.0708177569589072E-016)
  -2.0943951023931953        1.2091995761561449     
 ( 0.66878188035041597     , -5.7978313508202620E-016)
 (-0.29177310329052791     , 0.16820950012855207     )
 (-0.29177310329052791     ,-0.16820950012855126     )
 ( 0.66889272777265163     , -6.1679056923619806E-016)
   0.0000000000000000       -2.4183991523122899     
 ( 0.66457074558195317     , -4.1941758708061468E-016)
 ( -1.2443896673920553E-003,-0.33249142448480989     )
 ( -1.2443896673917654E-003, 0.33249142448481012     )
 ( 0.66513528897327212     , -4.1941758708061468E-016)
   0.0000000000000000        0.0000000000000000     
 (  1.3850614910481551     , -4.1811257283716752E-016)
 ( -1.2740582714407929     ,  4.0003573502908852E-016)
 ( -1.2740582714407933     ,  4.0003573502908833E-016)
 (  1.3886128155144324     , -4.1942037634101897E-016)
   0.0000000000000000        2.4183991523122899     
 ( 0.66457074558195328     , -6.1679056923619806E-016)
 ( -1.2443896673917962E-003, 0.33249142448481028     )
 ( -1.2443896673920245E-003,-0.33249142448480973     )
 ( 0.66513528897327223     , -5.6744732369730219E-016)
   2.0943951023931953       -1.2091995761561449     
 ( 0.66878188035041597     , -4.5642502123478653E-016)
 (-0.29177310329052791     ,-0.16820950012855138     )
 (-0.29177310329052780     , 0.16820950012855207     )
 ( 0.66889272777265152     , -5.6744732369730219E-016)
   2.0943951023931953        1.2091995761561449     
 ( 0.66400365891149693     , -6.2912638062092207E-016)
 (-0.28955744170714109     , 0.16760186897827595     )
 (-0.28955744170714121     ,-0.16760186897827511     )
 ( 0.66695323493401548     , -5.0576826677368240E-016)
   2.0943951023931953        3.6275987284684348     
 ( 0.63099440827821418     , -2.0382314601417326E-016)
 ( -7.2511680663282319E-004,  1.6847121920732433E-003)
 ( -7.2511680663290960E-004, -1.6847121920734328E-003)
 ( 0.63149620594661338     , -1.9205346950550126E-016)
   4.1887902047863905        0.0000000000000000     
 ( 0.63099440827821440     , -4.8998377431967485E-016)
 ( -7.2511680663319333E-004, -1.6847121920729627E-003)
 ( -7.2511680663299590E-004,  1.6847121920732185E-003)
 ( 0.63149620594661338     , -3.9195519191311588E-016)
   1.0000000000000000                2           9
 (  0.0000000000000000     ,  0.0000000000000000     )
 (  0.0000000000000000     ,  0.0000000000000000     )
  -2.0943951023931953       -1.2091995761561449     
 ( 0.66780430742625951     ,  1.4802973661668753E-016)
 (-0.28292630562863025     ,-0.17327457297783899     )
 (-0.28292630562863003     , 0.17327457297783835     )
 ( 0.67139967417665558     ,  1.2335811384723962E-016)
  -2.0943951023931953        1.2091995761561449     
 ( 0.67088734514309056     , -7.4014868308343765E-017)
 (-0.29169225904167423     , 0.16814123847003806     )
 (-0.29169225904167406     ,-0.16814123847003776     )
 ( 0.67215380405509961     ,  2.8372366184865109E-016)
   0.0000000000000000       -2.4183991523122899     
 ( 0.67315488328260664     ,  1.7270135938613546E-016)
 (  7.6745880743613508E-003,-0.34330488533224846     )
 (  7.6745880743614931E-003, 0.34330488533224846     )
 ( 0.67466924885046498     ,  2.4671622769447922E-017)
   0.0000000000000000        0.0000000000000000     
 (  1.4088901262062892     ,  3.9524760343666997E-016)
 ( -1.3015693014222580     , -3.4613318607014256E-016)
 ( -1.3015693014222580     , -3.4613318607014256E-016)
 (  1.4215260004300623     ,  1.0565297701368285E-016)
   0.0000000000000000        2.4183991523122899     
 ( 0.67315488328260664     , -7.4014868308343765E-017)
 (  7.6745880743615113E-003, 0.34330488533224862     )
 (  7.6745880743613569E-003,-0.34330488533224812     )
 ( 0.67466924885046498     , -1.9737298215558337E-016)
   2.0943951023931953       -1.2091995761561449     
 ( 0.67088734514309056     ,  0.0000000000000000     )
 (-0.29169225904167401     ,-0.16814123847003781     )
 (-0.29169225904167434     , 0.16814123847003801     )
 ( 0.67215380405509983     ,  3.5773853015699490E-016)
   2.0943951023931953        1.2091995761561449     
 ( 0.66780430742625940     , -2.4671622769447922E-017)
 (-0.28292630562863008     , 0.17327457297783855     )
 (-0.28292630562863014     ,-0.17327457297783880     )
 ( 0.67139967417665569     , -2.4671622769447922E-017)
   2.0943951023931953        3.6275987284684348     
 ( 0.63561510705329882     ,  1.9218284963853035E-016)
 (  3.7192668171209067E-003, -5.5047594365064028E-003)
 (  3.7192668171211287E-003,  5.5047594365060714E-003)
 ( 0.63759801684074535     ,  4.0212864374538515E-016)
   4.1887902047863905        0.0000000000000000     
 ( 0.63561510705329904     ,  6.4554195873454952E-017)
 (  3.7192668171209067E-003,  5.5047594365064808E-003)
 (  3.7192668171205983E-003, -5.5047594365064479E-003)
 ( 0.63759801684074535     ,  2.3648343685815538E-016)
   1.0000000000000000                2           9
 (  0.0000000000000000     ,  0.0000000000000000     )
 (  0.0000000000000000     ,  0.0000000000000000     )
  -2.0943951023931953       -1.2091995761561449     
 ( 0.67172515645273734     ,  4.6876083261951055E-016)
 (-0.29319983033842789     ,-0.16838059121470980     )
 (-0.29319983033842800     , 0.16838059121470947     )
 ( 0.67236212775149073     ,  6.0445475785147414E-016)
  -2.0943951023931953        1.2091995761561449     
 ( 0.67512944110719464     ,  5.6744732369730219E-016)
 (-0.29219045402391752     , 0.16790738788863407     )
 (-0.29219045402391719     ,-0.16790738788863444     )
 ( 0.66819641338084401     ,  4.8109664400423447E-016)
   0.0000000000000000       -2.4183991523122899     
 ( 0.67277006392706162     ,  5.0576826677368240E-016)
 ( -2.6917883515801388E-003,-0.33523689101952242     )
 ( -2.6917883515802871E-003, 0.33523689101952203     )
 ( 0.67108781131088979     ,  5.0576826677368240E-016)
   0.0000000000000000        0.0000000000000000     
 (  1.3904528368808378     ,  1.2737240605541789E-015)
 ( -1.2751028514110179     , -1.0069383098164507E-015)
 ( -1.2751028514110181     , -1.0069383098164509E-015)
 (  1.3863292296093119     ,  1.0515416995925733E-015)
   0.0000000000000000        2.4183991523122899     
 ( 0.67277006392706162     ,  3.5773853015699490E-016)
 ( -2.6917883515803118E-003, 0.33523689101952220     )
 ( -2.6917883515801019E-003,-0.33523689101952225     )
 ( 0.67108781131088990     ,  3.3306690738754696E-016)
   2.0943951023931953       -1.2091995761561449     
 ( 0.67512944110719453     ,  5.6744732369730219E-016)
 (-0.29219045402391713     ,-0.16790738788863452     )
 (-0.29219045402391747     , 0.16790738788863402     )
 ( 0.66819641338084401     ,  5.7978313508202620E-016)
   2.0943951023931953        1.2091995761561449     
 ( 0.67172515645273745     ,  3.2073109600282300E-016)
 (-0.29319983033842800     , 0.16838059121470950     )
 (-0.29319983033842784     ,-0.16838059121470972     )
 ( 0.67236212775149062     ,  5.0576826677368240E-016)
   2.0943951023931953        3.6275987284684348     
 ( 0.63695050823677679     ,  6.3097886442253100E-016)
 (  9.0721324708854648E-004,  7.2137879877568509E-004)
 (  9.0721324708829972E-004, -7.2137879877631154E-004)
 ( 0.63517828850000058     ,  7.4098336788390502E-016)
   4.1887902047863905        0.0000000000000000     
 ( 0.63695050823677690     ,  3.5764400924140976E-016)
 (  9.0721324708812701E-004, -7.2137879877585877E-004)
 (  9.0721324708828736E-004,  7.2137879877573767E-004)
 ( 0.63517828850000058     ,  5.5396857369828008E-016)
   1.0000000000000000                2           9
 (  0.0000000000000000     ,  0.0000000000000000     )
 (  0.0000000000000000     ,  0.0000000000000000     )
  -2.0943951023931953       -1.2091995761561449     
 ( 0.67024143460811347     , -7.4014868308343773E-016)
 (-0.28822800186027159     ,-0.17188217734401207     )
 (-0.28822800186027125     , 0.17188217734401257     )
 ( 0.67055733879666357     , -6.7846962615981784E-016)
  -2.0943951023931953        1.2091995761561449     
 ( 0.67484934397568308     , -9.2518585385429718E-016)
 (-0.28871220394989611     , 0.17226065296051415     )
 (-0.28871220394989638     ,-0.17226065296051354     )
 ( 0.67230328631138536     , -8.1416355139178143E-016)
   0.0000000000000000       -2.4183991523122899     
 ( 0.67779048220021221     , -6.7846962615981784E-016)
 (  9.4780369593850458E-003,-0.34362969193579995     )
 (  9.4780369593857119E-003, 0.34362969193579956     )
 ( 0.67331032385239087     , -7.4014868308343773E-016)
   0.0000000000000000        0.0000000000000000     
 (  1.4429127961362940     , -1.3724603064239682E-015)
 ( -1.3324097725469659     ,  1.1807380688468292E-015)
 ( -1.3324097725469657     ,  1.1807380688468292E-015)
 (  1.4393001602452005     , -1.1390372979966339E-015)
   0.0000000000000000        2.4183991523122899     
 ( 0.67779048220021232     , -7.7715611723760958E-016)
 (  9.4780369593857605E-003, 0.34362969193579979     )
 (  9.4780369593850076E-003,-0.34362969193579973     )
 ( 0.67331032385239087     , -8.6350679693067730E-016)
   2.0943951023931953       -1.2091995761561449     
 ( 0.67484934397568308     , -7.7715611723760958E-016)
 (-0.28871220394989655     ,-0.17226065296051357     )
 (-0.28871220394989600     , 0.17226065296051407     )
 ( 0.67230328631138525     , -8.3883517416122936E-016)
   2.0943951023931953        1.2091995761561449     
 ( 0.67024143460811358     , -8.0182774000705751E-016)
 (-0.28822800186027114     , 0.17188217734401270     )
 (-0.28822800186027159     ,-0.17188217734401190     )
 ( 0.67055733879666346     , -7.5248449446816164E-016)
   2.0943951023931953        3.6275987284684348     
 ( 0.63692633071635330     , -5.8995541476951798E-016)
 (  5.5207266785605291E-003, -3.8110708143539347E-004)
 (  5.5207266785603443E-003,  3.8110708143470522E-004)
 ( 0.63393248213576092     , -5.2941433570053754E-016)
   4.1887902047863905        0.0000000000000000     
 ( 0.63692633071635330     , -8.3113377075069608E-016)
 (  5.5207266785600850E-003,  3.8110708143522065E-004)
 (  5.5207266785601960E-003, -3.8110708143526667E-004)
 ( 0.63393248213576103     , -7.9497910839696218E-016)
   1.0000000000000000                2           9
 (  0.0000000000000000     ,  0.0000000000000000     )
 (  0.0000000000000000     ,  0.0000000000000000     )
  -2.0943951023931953       -1.2091995761561449     
 ( 0.68204829498090447     ,  3.8241015292644283E-016)
 (-0.29572367153488666     ,-0.17203371681716340     )
 (-0.29572367153488743     , 0.17203371681716340     )
 ( 0.68282437700191911     ,  8.7584260831540131E-016)
  -2.0943951023931953        1.2091995761561449     
 ( 0.67857751282382228     ,  3.3306690738754696E-016)
 (-0.28856865451126729     , 0.17232043505030464     )
 (-0.28856865451126695     ,-0.17232043505030481     )
 ( 0.67169232464745965     ,  2.2204460492503131E-016)
   0.0000000000000000       -2.4183991523122899     
 ( 0.68482838318871841     ,  4.9343245538895848E-016)
 (  4.6118195443981919E-004,-0.33976122015785837     )
 (  4.6118195443950460E-004, 0.33976122015785876     )
 ( 0.67262464483039208     ,  3.4540271877227093E-016)
   0.0000000000000000        0.0000000000000000     
 (  1.4588642501588058     ,  1.7006991496019135E-015)
 ( -1.3360828587115521     , -1.5295527654918024E-015)
 ( -1.3360828587115521     , -1.5295527654918024E-015)
 (  1.4428739250537614     ,  1.5250042322356972E-015)
   0.0000000000000000        2.4183991523122899     
 ( 0.68482838318871841     ,  3.2073109600282300E-016)
 (  4.6118195443951078E-004, 0.33976122015785898     )
 (  4.6118195443978834E-004,-0.33976122015785815     )
 ( 0.67262464483039197     ,  1.9737298215558337E-016)
   2.0943951023931953       -1.2091995761561449     
 ( 0.67857751282382239     ,  4.0708177569589072E-016)
 (-0.28856865451126701     ,-0.17232043505030489     )
 (-0.28856865451126723     , 0.17232043505030464     )
 ( 0.67169232464745965     ,  2.2204460492503131E-016)
   2.0943951023931953        1.2091995761561449     
 ( 0.68204829498090458     ,  2.7138785046392718E-016)
 (-0.29572367153488738     , 0.17203371681716359     )
 (-0.29572367153488666     ,-0.17203371681716326     )
 ( 0.68282437700191911     ,  7.7715611723760958E-016)
   2.0943951023931953        3.6275987284684348     
 ( 0.64790655340716052     ,  6.5325072634015515E-016)
 (  3.1580469439029934E-003,  5.6799341343429226E-004)
 (  3.1580469439027961E-003, -5.6799341343456895E-004)
 ( 0.63722265657720678     ,  5.1638165176979822E-016)
   4.1887902047863905        0.0000000000000000     
 ( 0.64790655340716052     ,  4.2289443269712662E-016)
 (  3.1580469439025372E-003, -5.6799341343408756E-004)
 (  3.1580469439026603E-003,  5.6799341343429118E-004)
 ( 0.63722265657720689     ,  2.7556905802951838E-016)
   1.0000000000000000                2           9
 (  0.0000000000000000     ,  0.0000000000000000     )
 (  0.0000000000000000     ,  0.0000000000000000     )
  -2.0943951023931953       -1.2091995761561449     
 ( 0.66763877974916619     , -8.0182774000705751E-016)
 (-0.28271911835082747     ,-0.17158076782387166     )
 (-0.28271911835082697     , 0.17158076782387241     )
 ( 0.67062444462046200     , -7.8949192862233350E-016)
  -2.0943951023931953        1.2091995761561449     
 ( 0.67233812091723244     , -8.7584260831540131E-016)
 (-0.29740019467203277     , 0.16523780389733350     )
 (-0.29740019467203321     ,-0.16523780389733261     )
 ( 0.67208792092012892     , -8.8817841970012523E-016)
   0.0000000000000000       -2.4183991523122899     
 ( 0.67103435483544416     , -8.1416355139178143E-016)
 (  1.8375736393233472E-003,-0.33735397756165497     )
 (  1.8375736393242230E-003, 0.33735397756165486     )
 ( 0.67221325993657521     , -7.4014868308343773E-016)
   0.0000000000000000        0.0000000000000000     
 (  1.3735432371246907     , -2.0045679367427796E-015)
 ( -1.2633826211848023     ,  1.8125548587324549E-015)
 ( -1.2633826211848023     ,  1.8125548587324545E-015)
 (  1.3784185674980778     , -2.0171232635741329E-015)
   0.0000000000000000        2.4183991523122899     
 ( 0.67103435483544405     , -9.8686491077791697E-016)
 (  1.8375736393242107E-003, 0.33735397756165508     )
 (  1.8375736393233841E-003,-0.33735397756165486     )
 ( 0.67221325993657521     , -8.8817841970012523E-016)
   2.0943951023931953       -1.2091995761561449     
 ( 0.67233812091723244     , -8.2649936277650545E-016)
 (-0.29740019467203310     ,-0.16523780389733275     )
 (-0.29740019467203277     , 0.16523780389733339     )
 ( 0.67208792092012892     , -8.1416355139178143E-016)
   2.0943951023931953        1.2091995761561449     
 ( 0.66763877974916619     , -9.2518585385429718E-016)
 (-0.28271911835082697     , 0.17158076782387244     )
 (-0.28271911835082747     ,-0.17158076782387166     )
 ( 0.67062444462046200     , -9.6219328800846894E-016)
   2.0943951023931953        3.6275987284684348     
 ( 0.63497307019977223     , -6.0619670991020808E-016)
 (  1.3440811993653792E-003, -6.6698017194921086E-003)
 (  1.3440811993654161E-003,  6.6698017194917140E-003)
 ( 0.63613125101419832     , -6.4341462612784222E-016)
   4.1887902047863905        0.0000000000000000     
 ( 0.63497307019977223     , -8.4131511584220489E-016)
 (  1.3440811993651325E-003,  6.6698017194920514E-003)
 (  1.3440811993651201E-003, -6.6698017194921633E-003)
 ( 0.63613125101419843     , -7.8016996839301551E-016)
   1.0000000000000000                2           9
 (  0.0000000000000000     ,  0.0000000000000000     )
 (  0.0000000000000000     ,  0.0000000000000000     )
  -2.0943951023931953       -1.2091995761561449     
 ( 0.67106756966543191     ,  2.5905203907920321E-016)
 (-0.29204919958513065     ,-0.16908597502517472     )
 (-0.29204919958513070     , 0.16908597502517420     )
 ( 0.67372995111289558     ,  4.1941758708061468E-016)
  -2.0943951023931953        1.2091995761561449     
 ( 0.67089883823295926     ,  1.9737298215558337E-016)
 (-0.29248156052947949     , 0.16871482539399663     )
 (-0.29248156052947910     ,-0.16871482539399693     )
 ( 0.67216959562771705     ,  2.8372366184865109E-016)
   0.0000000000000000       -2.4183991523122899     
 ( 0.67207718834065311     ,  2.0970879354030734E-016)
 (  1.6572945383212462E-003,-0.33720175341894315     )
 (  1.6572945383208390E-003, 0.33720175341894287     )
 ( 0.67077227564315711     ,  3.9474596431116675E-016)
   0.0000000000000000        0.0000000000000000     
 (  1.4020697730846063     ,  1.9992954858746713E-016)
 ( -1.2964905125025024     , -1.5317827490666020E-016)
 ( -1.2964905125025026     , -1.5317827490666032E-016)
 (  1.4172758696076129     ,  2.3271231049689201E-016)
   0.0000000000000000        2.4183991523122899     
 ( 0.67207718834065311     ,  8.6350679693067732E-017)
 (  1.6572945383208390E-003, 0.33720175341894304     )
 (  1.6572945383212215E-003,-0.33720175341894298     )
 ( 0.67077227564315711     ,  2.2204460492503131E-016)
   2.0943951023931953       -1.2091995761561449     
 ( 0.67089883823295915     ,  3.2073109600282300E-016)
 (-0.29248156052947916     ,-0.16871482539399699     )
 (-0.29248156052947949     , 0.16871482539399665     )
 ( 0.67216959562771705     ,  4.0708177569589072E-016)
   2.0943951023931953        1.2091995761561449     
 ( 0.67106756966543191     ,  1.6036554800141150E-016)
 (-0.29204919958513070     , 0.16908597502517433     )
 (-0.29204919958513059     ,-0.16908597502517461     )
 ( 0.67372995111289569     ,  2.7138785046392718E-016)
   2.0943951023931953        3.6275987284684348     
 ( 0.63614516293556367     ,  4.6795906035122897E-016)
 (  1.1524763871931427E-003, -3.3502402707144096E-004)
 (  1.1524763871932661E-003,  3.3502402707076464E-004)
 ( 0.63885368030625733     ,  5.5279737028525734E-016)
   4.1887902047863905        0.0000000000000000     
 ( 0.63614516293556378     ,  2.3009338231122434E-016)
 (  1.1524763871930193E-003,  3.3502402707123030E-004)
 (  1.1524763871928714E-003, -3.3502402707137147E-004)
 ( 0.63885368030625733     ,  3.2549164958643867E-016)
   1.0000000000000000                2           9
 (  0.0000000000000000     ,  0.0000000000000000     )
 (  0.0000000000000000     ,  0.0000000000000000     )
  -2.0943951023931953       -1.2091995761561449     
 ( 0.67412713463142548     , -1.8503717077085943E-016)
 (-0.28650475959548788     ,-0.17082293934758053     )
 (-0.28650475959548777     , 0.17082293934758047     )
 ( 0.66821914779116198     , -9.8686491077791687E-017)
  -2.0943951023931953        1.2091995761561449     
 ( 0.67203620393309837     , -3.0839528461809903E-016)
 (-0.29198961976396520     , 0.16588063638857126     )
 (-0.29198961976396520     ,-0.16588063638857101     )
 ( 0.66624035947219629     , -9.8686491077791687E-017)
   0.0000000000000000       -2.4183991523122899     
 ( 0.67611768760866908     , -8.6350679693067732E-017)
 ( -2.9808773618909793E-003,-0.33603968760502362     )
 ( -2.9808773618907138E-003, 0.33603968760502334     )
 ( 0.67169017867514558     , -1.2335811384723961E-017)
   0.0000000000000000        0.0000000000000000     
 (  1.3555897967144590     , -1.0912984310736500E-016)
 ( -1.2347367700587240     ,  5.0449417948382732E-017)
 ( -1.2347367700587240     ,  5.0449417948382831E-017)
 (  1.3497996911047949     ,  3.0263460873128559E-017)
   0.0000000000000000        2.4183991523122899     
 ( 0.67611768760866908     , -1.8503717077085943E-016)
 ( -2.9808773618907078E-003, 0.33603968760502340     )
 ( -2.9808773618909979E-003,-0.33603968760502334     )
 ( 0.67169017867514547     , -1.6036554800141150E-016)
   2.0943951023931953       -1.2091995761561449     
 ( 0.67203620393309837     , -2.5905203907920321E-016)
 (-0.29198961976396520     ,-0.16588063638857106     )
 (-0.29198961976396509     , 0.16588063638857126     )
 ( 0.66624035947219629     , -2.4671622769447922E-017)
   2.0943951023931953        1.2091995761561449     
 ( 0.67412713463142548     , -2.7138785046392718E-016)
 (-0.28650475959548782     , 0.17082293934758053     )
 (-0.28650475959548782     ,-0.17082293934758053     )
 ( 0.66821914779116176     , -1.7270135938613546E-016)
   2.0943951023931953        3.6275987284684348     
 ( 0.63882404515072011     , -1.0525435470605989E-016)
 (  1.1718324764550874E-003, -3.5103866959592020E-003)
 (  1.1718324764551616E-003,  3.5103866959586569E-003)
 ( 0.63602439655381404     ,  1.0147597696353722E-016)
   4.1887902047863905        0.0000000000000000     
 ( 0.63882404515072011     , -4.1226377119700854E-016)
 (  1.1718324764549396E-003,  3.5103866959590745E-003)
 (  1.1718324764548654E-003, -3.5103866959591834E-003)
 ( 0.63602439655381404     , -9.4979102230892668E-017)
   1.0000000000000000                2           9
 (  0.0000000000000000     ,  0.0000000000000000     )
 (  0.0000000000000000     ,  0.0000000000000000     )
  -2.0943951023931953       -1.2091995761561449     
 ( 0.66999708322422635     ,  6.2912638062092207E-016)
 (-0.29019606712679835     ,-0.16751656761466518     )
 (-0.29019606712679863     , 0.16751656761466477     )
 ( 0.66694594168879084     ,  4.9343245538895848E-016)
  -2.0943951023931953        1.2091995761561449     
 ( 0.66671505870078651     ,  5.4277570092785435E-016)
 (-0.28946482801007384     , 0.16702277265985421     )
 (-0.28946482801007362     ,-0.16702277265985474     )
 ( 0.66814162427298185     ,  5.1810407815840642E-016)
   0.0000000000000000       -2.4183991523122899     
 ( 0.66733370303259132     ,  5.7978313508202620E-016)
 (  1.6975228700555963E-004,-0.33463591287231936     )
 (  1.6975228700501685E-004, 0.33463591287231936     )
 ( 0.66699958974286222     ,  6.2912638062092207E-016)
   0.0000000000000000        0.0000000000000000     
 (  1.3546596919025138     ,  1.3031933852007124E-015)
 ( -1.2386004396667907     , -1.4083617717189320E-015)
 ( -1.2386004396667909     , -1.4083617717189322E-015)
 (  1.3567506870666357     ,  1.5729277103078959E-015)
   0.0000000000000000        2.4183991523122899     
 ( 0.66733370303259132     ,  4.8109664400423447E-016)
 (  1.6975228700499216E-004, 0.33463591287231942     )
 (  1.6975228700562129E-004,-0.33463591287231931     )
 ( 0.66699958974286211     ,  4.3175339846533865E-016)
   2.0943951023931953       -1.2091995761561449     
 ( 0.66671505870078662     ,  6.1679056923619806E-016)
 (-0.28946482801007362     ,-0.16702277265985480     )
 (-0.28946482801007384     , 0.16702277265985421     )
 ( 0.66814162427298185     ,  6.1679056923619806E-016)
   2.0943951023931953        1.2091995761561449     
 ( 0.66999708322422646     ,  4.8109664400423447E-016)
 (-0.29019606712679852     , 0.16751656761466485     )
 (-0.29019606712679830     ,-0.16751656761466510     )
 ( 0.66694594168879073     ,  3.9474596431116675E-016)
   2.0943951023931953        3.6275987284684348     
 ( 0.63369912036436127     ,  6.8362592759133557E-016)
 ( -1.6906158571846261E-004,  2.5130694935775123E-004)
 ( -1.6906158571848727E-004, -2.5130694935827686E-004)
 ( 0.63515466964445455     ,  6.3778448284534848E-016)
   4.1887902047863905        0.0000000000000000     
 ( 0.63369912036436149     ,  5.3628580352209646E-016)
 ( -1.6906158571875865E-004, -2.5130694935788784E-004)
 ( -1.6906158571863530E-004,  2.5130694935771448E-004)
 ( 0.63515466964445466     ,  4.6508580075947988E-016)
   1.0000000000000000                2           9
 (  0.0000000000000000     ,  0.0000000000000000     )
 (  0.0000000000000000     ,  0.0000000000000000     )
  -2.0943951023931953       -1.2091995761561449     
 ( 0.67303283310033402     , -3.3306690738754696E-016)
 (-0.29725008272400316     ,-0.16501181526160738     )
 (-0.29725008272400300     , 0.16501181526160724     )
 ( 0.67145230233725384     , -1.8503717077085943E-016)
  -2.0943951023931953        1.2091995761561449     
 ( 0.67059570641336719     , -4.9343245538895848E-016)
 (-0.28275259355986809     , 0.17372139677345444     )
 (-0.28275259355986826     ,-0.17372139677345411     )
 ( 0.67051778006909457     , -3.5773853015699490E-016)
   0.0000000000000000       -2.4183991523122899     
 ( 0.67313971758729751     , -3.0839528461809903E-016)
 (  2.5643206087069149E-003,-0.33777855822468911     )
 (  2.5643206087073217E-003, 0.33777855822468894     )
 ( 0.66862580565670759     , -2.0970879354030734E-016)
   0.0000000000000000        0.0000000000000000     
 (  1.3763910290258956     , -4.4586065614813448E-016)
 ( -1.2552204696579854     ,  2.5753263040973257E-016)
 ( -1.2552204696579856     ,  2.5753263040973286E-016)
 (  1.3652625423999816     , -2.1039565122698634E-016)
   0.0000000000000000        2.4183991523122899     
 ( 0.67313971758729751     , -5.5511151231257827E-016)
 (  2.5643206087073217E-003, 0.33777855822468905     )
 (  2.5643206087069149E-003,-0.33777855822468905     )
 ( 0.66862580565670759     , -4.0708177569589072E-016)
   2.0943951023931953       -1.2091995761561449     
 ( 0.67059570641336719     , -3.2073109600282300E-016)
 (-0.28275259355986820     ,-0.17372139677345422     )
 (-0.28275259355986804     , 0.17372139677345436     )
 ( 0.67051778006909457     , -2.5905203907920321E-016)
   2.0943951023931953        1.2091995761561449     
 ( 0.67303283310033390     , -4.0708177569589072E-016)
 (-0.29725008272400294     , 0.16501181526160733     )
 (-0.29725008272400316     ,-0.16501181526160730     )
 ( 0.67145230233725384     , -2.5905203907920321E-016)
   2.0943951023931953        3.6275987284684348     
 ( 0.64036705522756099     , -3.2853932801494999E-016)
 (  2.7720564145918588E-003,  3.5730675322982750E-003)
 (  2.7720564145918341E-003, -3.5730675322989767E-003)
 ( 0.63665910300060480     , -2.4534701216577050E-017)
   4.1887902047863905        0.0000000000000000     
 ( 0.64036705522756099     , -4.6574877008289207E-016)
 (  2.7720564145915384E-003, -3.5730675322985217E-003)
 (  2.7720564145916615E-003,  3.5730675322982611E-003)
 ( 0.63665910300060480     , -1.8519481461111645E-016)
   1.0000000000000000                2           9
 (  0.0000000000000000     ,  0.0000000000000000     )
 (  0.0000000000000000     ,  0.0000000000000000     )
  -2.0943951023931953       -1.2091995761561449     
 ( 0.67374826107568786     ,  4.9343245538895844E-017)
 (-0.29622202254490215     ,-0.16746747986091082     )
 (-0.29622202254490215     , 0.16746747986091043     )
 ( 0.67794833114987074     ,  1.2335811384723962E-016)
  -2.0943951023931953        1.2091995761561449     
 ( 0.67123919683876732     , -1.3569392523196359E-016)
 (-0.29293546364830531     , 0.17049525758398210     )
 (-0.29293546364830542     ,-0.17049525758398223     )
 ( 0.67954081821159784     ,  7.4014868308343765E-017)
   0.0000000000000000       -2.4183991523122899     
 ( 0.66966607160266900     , -1.6036554800141150E-016)
 ( -7.7252033706533740E-004,-0.33788903937778880     )
 ( -7.7252033706520166E-004, 0.33788903937778858     )
 ( 0.67599064102841933     ,  3.7007434154171883E-017)
   0.0000000000000000        0.0000000000000000     
 (  1.4034208037696305     ,  2.0195878051095350E-017)
 ( -1.2918419674925710     , -7.9096767707530811E-017)
 ( -1.2918419674925710     , -7.9096767707530454E-017)
 (  1.4103726678937625     ,  2.4998987139058765E-016)
   0.0000000000000000        2.4183991523122899     
 ( 0.66966607160266900     , -3.5773853015699490E-016)
 ( -7.7252033706520166E-004, 0.33788903937778869     )
 ( -7.7252033706531268E-004,-0.33788903937778847     )
 ( 0.67599064102841933     , -1.1102230246251565E-016)
   2.0943951023931953       -1.2091995761561449     
 ( 0.67123919683876720     , -6.1679056923619811E-017)
 (-0.29293546364830547     ,-0.17049525758398218     )
 (-0.29293546364830536     , 0.17049525758398207     )
 ( 0.67954081821159784     ,  7.4014868308343765E-017)
   2.0943951023931953        1.2091995761561449     
 ( 0.67374826107568797     , -1.4802973661668753E-016)
 (-0.29622202254490221     , 0.16746747986091043     )
 (-0.29622202254490215     ,-0.16746747986091068     )
 ( 0.67794833114987085     , -2.4671622769447922E-017)
   2.0943951023931953        3.6275987284684348     
 ( 0.63311362547645511     ,  1.1015137936254056E-016)
 ( -2.7670750409655781E-003,  1.4520727005843408E-003)
 ( -2.7670750409657017E-003, -1.4520727005851435E-003)
 ( 0.64590089861906130     ,  3.6278445966246879E-016)
   4.1887902047863905        0.0000000000000000     
 ( 0.63311362547645533     , -1.2718909139128170E-016)
 ( -2.7670750409658990E-003, -1.4520727005846873E-003)
 ( -2.7670750409658001E-003,  1.4520727005843572E-003)
 ( 0.64590089861906141     ,  1.9810683753198408E-016)
   1.0000000000000000                2           9
 (  0.0000000000000000     ,  0.0000000000000000     )
 (  0.0000000000000000     ,  0.0000000000000000     )
  -2.0943951023931953       -1.2091995761561449     
 ( 0.67163590878437740     ,  8.6350679693067730E-016)
 (-0.28631182764923330     ,-0.17509138426289081     )
 (-0.28631182764923346     , 0.17509138426288995     )
 ( 0.67674453308356430     ,  6.0445475785147414E-016)
  -2.0943951023931953        1.2091995761561449     
 ( 0.66954704356591344     ,  9.2518585385429718E-016)
 (-0.28973275578099128     , 0.16710017312036796     )
 (-0.28973275578099106     ,-0.16710017312036854     )
 ( 0.67407949347022023     ,  4.5642502123478653E-016)
   0.0000000000000000       -2.4183991523122899     
 ( 0.67266398537570204     ,  6.5379800339037001E-016)
 (  8.4764226211265156E-003,-0.34475189604708517     )
 (  8.4764226211260039E-003, 0.34475189604708495     )
 ( 0.67762860395787172     ,  9.2518585385429718E-016)
   0.0000000000000000        0.0000000000000000     
 (  1.4032287766004703     ,  1.4541312581391223E-015)
 ( -1.3081316184686274     , -1.7113980044591792E-015)
 ( -1.3081316184686276     , -1.7113980044591780E-015)
 (  1.4590980072641149     ,  1.8573290126483425E-015)
   0.0000000000000000        2.4183991523122899     
 ( 0.67266398537570193     ,  5.5511151231257827E-016)
 (  8.4764226211259362E-003, 0.34475189604708512     )
 (  8.4764226211265850E-003,-0.34475189604708506     )
 ( 0.67762860395787172     ,  7.7715611723760958E-016)
   2.0943951023931953       -1.2091995761561449     
 ( 0.66954704356591355     ,  9.2518585385429718E-016)
 (-0.28973275578099111     ,-0.16710017312036868     )
 (-0.28973275578099134     , 0.16710017312036790     )
 ( 0.67407949347022023     ,  5.7978313508202620E-016)
   2.0943951023931953        1.2091995761561449     
 ( 0.67163590878437740     ,  7.1547706031398979E-016)
 (-0.28631182764923346     , 0.17509138426289000     )
 (-0.28631182764923335     ,-0.17509138426289075     )
 ( 0.67674453308356430     ,  5.0576826677368240E-016)
   2.0943951023931953        3.6275987284684348     
 ( 0.63621149597110460     ,  9.3170789207434810E-016)
 (  7.9762692769142305E-003, -1.0743355760858026E-003)
 (  7.9762692769140831E-003,  1.0743355760851091E-003)
 ( 0.65586703969693216     ,  7.4103841801573369E-016)
   4.1887902047863905        0.0000000000000000     
 ( 0.63621149597110471     ,  6.3201627923296238E-016)
 (  7.9762692769137621E-003,  1.0743355760855298E-003)
 (  7.9762692769140206E-003, -1.0743355760858212E-003)
 ( 0.65586703969693227     ,  4.8273842366955425E-016)
   1.0000000000000000                2           9
 (  0.0000000000000000     ,  0.0000000000000000     )
 (  0.0000000000000000     ,  0.0000000000000000     )
  -2.0943951023931953       -1.2091995761561449     
 ( 0.69652866316675288     , -1.0238723449320887E-015)
 (-0.31197988699323509     ,-0.16674003765366063     )
 (-0.31197988699323570     , 0.16674003765366241     )
 ( 0.69604864085102813     , -6.6613381477509392E-016)
  -2.0943951023931953        1.2091995761561449     
 ( 0.67987967523158854     , -8.6350679693067732E-017)
 (-0.29735903017183590     , 0.18490653261885706     )
 (-0.29735903017183740     ,-0.18490653261885712     )
 ( 0.72765033393768319     , -2.0107372557100057E-015)
   0.0000000000000000       -2.4183991523122899     
 ( 0.68171275095112438     , -6.1679056923619811E-017)
 ( -1.9964043638992205E-003,-0.35089310262569590     )
 ( -1.9964043638981532E-003, 0.35089310262569584     )
 ( 0.69953077047785273     , -8.6350679693067730E-016)
   0.0000000000000000        0.0000000000000000     
 (  1.5038888278600957     , -2.8257094886404235E-015)
 ( -1.3938892293295704     ,  3.1909340080289995E-015)
 ( -1.3938892293295704     ,  3.1909340080290003E-015)
 (  1.5164011548864762     , -3.4016494289364349E-015)
   0.0000000000000000        2.4183991523122899     
 ( 0.68171275095112438     , -2.3438041630975528E-016)
 ( -1.9964043638981965E-003, 0.35089310262569601     )
 ( -1.9964043638991649E-003,-0.35089310262569573     )
 ( 0.69953077047785261     , -9.8686491077791697E-016)
   2.0943951023931953       -1.2091995761561449     
 ( 0.67987967523158854     , -1.2335811384723961E-017)
 (-0.29735903017183740     ,-0.18490653261885720     )
 (-0.29735903017183590     , 0.18490653261885706     )
 ( 0.72765033393768308     , -2.0107372557100057E-015)
   2.0943951023931953        1.2091995761561449     
 ( 0.69652866316675266     , -1.1225588360098805E-015)
 (-0.31197988699323553     , 0.16674003765366252     )
 (-0.31197988699323520     ,-0.16674003765366055     )
 ( 0.69604864085102813     , -7.1547706031398979E-016)
   2.0943951023931953        3.6275987284684348     
 ( 0.64472374848490288     ,  3.8990874843388903E-016)
 ( -3.0788600586792634E-003,  4.6706778069018845E-003)
 ( -3.0788600586797075E-003, -4.6706778069028222E-003)
 ( 0.66035153697571536     , -4.3252129904616061E-016)
   4.1887902047863905        0.0000000000000000     
 ( 0.64472374848490288     ,  1.4465157727125697E-016)
 ( -3.0788600586800280E-003, -4.6706778069023616E-003)
 ( -3.0788600586794854E-003,  4.6706778069019990E-003)
 ( 0.66035153697571536     , -7.4968729459426651E-016)
   1.0000000000000000                2           9
 (  0.0000000000000000     ,  0.0000000000000000     )
 (  0.0000000000000000     ,  0.0000000000000000     )
  -2.0943951023931953       -1.2091995761561449     
 ( 0.67490840807630825     , -2.0970879354030734E-016)
 (-0.29239237959224373     ,-0.16922622985520486     )
 (-0.29239237959224373     , 0.16922622985520494     )
 ( 0.67204925477215449     ,  1.7270135938613546E-016)
  -2.0943951023931953        1.2091995761561449     
 ( 0.68014002341151114     , -9.8686491077791687E-017)
 (-0.30662343011537080     , 0.16368554631421756     )
 (-0.30662343011537080     ,-0.16368554631421744     )
 ( 0.67248235509000054     , -1.2335811384723962E-016)
   0.0000000000000000       -2.4183991523122899     
 ( 0.67546743423432554     , -4.9343245538895844E-017)
 ( -1.0214564615385811E-002,-0.33220506928976334     )
 ( -1.0214564615385712E-002, 0.33220506928976368     )
 ( 0.67037579429307981     ,  9.8686491077791687E-017)
   0.0000000000000000        0.0000000000000000     
 (  1.4335259034666592     ,  8.2241697709415415E-016)
 ( -1.2951795141529530     , -4.4975347883242948E-016)
 ( -1.2951795141529527     , -4.4975347883242929E-016)
 (  1.3952780646368910     ,  1.3293804744643810E-016)
   0.0000000000000000        2.4183991523122899     
 ( 0.67546743423432554     , -2.4671622769447924E-016)
 ( -1.0214564615385687E-002, 0.33220506928976373     )
 ( -1.0214564615385835E-002,-0.33220506928976318     )
 ( 0.67037579429307981     , -7.4014868308343765E-017)
   2.0943951023931953       -1.2091995761561449     
 ( 0.68014002341151114     , -4.9343245538895844E-017)
 (-0.30662343011537080     ,-0.16368554631421739     )
 (-0.30662343011537085     , 0.16368554631421744     )
 ( 0.67248235509000054     , -9.8686491077791687E-017)
   2.0943951023931953        1.2091995761561449     
 ( 0.67490840807630814     , -2.8372366184865109E-016)
 (-0.29239237959224373     , 0.16922622985520497     )
 (-0.29239237959224368     ,-0.16922622985520480     )
 ( 0.67204925477215449     ,  2.4671622769447922E-017)
   2.0943951023931953        3.6275987284684348     
 ( 0.64581298439134560     ,  2.9315616013976477E-016)
 ( -8.2639566179733490E-003, -6.1402484413106253E-003)
 ( -8.2639566179732379E-003,  6.1402484413104214E-003)
 ( 0.63891386086125201     ,  1.9375647125506368E-016)
   4.1887902047863905        0.0000000000000000     
 ( 0.64581298439134582     ,  2.5603651542734816E-018)
 ( -8.2639566179735467E-003,  6.1402484413107450E-003)
 ( -8.2639566179735346E-003, -6.1402484413107129E-003)
 ( 0.63891386086125213     , -6.8927427497077277E-018)
   1.0000000000000000                2           9
 (  0.0000000000000000     ,  0.0000000000000000     )
 (  0.0000000000000000     ,  0.0000000000000000     )
  -2.0943951023931953       -1.2091995761561449     
 ( 0.67551934266146041     ,  1.4802973661668753E-016)
 (-0.29421595806853756     ,-0.17040469463906088     )
 (-0.29421595806853784     , 0.17040469463906091     )
 ( 0.67807140355255613     ,  1.2335811384723961E-017)
  -2.0943951023931953        1.2091995761561449     
 ( 0.67297942045970138     , -6.1679056923619811E-017)
 (-0.28935839141141084     , 0.17273491163065818     )
 (-0.28935839141141079     ,-0.17273491163065810     )
 ( 0.67385256527810777     , -3.7007434154171883E-017)
   0.0000000000000000       -2.4183991523122899     
 ( 0.67664611408208553     ,  1.8503717077085943E-016)
 (  1.4807855121744169E-003,-0.34085286267390941     )
 (  1.4807855121743059E-003, 0.34085286267390941     )
 ( 0.67794558171024999     , -3.7007434154171883E-017)
   0.0000000000000000        0.0000000000000000     
 (  1.4276958444346046     ,  5.5085367620756539E-016)
 ( -1.3083684344975255     , -8.3422150919555574E-017)
 ( -1.3083684344975250     , -8.3422150919555303E-017)
 (  1.4202406703881301     , -2.6165408921420833E-016)
   0.0000000000000000        2.4183991523122899     
 ( 0.67664611408208553     ,  1.6036554800141150E-016)
 (  1.4807855121743059E-003, 0.34085286267390974     )
 (  1.4807855121743924E-003,-0.34085286267390924     )
 ( 0.67794558171024999     , -1.6036554800141150E-016)
   2.0943951023931953       -1.2091995761561449     
 ( 0.67297942045970138     ,  1.2335811384723961E-017)
 (-0.28935839141141095     ,-0.17273491163065818     )
 (-0.28935839141141079     , 0.17273491163065813     )
 ( 0.67385256527810788     , -6.1679056923619811E-017)
   2.0943951023931953        1.2091995761561449     
 ( 0.67551934266146041     ,  8.6350679693067732E-017)
 (-0.29421595806853779     , 0.17040469463906105     )
 (-0.29421595806853773     ,-0.17040469463906088     )
 ( 0.67807140355255624     , -1.3569392523196359E-016)
   2.0943951023931953        3.6275987284684348     
 ( 0.64178685690681347     ,  4.2083335471670517E-016)
 ( -1.2268687517037963E-003,  4.5483930331223291E-005)
 ( -1.2268687517036482E-003, -4.5483930331649878E-005)
 ( 0.64165885495308206     ,  5.3709254397445404E-017)
   4.1887902047863905        0.0000000000000000     
 ( 0.64178685690681370     ,  1.5574913534692320E-016)
 ( -1.2268687517039689E-003, -4.5483930331182099E-005)
 ( -1.2268687517039442E-003,  4.5483930331183068E-005)
 ( 0.64165885495308217     , -1.7314028029063109E-016)
