     0.0000000        0.54649538        0.02078475
     0.0500000        0.45771099        0.02106247
     0.1000000        0.38894413        0.02143076
     0.1500000        0.33522529        0.02156186
     0.2000000        0.29123504        0.02155025
     0.2500000        0.25444361        0.02147105
     0.3000000        0.22355764        0.02149939
     0.3500000        0.19744955        0.02162795
     0.4000000        0.17585206        0.02158798
     0.4500000        0.15776614        0.02128851
     0.5000000        0.14145799        0.02064237
     0.5500000        0.12771491        0.01975127
     0.6000000        0.11566550        0.01908676
     0.6500000        0.10517605        0.01841959
     0.7000000        0.09678497        0.01782230
     0.7500000        0.08938192        0.01740187
     0.8000000        0.08217094        0.01689605
     0.8500000        0.07582683        0.01663509
     0.9000000        0.07125017        0.01685547
     0.9500000        0.06654687        0.01691064
     1.0000000        0.06153235        0.01656121
     1.0500000        0.05805733        0.01643044
     1.1000000        0.05450960        0.01631156
     1.1500000        0.05129397        0.01596075
     1.2000000        0.04819718        0.01560683
     1.2500000        0.04609173        0.01567043
     1.3000000        0.04427456        0.01591895
     1.3500000        0.04136937        0.01556068
     1.4000000        0.03914673        0.01554789
     1.4500000        0.03636591        0.01527281
     1.5000000        0.03371131        0.01494373
     1.5500000        0.03100944        0.01464328
     1.6000000        0.02852504        0.01433678
     1.6500000        0.02658681        0.01406875
     1.7000000        0.02554333        0.01371706
     1.7500000        0.02577669        0.01305796
     1.8000000        0.02552439        0.01246921
     1.8500000        0.02444805        0.01228430
     1.9000000        0.02368335        0.01246685
     1.9500000        0.02245642        0.01252455
     2.0000000        0.02128125        0.01268626
     2.0500000        0.02097795        0.01273233
     2.1000000        0.02069326        0.01254507
     2.1500000        0.02041151        0.01259073
     2.2000000        0.02046288        0.01281018
     2.2500000        0.01922264        0.01251812
     2.3000000        0.01756894        0.01185595
     2.3500000        0.01577771        0.01110735
     2.4000000        0.01431782        0.01057086
     2.4500000        0.01360001        0.01022470
     2.5000000        0.01247895        0.00976525
     2.5500000        0.01126546        0.00943280
     2.6000000        0.00928023        0.00907660
     2.6500000        0.00821046        0.00867656
     2.7000000        0.00705754        0.00833133
     2.7500000        0.00610693        0.00790218
     2.8000000        0.00533712        0.00745481
     2.8500000        0.00475376        0.00718984
     2.9000000        0.00417090        0.00697976
     2.9500000        0.00341834        0.00671257
     3.0000000        0.00346340        0.00658054
     3.0500000        0.00362504        0.00649786
     3.1000000        0.00351317        0.00650543
     3.1500000        0.00335128        0.00661311
     3.2000000        0.00384242        0.00655656
     3.2500000        0.00430711        0.00648436
     3.3000000        0.00440141        0.00650991
     3.3500000        0.00424742        0.00667717
     3.4000000        0.00440001        0.00698031
     3.4500000        0.00409353        0.00725709
     3.5000000        0.00371066        0.00752739
     3.5500000        0.00303341        0.00783488
     3.6000000        0.00193844        0.00782772
     3.6500000        0.00037484        0.00803157
     3.7000000       -0.00090893        0.00835314
     3.7500000       -0.00241554        0.00892029
     3.8000000       -0.00388526        0.00974709
     3.8500000       -0.00391081        0.00994614
     3.9000000       -0.00338223        0.00987741
     3.9500000       -0.00331024        0.01009355
     4.0000000       -0.00342103        0.01050625
     4.0500000       -0.00305346        0.01059970
     4.1000000       -0.00365318        0.01048457
     4.1500000       -0.00396276        0.00996212
     4.2000000       -0.00497317        0.00952106
     4.2500000       -0.00598490        0.00912039
     4.3000000       -0.00735349        0.00882003
     4.3500000       -0.00854125        0.00849547
     4.4000000       -0.00900993        0.00828626
     4.4500000       -0.00999201        0.00854296
     4.5000000       -0.01073641        0.00845749
     4.5500000       -0.01192080        0.00872990
     4.6000000       -0.01332180        0.00951106
     4.6500000       -0.01544359        0.01088945
     4.7000000       -0.01565488        0.01060045
     4.7500000       -0.01548623        0.01057065
     4.8000000       -0.01558042        0.01096054
     4.8500000       -0.01543457        0.01116393
     4.9000000       -0.01531497        0.01079152
     4.9500000       -0.01456998        0.01038502
     5.0000000       -0.01362323        0.00976265
     5.0500000       -0.01319275        0.00929356
     5.1000000       -0.01276373        0.00886295
     5.1500000       -0.01267253        0.00848533
     5.2000000       -0.01243313        0.00831905
     5.2500000       -0.01219801        0.00813348
     5.3000000       -0.01212338        0.00808052
     5.3500000       -0.01186537        0.00809838
     5.4000000       -0.01175733        0.00791708
     5.4500000       -0.01184426        0.00801577
     5.5000000       -0.01136634        0.00772329
     5.5500000       -0.01077183        0.00743145
     5.6000000       -0.01009343        0.00689802
     5.6500000       -0.00964279        0.00622526
     5.7000000       -0.00931046        0.00565898
     5.7500000       -0.00930102        0.00512922
     5.8000000       -0.00919257        0.00502428
     5.8500000       -0.00897118        0.00515536
     5.9000000       -0.00877911        0.00530968
     5.9500000       -0.00868959        0.00542166
     6.0000000       -0.00844348        0.00550643
     6.0500000       -0.00771786        0.00527143
     6.1000000       -0.00707006        0.00511639
     6.1500000       -0.00530900        0.00400164
     6.2000000       -0.00396365        0.00320008
     6.2500000       -0.00290353        0.00270217
     6.3000000       -0.00311615        0.00270403
     6.3500000       -0.00334747        0.00278219
     6.4000000       -0.00346591        0.00299482
     6.4500000       -0.00303385        0.00320716
     6.5000000       -0.00280632        0.00348237
     6.5500000       -0.00236646        0.00375436
     6.6000000       -0.00197653        0.00411383
     6.6500000       -0.00133555        0.00458138
     6.7000000       -0.00037413        0.00501421
     6.7500000        0.00041902        0.00546354
     6.8000000        0.00137534        0.00596360
     6.8500000        0.00176990        0.00604315
     6.9000000        0.00241143        0.00622581
     6.9500000        0.00264049        0.00631449
     7.0000000        0.00253063        0.00640195
     7.0500000        0.00261031        0.00638589
     7.1000000        0.00245345        0.00637266
     7.1500000        0.00211368        0.00637582
     7.2000000        0.00126853        0.00619594
     7.2500000        0.00031769        0.00604041
     7.3000000       -0.00051542        0.00575936
     7.3500000       -0.00140089        0.00541630
     7.4000000       -0.00186976        0.00500465
     7.4500000       -0.00184670        0.00486358
     7.5000000       -0.00207402        0.00499166
     7.5500000       -0.00180795        0.00512389
     7.6000000       -0.00158879        0.00550269
     7.6500000       -0.00117305        0.00591972
     7.7000000       -0.00050171        0.00626375
     7.7500000       -0.00015153        0.00682427
     7.8000000        0.00037332        0.00713974
     7.8500000        0.00100358        0.00756455
     7.9000000        0.00169531        0.00774328
     7.9500000        0.00205251        0.00793905
     8.0000000        0.00203183        0.00816144
     8.0500000        0.00131256        0.00844690
     8.1000000        0.00045017        0.00876382
     8.1500000       -0.00003423        0.00890537
     8.2000000       -0.00024821        0.00898225
     8.2500000       -0.00018844        0.00900911
     8.3000000        0.00000910        0.00906708
     8.3500000       -0.00011265        0.00910646
     8.4000000       -0.00023569        0.00925148
     8.4500000       -0.00047424        0.00963165
     8.5000000       -0.00045760        0.00977484
     8.5500000       -0.00058538        0.00960238
     8.6000000       -0.00075671        0.00927782
     8.6500000       -0.00110161        0.00881091
     8.7000000       -0.00130620        0.00847747
     8.7500000       -0.00117681        0.00826271
     8.8000000       -0.00074637        0.00814190
     8.8500000       -0.00075130        0.00808399
     8.9000000       -0.00063658        0.00815222
     8.9500000       -0.00023508        0.00824873
     9.0000000        0.00012635        0.00836468
     9.0500000        0.00066005        0.00852454
     9.1000000        0.00131460        0.00863020
     9.1500000        0.00188970        0.00882166
     9.2000000        0.00233142        0.00904030
     9.2500000        0.00268245        0.00930418
     9.3000000        0.00267282        0.00954216
     9.3500000        0.00249360        0.00970679
     9.4000000        0.00184553        0.00953140
     9.4500000        0.00137207        0.00933025
     9.5000000        0.00113522        0.00910320
     9.5500000        0.00116886        0.00895327
     9.6000000        0.00128491        0.00894058
     9.6500000        0.00177297        0.00918787
     9.7000000        0.00158087        0.00969198
     9.7500000        0.00146671        0.01009851
     9.8000000        0.00128233        0.01068523
     9.8500000        0.00100207        0.01157194
     9.9000000        0.00200839        0.01232740
     9.9500000        0.00325937        0.01320444
    10.0000000        0.00492789        0.01439105
    10.0500000        0.00444061        0.01403115
    10.1000000        0.00218012        0.01329075
    10.1500000       -0.00023583        0.01251950
    10.2000000       -0.00222493        0.01181195
    10.2500000       -0.00336642        0.01100712
    10.3000000       -0.00426231        0.01045911
    10.3500000       -0.00437228        0.00978714
    10.4000000       -0.00461091        0.00936904
    10.4500000       -0.00480649        0.00912186
    10.5000000       -0.00474322        0.00899976
    10.5500000       -0.00494441        0.00833418
    10.6000000       -0.00540637        0.00770959
    10.6500000       -0.00528007        0.00701728
    10.7000000       -0.00518118        0.00646990
    10.7500000       -0.00534271        0.00613756
    10.8000000       -0.00535916        0.00584869
    10.8500000       -0.00431832        0.00556533
    10.9000000       -0.00324483        0.00530837
    10.9500000       -0.00242962        0.00515223
    11.0000000       -0.00145802        0.00512163
    11.0500000       -0.00058305        0.00530222
    11.1000000        0.00017428        0.00561459
    11.1500000        0.00010534        0.00581403
    11.2000000        0.00033384        0.00570787
    11.2500000        0.00036941        0.00559788
    11.3000000        0.00049380        0.00563865
    11.3500000        0.00052774        0.00550550
    11.4000000        0.00080231        0.00536065
    11.4500000        0.00129111        0.00517365
    11.5000000        0.00202430        0.00496844
    11.5500000        0.00264916        0.00472777
    11.6000000        0.00307976        0.00461496
    11.6500000        0.00316652        0.00451146
    11.7000000        0.00302241        0.00450303
    11.7500000        0.00246230        0.00435747
    11.8000000        0.00195111        0.00437922
    11.8500000        0.00062717        0.00419553
    11.9000000       -0.00079876        0.00399235
    11.9500000       -0.00253864        0.00379832
    12.0000000       -0.00409602        0.00368379
    12.0500000       -0.00524689        0.00374009
    12.1000000       -0.00631780        0.00380953
    12.1500000       -0.00717777        0.00402093
    12.2000000       -0.00755341        0.00406493
    12.2500000       -0.00740275        0.00377327
    12.3000000       -0.00742208        0.00322944
    12.3500000       -0.00758259        0.00260868
    12.4000000       -0.00781492        0.00217702
    12.4500000       -0.00797398        0.00209508
    12.5000000       -0.00813715        0.00209896
    12.5500000       -0.00789947        0.00225037
    12.6000000       -0.00684620        0.00249801
    12.6500000       -0.00612030        0.00275012
    12.7000000       -0.00608242        0.00295790
    12.7500000       -0.00569339        0.00327819
    12.8000000       -0.00523871        0.00359309
    12.8500000       -0.00463268        0.00387398
    12.9000000       -0.00386031        0.00418523
    12.9500000       -0.00293114        0.00414494
    13.0000000       -0.00269906        0.00404910
    13.0500000       -0.00238260        0.00418285
    13.1000000       -0.00274703        0.00419395
    13.1500000       -0.00349633        0.00413100
    13.2000000       -0.00441609        0.00408508
    13.2500000       -0.00551768        0.00410528
    13.3000000       -0.00650964        0.00410050
    13.3500000       -0.00715795        0.00434829
    13.4000000       -0.00706852        0.00430128
    13.4500000       -0.00642671        0.00420106
    13.5000000       -0.00589393        0.00406645
    13.5500000       -0.00519026        0.00388979
    13.6000000       -0.00525594        0.00352284
    13.6500000       -0.00538342        0.00323025
    13.7000000       -0.00562061        0.00280442
    13.7500000       -0.00582654        0.00258777
    13.8000000       -0.00578524        0.00247584
    13.8500000       -0.00573492        0.00255530
    13.9000000       -0.00558087        0.00266331
    13.9500000       -0.00600217        0.00274708
    14.0000000       -0.00610337        0.00285452
    14.0500000       -0.00616790        0.00299436
    14.1000000       -0.00606288        0.00332170
    14.1500000       -0.00602697        0.00366154
    14.2000000       -0.00602016        0.00405677
    14.2500000       -0.00673864        0.00431229
    14.3000000       -0.00767380        0.00445528
    14.3500000       -0.00811585        0.00441962
    14.4000000       -0.00794356        0.00427824
    14.4500000       -0.00772520        0.00421166
    14.5000000       -0.00775818        0.00432183
    14.5500000       -0.00724546        0.00442271
    14.6000000       -0.00659816        0.00454407
    14.6500000       -0.00573116        0.00486967
    14.7000000       -0.00497984        0.00538727
    14.7500000       -0.00289614        0.00587571
    14.8000000       -0.00122335        0.00688695
    14.8500000        0.00114962        0.00692315
    14.9000000        0.00326407        0.00722591
    14.9500000        0.00470651        0.00733083
    15.0000000        0.00606229        0.00746473
    15.0500000        0.00749975        0.00765154
    15.1000000        0.00853742        0.00764230
    15.1500000        0.00962888        0.00741431
    15.2000000        0.00983628        0.00697161
    15.2500000        0.00975631        0.00647133
    15.3000000        0.00956861        0.00601303
    15.3500000        0.00899458        0.00559586
    15.4000000        0.00838087        0.00537048
    15.4500000        0.00822627        0.00521318
    15.5000000        0.00807932        0.00497577
    15.5500000        0.00728422        0.00494588
    15.6000000        0.00670848        0.00484593
    15.6500000        0.00692846        0.00459822
    15.7000000        0.00752723        0.00439962
    15.7500000        0.00840170        0.00394923
    15.8000000        0.00930082        0.00373506
    15.8500000        0.00939392        0.00387126
    15.9000000        0.00898824        0.00417619
    15.9500000        0.00852642        0.00458209
    16.0000000        0.00826740        0.00481154
    16.0500000        0.00813118        0.00511532
    16.1000000        0.00775000        0.00563301
    16.1500000        0.00719976        0.00617158
    16.2000000        0.00665548        0.00641205
    16.2500000        0.00618815        0.00644360
    16.3000000        0.00563437        0.00633226
    16.3500000        0.00495922        0.00632526
    16.4000000        0.00454546        0.00655429
    16.4500000        0.00372816        0.00688027
    16.5000000        0.00373587        0.00716840
    16.5500000        0.00426341        0.00744510
    16.6000000        0.00510118        0.00786673
    16.6500000        0.00613527        0.00855115
    16.7000000        0.00777143        0.00934823
    16.7500000        0.00973564        0.00985753
    16.8000000        0.01195625        0.01025971
    16.8500000        0.01413419        0.01080210
    16.9000000        0.01536028        0.01113137
    16.9500000        0.01674021        0.01151747
    17.0000000        0.01806130        0.01203881
    17.0500000        0.01878574        0.01278453
    17.1000000        0.02031907        0.01359666
    17.1500000        0.02217294        0.01451205
    17.2000000        0.02412832        0.01565758
    17.2500000        0.02604836        0.01691099
    17.3000000        0.02800704        0.01792634
    17.3500000        0.02948728        0.01896288
    17.4000000        0.02930212        0.01959920
    17.4500000        0.02846414        0.02019198
    17.5000000        0.02805700        0.02071090
    17.5500000        0.02793578        0.02163825
    17.6000000        0.02931784        0.02221440
    17.6500000        0.03045687        0.02249745
    17.7000000        0.03134500        0.02262890
    17.7500000        0.03335889        0.02190164
    17.8000000        0.03490901        0.02125525
    17.8500000        0.03650106        0.02032176
    17.9000000        0.03829819        0.01955045
    17.9500000        0.04067948        0.01897818
    18.0000000        0.04283561        0.01835631
    18.0500000        0.04482235        0.01758183
    18.1000000        0.04685482        0.01693988
    18.1500000        0.04863828        0.01684520
    18.2000000        0.04971637        0.01697454
    18.2500000        0.05143207        0.01693058
    18.3000000        0.05387169        0.01696712
    18.3500000        0.05610479        0.01707029
    18.4000000        0.05781169        0.01727209
    18.4500000        0.05910746        0.01736328
    18.5000000        0.06069879        0.01740438
    18.5500000        0.06257170        0.01754556
    18.6000000        0.06503578        0.01748060
    18.6500000        0.06839298        0.01707827
    18.7000000        0.07220281        0.01698672
    18.7500000        0.07662147        0.01717591
    18.8000000        0.08095833        0.01753886
    18.8500000        0.08499881        0.01824384
    18.9000000        0.08955975        0.01905937
    18.9500000        0.09409477        0.01978469
    19.0000000        0.09914489        0.02042424
    19.0500000        0.10564433        0.02111440
    19.1000000        0.11259208        0.02161786
    19.1500000        0.12168771        0.02142477
    19.2000000        0.13089874        0.02108647
    19.2500000        0.14039015        0.02075462
    19.3000000        0.14982009        0.02050647
    19.3500000        0.15856697        0.02060734
    19.4000000        0.16722600        0.02040508
    19.4500000        0.17598650        0.02023652
    19.5000000        0.18526097        0.02010102
    19.5500000        0.19536810        0.02006589
    19.6000000        0.20717489        0.02017042
    19.6500000        0.22253099        0.02035041
    19.7000000        0.24202719        0.02083924
    19.7500000        0.26755850        0.02125192
    19.8000000        0.29982897        0.02143680
    19.8500000        0.34049939        0.02141677
    19.9000000        0.39302946        0.02113386
    19.9500000        0.45952146        0.02074899
    20.0000000        0.54649538        0.02078475
