        101         29  0.10000000000000000E+002          1 P 
  0.00000000000000000E+000  0.84598178108666531E+001  0.11753108185187026E+000
  0.10000000000000001E+000  0.58850668396350958E+001  0.74663518184363981E-001
  0.20000000000000001E+000  0.42478246686130703E+001  0.64343362118674960E-001
  0.30000000000000004E+000  0.32502320294264013E+001  0.97939539647318080E-001
  0.40000000000000002E+000  0.24178219693246321E+001  0.59142347342132327E-001
  0.50000000000000000E+000  0.18932442146190198E+001  0.36372522594422571E-001
  0.60000000000000009E+000  0.15639690101042139E+001  0.55248422757409398E-001
  0.70000000000000007E+000  0.13382365410161670E+001  0.65708852242390217E-001
  0.80000000000000004E+000  0.11434669277836886E+001  0.32282870175387876E-001
  0.90000000000000002E+000  0.98826389630960931E+000  0.27056354970095408E-001
  0.10000000000000000E+001  0.88786723209258278E+000  0.33900533430393336E-001
  0.11000000000000001E+001  0.79125228907663081E+000  0.37089465732104511E-001
  0.12000000000000002E+001  0.69756080544466714E+000  0.48053289918486411E-001
  0.13000000000000000E+001  0.79599405723661742E+000  0.47697670693098736E-001
  0.14000000000000001E+001  0.73867647297187045E+000  0.34226907367199431E-001
  0.15000000000000000E+001  0.67084625807363729E+000  0.30037520055906000E-001
  0.16000000000000001E+001  0.57125841955173351E+000  0.23812744139665130E-001
  0.17000000000000002E+001  0.55869294374089340E+000  0.21784300736040870E-001
  0.18000000000000000E+001  0.56325545138470445E+000  0.27109519388994332E-001
  0.19000000000000001E+001  0.53758374115669427E+000  0.15886960800491207E-001
  0.20000000000000000E+001  0.50799012667257226E+000  0.16861497624925514E-001
  0.21000000000000001E+001  0.47018744020823239E+000  0.20954691768734317E-001
  0.22000000000000002E+001  0.42044172166805366E+000  0.16923697323239222E-001
  0.23000000000000003E+001  0.44504995939859643E+000  0.19220244152492912E-001
  0.24000000000000004E+001  0.42592425069458811E+000  0.20330863022633334E-001
  0.25000000000000000E+001  0.42439614038797074E+000  0.24250523855426045E-001
  0.26000000000000001E+001  0.41829293865864575E+000  0.24908467288050753E-001
  0.27000000000000002E+001  0.38596692095259899E+000  0.18964917148171681E-001
  0.28000000000000003E+001  0.41829369803488825E+000  0.18380336302605094E-001
  0.29000000000000004E+001  0.41650080774206977E+000  0.24001141239086966E-001
  0.30000000000000000E+001  0.36939410325261379E+000  0.24912257917808243E-001
  0.31000000000000001E+001  0.37190841968112925E+000  0.33092015167837226E-001
  0.32000000000000002E+001  0.37000145841304249E+000  0.26316490996649903E-001
  0.33000000000000003E+001  0.33566737039332101E+000  0.26023331306123960E-001
  0.34000000000000004E+001  0.33991029736379041E+000  0.29493161282712631E-001
  0.35000000000000000E+001  0.39652802144317778E+000  0.57101207916793892E-001
  0.36000000000000001E+001  0.38186091981093162E+000  0.46427562710676509E-001
  0.37000000000000002E+001  0.34731200924160843E+000  0.43889324051434565E-001
  0.38000000000000003E+001  0.32892667670831344E+000  0.49011046369736661E-001
  0.39000000000000004E+001  0.30949704962063634E+000  0.26445681112800948E-001
  0.40000000000000000E+001  0.33436666535753434E+000  0.29650766404834127E-001
  0.41000000000000005E+001  0.28494203202513779E+000  0.34664549663355707E-001
  0.42000000000000002E+001  0.33128687247079830E+000  0.28617090012965172E-001
  0.42999999999999998E+001  0.31176174188170691E+000  0.22243189023700559E-001
  0.44000000000000004E+001  0.31086624247257011E+000  0.24096723397826651E-001
  0.45000000000000000E+001  0.30140686296420821E+000  0.40766121523730721E-001
  0.46000000000000005E+001  0.32883731034128710E+000  0.49142662010772074E-001
  0.47000000000000002E+001  0.32753244643587842E+000  0.85283959337368168E-001
  0.48000000000000007E+001  0.28770195578851815E+000  0.42134774848341584E-001
  0.49000000000000004E+001  0.31764226734043605E+000  0.25249148763824000E-001
  0.50000000000000000E+001  0.33279144534016086E+000  0.28683597454939432E-001
  0.51000000000000005E+001  0.32178430868569347E+000  0.22183217988653661E-001
  0.52000000000000002E+001  0.32203915416352713E+000  0.28800224127479936E-001
  0.53000000000000007E+001  0.30579851958670967E+000  0.27068186693133739E-001
  0.54000000000000004E+001  0.31767174524316111E+000  0.30306966454805347E-001
  0.55000000000000000E+001  0.32069052604654613E+000  0.33668584645431161E-001
  0.56000000000000005E+001  0.27350699765854897E+000  0.42611249995280050E-001
  0.57000000000000002E+001  0.33457470796620808E+000  0.26935764471502865E-001
  0.58000000000000007E+001  0.37599249952225611E+000  0.28864846992753660E-001
  0.59000000000000004E+001  0.34131791910822001E+000  0.24902793580841808E-001
  0.60000000000000000E+001  0.32556117056920675E+000  0.22248129210105612E-001
  0.61000000000000005E+001  0.30974993824873148E+000  0.28836374881403490E-001
  0.62000000000000002E+001  0.29851765883380682E+000  0.23609065854102457E-001
  0.63000000000000007E+001  0.38067792534582023E+000  0.29955799209005013E-001
  0.64000000000000004E+001  0.29624791761029817E+000  0.17231523757230350E-001
  0.65000000000000000E+001  0.30034128766513252E+000  0.21914666168572249E-001
  0.66000000000000005E+001  0.33119199485821588E+000  0.24083679695324132E-001
  0.67000000000000002E+001  0.37845173004403909E+000  0.33360713154061854E-001
  0.68000000000000007E+001  0.34449831704650319E+000  0.24566435402094026E-001
  0.69000000000000004E+001  0.35871421410945181E+000  0.18283096686150753E-001
  0.70000000000000000E+001  0.36944379528633614E+000  0.19370709939076330E-001
  0.71000000000000005E+001  0.38463106384899132E+000  0.19042416754218763E-001
  0.72000000000000002E+001  0.35820106939654250E+000  0.46720935789017710E-001
  0.73000000000000007E+001  0.32050652600183877E+000  0.85101919075285692E-001
  0.74000000000000004E+001  0.36208511068271676E+000  0.43958400680992597E-001
  0.75000000000000000E+001  0.41455463645383422E+000  0.36960659272091016E-001
  0.76000000000000005E+001  0.45097209113405112E+000  0.23617845251414686E-001
  0.77000000000000002E+001  0.45939717819554626E+000  0.21226519443071207E-001
  0.78000000000000007E+001  0.45865776558367688E+000  0.30871712922853199E-001
  0.79000000000000004E+001  0.41848349968949949E+000  0.46518271678875060E-001
  0.80000000000000000E+001  0.46508761428620876E+000  0.32469900872746524E-001
  0.80999999999999996E+001  0.49374163079697259E+000  0.25738866712536779E-001
  0.82000000000000011E+001  0.53840800333345407E+000  0.22511682669558847E-001
  0.83000000000000007E+001  0.57531832164980401E+000  0.18011302577166811E-001
  0.84000000000000004E+001  0.57844744543528148E+000  0.19255521712059444E-001
  0.85000000000000000E+001  0.61018718589811360E+000  0.19954414160571636E-001
  0.85999999999999996E+001  0.64279937592229508E+000  0.42554075695025673E-001
  0.87000000000000011E+001  0.72055360319388584E+000  0.30829215252341356E-001
  0.88000000000000007E+001  0.80785310932318033E+000  0.23476098705323998E-001
  0.89000000000000004E+001  0.80103451015615690E+000  0.18812881354378471E-001
  0.90000000000000000E+001  0.91526356626117955E+000  0.31296787373659374E-001
  0.90999999999999996E+001  0.10182637937964769E+001  0.27751845219235821E-001
  0.92000000000000011E+001  0.11670400391663251E+001  0.28342439713654542E-001
  0.93000000000000007E+001  0.13583806928336448E+001  0.24007205997170676E-001
  0.94000000000000004E+001  0.15780862370585849E+001  0.23985944121876789E-001
  0.95000000000000000E+001  0.19546507109950357E+001  0.55770533364214246E-001
  0.96000000000000014E+001  0.24859726158010051E+001  0.60809981178449775E-001
  0.97000000000000011E+001  0.32222478347349002E+001  0.70504023642370114E-001
  0.98000000000000007E+001  0.42634995972529763E+001  0.69587220879393688E-001
  0.99000000000000004E+001  0.59517369376699261E+001  0.84539524523344622E-001
  0.10000000000000000E+002  0.84598178108573219E+001  0.11753108185189336E+000
