   1.0000000000000000                1          16
 (  1.0000000000000002     , -6.1968999907768403E-006)
  -1.5707963267948966       -1.5707963267948966     
 ( 0.27081770146916762     , -2.3468335293760217E-015)
  -1.5707963267948966        0.0000000000000000     
 ( 0.14457206472617712     , -1.6004060733989037E-015)
  -1.5707963267948966        1.5707963267948966     
 ( 0.26265282046185834     ,  5.6216052049962856E-016)
  -1.5707963267948966        3.1415926535897931     
 ( 0.37138153812267494     , -5.6525388482300126E-016)
   0.0000000000000000       -1.5707963267948966     
 ( 0.14563525695117774     ,  6.7029105248021803E-016)
   0.0000000000000000        0.0000000000000000     
 (  16.000009819509842     , -1.9830079968122599E-004)
   0.0000000000000000        1.5707963267948966     
 ( 0.14563525695117774     , -9.0643367377934991E-016)
   0.0000000000000000        3.1415926535897931     
 ( 0.26691562032313010     ,  4.3223413672029143E-016)
   1.5707963267948966       -1.5707963267948966     
 ( 0.26265282046185834     ,  1.0062497303496912E-015)
   1.5707963267948966        0.0000000000000000     
 ( 0.14457206472617623     , -2.1344332415884279E-015)
   1.5707963267948966        1.5707963267948966     
 ( 0.27081770146916762     , -2.3020051576755352E-015)
   1.5707963267948966        3.1415926535897931     
 ( 0.37138153812267494     , -1.4513604619341425E-015)
   3.1415926535897931       -1.5707963267948966     
 ( 0.37326009238763669     , -4.0150581427297882E-015)
   3.1415926535897931        0.0000000000000000     
 ( 0.26309379224568052     ,  7.1320174158812089E-017)
   3.1415926535897931        1.5707963267948966     
 ( 0.37326009238763669     , -3.8154277236550002E-015)
   3.1415926535897931        3.1415926535897931     
 ( 0.44198451757854629     , -9.6468463778179650E-015)
   1.0000000000000000                1          16
 (  1.0000000000000000     , -3.1048196124833131E-006)
  -1.5707963267948966       -1.5707963267948966     
 ( 0.26495140570140596     ,  6.8144562936260991E-016)
  -1.5707963267948966        0.0000000000000000     
 ( 0.12740141577298458     ,  3.2448282139018771E-015)
  -1.5707963267948966        1.5707963267948966     
 ( 0.26834122356548484     , -4.0713062126251573E-016)
  -1.5707963267948966        3.1415926535897931     
 ( 0.38472573968169876     ,  1.9093850578324328E-015)
   0.0000000000000000       -1.5707963267948966     
 ( 0.14473514191413606     ,  5.2897631072504683E-016)
   0.0000000000000000        0.0000000000000000     
 (  15.999979274142499     , -9.9354227617828121E-005)
   0.0000000000000000        1.5707963267948966     
 ( 0.14473514191413606     , -8.2493809282517191E-016)
   0.0000000000000000        3.1415926535897931     
 ( 0.27088750337732370     ,  2.3051019101306969E-015)
   1.5707963267948966       -1.5707963267948966     
 ( 0.26834122356548473     ,  7.0309240336264081E-016)
   1.5707963267948966        0.0000000000000000     
 ( 0.12740141577298369     ,  1.8202780388142277E-015)
   1.5707963267948966        1.5707963267948966     
 ( 0.26495140570140585     ,  5.0269457243764040E-016)
   1.5707963267948966        3.1415926535897931     
 ( 0.38472573968169854     ,  2.3611297514597798E-015)
   3.1415926535897931       -1.5707963267948966     
 ( 0.37252350203043760     ,  6.3240326874953318E-017)
   3.1415926535897931        0.0000000000000000     
 ( 0.26691901085732295     ,  2.0945574715305372E-015)
   3.1415926535897931        1.5707963267948966     
 ( 0.37252350203043760     , -6.2454026190017151E-016)
   3.1415926535897931        3.1415926535897931     
 ( 0.37354474684458117     , -1.7140955132057337E-014)
   1.0000000000000000                1          16
 (  1.0000000000000002     , -1.4529627493627526E-006)
  -1.5707963267948966       -1.5707963267948966     
 ( 0.26366510896401940     ,  1.5467914289365482E-015)
  -1.5707963267948966        0.0000000000000000     
 ( 0.14386642633240543     ,  8.1681885850926582E-016)
  -1.5707963267948966        1.5707963267948966     
 ( 0.22601674184805287     , -4.3322262416973720E-016)
  -1.5707963267948966        3.1415926535897931     
 ( 0.38142656620510929     ,  2.6681499722027834E-015)
   0.0000000000000000       -1.5707963267948966     
 ( 0.14153148917182601     ,  7.7548322716678234E-016)
   0.0000000000000000        0.0000000000000000     
 (  16.000010772611247     , -4.6494808018450901E-005)
   0.0000000000000000        1.5707963267948966     
 ( 0.14153148917182579     ,  3.1300662609772337E-016)
   0.0000000000000000        3.1415926535897931     
 ( 0.26344027785292345     ,  1.5017512989992481E-015)
   1.5707963267948966       -1.5707963267948966     
 ( 0.22601674184805287     , -1.0993564389448311E-015)
   1.5707963267948966        0.0000000000000000     
 ( 0.14386642633240543     , -6.0509535004652816E-016)
   1.5707963267948966        1.5707963267948966     
 ( 0.26366510896401973     ,  2.9253976899321771E-017)
   1.5707963267948966        3.1415926535897931     
 ( 0.38142656620510929     ,  4.0142475321992659E-015)
   3.1415926535897931       -1.5707963267948966     
 ( 0.36667931607538806     , -3.5312718867737056E-016)
   3.1415926535897931        0.0000000000000000     
 ( 0.25683081278101039     ,  2.9431963932528317E-015)
   3.1415926535897931        1.5707963267948966     
 ( 0.36667931607538806     ,  1.6268872879453885E-015)
   3.1415926535897931        3.1415926535897931     
 ( 0.27356008694341039     , -1.8283935885368132E-014)
   1.0000000000000000                1          16
 (  1.0000000000000002     , -3.4761179732971179E-006)
  -1.5707963267948966       -1.5707963267948966     
 ( 0.26767035896002178     ,  1.2598895112402551E-015)
  -1.5707963267948966        0.0000000000000000     
 ( 0.14942458386425839     ,  2.0464061895779720E-016)
  -1.5707963267948966        1.5707963267948966     
 ( 0.26974990305919411     ,  1.9487941127363864E-015)
  -1.5707963267948966        3.1415926535897931     
 ( 0.38961480392399495     ,  1.4645834932737294E-015)
   0.0000000000000000       -1.5707963267948966     
 ( 0.15066780177715111     ,  1.5042830804785912E-015)
   0.0000000000000000        0.0000000000000000     
 (  15.999988308524664     , -1.1123577518174203E-004)
   0.0000000000000000        1.5707963267948966     
 ( 0.15066780177715133     ,  1.4924381717441870E-016)
   0.0000000000000000        3.1415926535897931     
 ( 0.28067227839299358     ,  3.1000355548652797E-015)
   1.5707963267948966       -1.5707963267948966     
 ( 0.26974990305919411     ,  1.3936826004238081E-015)
   1.5707963267948966        0.0000000000000000     
 ( 0.14942458386425927     , -5.5103643680333783E-016)
   1.5707963267948966        1.5707963267948966     
 ( 0.26767035896002189     ,  2.0825872019199394E-015)
   1.5707963267948966        3.1415926535897931     
 ( 0.38961480392399495     ,  7.9694450095136454E-016)
   3.1415926535897931       -1.5707963267948966     
 ( 0.38644733349459470     ,  3.0358236811998257E-015)
   3.1415926535897931        0.0000000000000000     
 ( 0.26623445561358450     ,  6.0155263474463705E-016)
   3.1415926535897931        1.5707963267948966     
 ( 0.38644733349459448     ,  2.1248744747786631E-015)
   3.1415926535897931        3.1415926535897931     
 ( 0.52314016508513739     ,  4.3762888956135407E-016)
   1.0000000000000000                1          16
 (  1.0000000000000002     ,  1.6017733924822979E-006)
  -1.5707963267948966       -1.5707963267948966     
 ( 0.27301892468095745     ,  5.1966360698645943E-016)
  -1.5707963267948966        0.0000000000000000     
 ( 0.15217543367319220     ,  1.9197861989082420E-015)
  -1.5707963267948966        1.5707963267948966     
 ( 0.27616863962936378     ,  1.6530351950271287E-015)
  -1.5707963267948966        3.1415926535897931     
 ( 0.38700465855407962     ,  1.6444691508315460E-015)
   0.0000000000000000       -1.5707963267948966     
 ( 0.14903079304500721     ,  1.0230743457810033E-015)
   0.0000000000000000        0.0000000000000000     
 (  16.000001216272256     ,  5.1256748505832556E-005)
   0.0000000000000000        1.5707963267948966     
 ( 0.14903079304500699     ,  6.6685887497794361E-016)
   0.0000000000000000        3.1415926535897931     
 ( 0.27081979456517469     ,  1.9303110067943503E-015)
   1.5707963267948966       -1.5707963267948966     
 ( 0.27616863962936378     ,  7.6485677532700351E-016)
   1.5707963267948966        0.0000000000000000     
 ( 0.15217543367319042     ,  2.7563510894839001E-016)
   1.5707963267948966        1.5707963267948966     
 ( 0.27301892468095756     ,  5.6596073381748498E-016)
   1.5707963267948966        3.1415926535897931     
 ( 0.38700465855407962     ,  2.5308192499150228E-015)
   3.1415926535897931       -1.5707963267948966     
 ( 0.39259682899281723     ,  1.4440149922155532E-015)
   3.1415926535897931        0.0000000000000000     
 ( 0.27658646435786149     ,  2.1820678334431680E-015)
   3.1415926535897931        1.5707963267948966     
 ( 0.39259682899281745     ,  1.4208668523165140E-015)
   3.1415926535897931        3.1415926535897931     
 ( 0.53305361762612580     ,  6.8196422528456636E-015)
   1.0000000000000000                1          16
 ( 0.99999999999999989     , -4.3891582080536293E-006)
  -1.5707963267948966       -1.5707963267948966     
 ( 0.28035516577094788     ,  4.7456884342406136E-016)
  -1.5707963267948966        0.0000000000000000     
 ( 0.15216360163763420     ,  1.0162633538521315E-015)
  -1.5707963267948966        1.5707963267948966     
 ( 0.28055677461540851     ,  1.1644975077534231E-015)
  -1.5707963267948966        3.1415926535897931     
 ( 0.39439997614537559     ,  2.1922483224362174E-015)
   0.0000000000000000       -1.5707963267948966     
 ( 0.14940444815764997     ,  6.8645244111383008E-017)
   0.0000000000000000        0.0000000000000000     
 (  15.999998196363373     , -1.4045306267973181E-004)
   0.0000000000000000        1.5707963267948966     
 ( 0.14940444815765019     ,  7.1098420933220913E-016)
   0.0000000000000000        3.1415926535897931     
 ( 0.27451669202100970     ,  1.8720546217810413E-015)
   1.5707963267948966       -1.5707963267948966     
 ( 0.28055677461540862     ,  5.4274483128266549E-017)
   1.5707963267948966        0.0000000000000000     
 ( 0.15216360163763243     , -1.8394845108932190E-016)
   1.5707963267948966        1.5707963267948966     
 ( 0.28035516577094777     ,  7.4420314745762828E-016)
   1.5707963267948966        3.1415926535897931     
 ( 0.39439997614537559     ,  1.0788201251386506E-015)
   3.1415926535897931       -1.5707963267948966     
 ( 0.39529934253538901     ,  1.5587269701963086E-016)
   3.1415926535897931        0.0000000000000000     
 ( 0.27899389686675446     ,  1.2486468429313488E-015)
   3.1415926535897931        1.5707963267948966     
 ( 0.39529934253538879     , -8.9966757459668256E-017)
   3.1415926535897931        3.1415926535897931     
 ( 0.56665918644478552     ,  1.8902404191585911E-015)
   1.0000000000000000                1          16
 ( 0.99999999999999989     ,  1.6266304253670276E-006)
  -1.5707963267948966       -1.5707963267948966     
 ( 0.27397109844874734     , -3.0568190868634181E-016)
  -1.5707963267948966        0.0000000000000000     
 ( 0.14586357172623887     , -8.5743620591247766E-016)
  -1.5707963267948966        1.5707963267948966     
 ( 0.27352400228756268     ,  1.6186376105556052E-016)
  -1.5707963267948966        3.1415926535897931     
 ( 0.39102412777400652     ,  1.1034937713756948E-015)
   0.0000000000000000       -1.5707963267948966     
 ( 0.15414702980963924     ,  7.3804267683224775E-016)
   0.0000000000000000        0.0000000000000000     
 (  15.999977846199956     ,  5.2052173654035435E-005)
   0.0000000000000000        1.5707963267948966     
 ( 0.15414702980963901     ,  4.8452825681787742E-017)
   0.0000000000000000        3.1415926535897931     
 ( 0.28331473985386335     ,  1.0686980814189617E-015)
   1.5707963267948966       -1.5707963267948966     
 ( 0.27352400228756268     , -6.0180843869470785E-017)
   1.5707963267948966        0.0000000000000000     
 ( 0.14586357172623976     , -1.6136883970447984E-015)
   1.5707963267948966        1.5707963267948966     
 ( 0.27397109844874734     , -1.0359251061402720E-015)
   1.5707963267948966        3.1415926535897931     
 ( 0.39102412777400652     ,  1.3233458315167583E-015)
   3.1415926535897931       -1.5707963267948966     
 ( 0.38098132723576938     , -1.7359177924324357E-016)
   3.1415926535897931        0.0000000000000000     
 ( 0.26854889315659147     ,  4.1761688914952397E-016)
   3.1415926535897931        1.5707963267948966     
 ( 0.38098132723576938     ,  2.4996365789948030E-017)
   3.1415926535897931        3.1415926535897931     
 ( 0.53453717768062881     ,  3.6826667441176766E-015)
   1.0000000000000000                1          16
 (  1.0000000000000000     , -2.4393689332072463E-006)
  -1.5707963267948966       -1.5707963267948966     
 ( 0.27407101230417430     , -1.3639983307872812E-015)
  -1.5707963267948966        0.0000000000000000     
 ( 0.14944002695413983     ,  3.5658223606922085E-016)
  -1.5707963267948966        1.5707963267948966     
 ( 0.27349792565626851     , -1.4515197041282263E-015)
  -1.5707963267948966        3.1415926535897931     
 ( 0.38838345528410700     , -1.1649735402697800E-015)
   0.0000000000000000       -1.5707963267948966     
 ( 0.15077780488810455     ,  3.5304756758032865E-016)
   0.0000000000000000        0.0000000000000000     
 (  15.999987466425612     , -7.8059805827474985E-005)
   0.0000000000000000        1.5707963267948966     
 ( 0.15077780488810455     ,  3.2954579142581084E-016)
   0.0000000000000000        3.1415926535897931     
 ( 0.27193181724361337     , -7.7689946625459153E-016)
   1.5707963267948966       -1.5707963267948966     
 ( 0.27349792565626840     , -3.4129667950306974E-016)
   1.5707963267948966        0.0000000000000000     
 ( 0.14944002695414160     , -8.4353131305035106E-016)
   1.5707963267948966        1.5707963267948966     
 ( 0.27407101230417441     , -1.0949518676191088E-015)
   1.5707963267948966        3.1415926535897931     
 ( 0.38838345528410700     , -1.8338813879471318E-015)
   3.1415926535897931       -1.5707963267948966     
 ( 0.38585302500593022     , -4.4761032581179874E-016)
   3.1415926535897931        0.0000000000000000     
 ( 0.27197275080566174     ,  4.8485351746962307E-016)
   3.1415926535897931        1.5707963267948966     
 ( 0.38585302500593022     ,  4.1706716476675593E-016)
   3.1415926535897931        3.1415926535897931     
 ( 0.55013182920869852     ,  5.5872410783261786E-015)
   1.0000000000000000                1          16
 (  1.0000000000000000     ,  2.5203384810947779E-007)
  -1.5707963267948966       -1.5707963267948966     
 ( 0.27478828940676658     ,  1.5564091704152656E-015)
  -1.5707963267948966        0.0000000000000000     
 ( 0.15262018851540238     , -4.7994326747438990E-016)
  -1.5707963267948966        1.5707963267948966     
 ( 0.27662293329537391     ,  1.6906584927200334E-015)
  -1.5707963267948966        3.1415926535897931     
 ( 0.39027346095975068     ,  1.8071260523630918E-015)
   0.0000000000000000       -1.5707963267948966     
 ( 0.15070336040525367     ,  6.5242342185348060E-016)
   0.0000000000000000        0.0000000000000000     
 (  15.999997080505311     ,  8.0650831336402881E-006)
   0.0000000000000000        1.5707963267948966     
 ( 0.15070336040525367     , -2.5898212356801524E-016)
   0.0000000000000000        3.1415926535897931     
 ( 0.27004307744936129     ,  1.0366250729920592E-015)
   1.5707963267948966       -1.5707963267948966     
 ( 0.27662293329537402     ,  1.9127030976450647E-015)
   1.5707963267948966        0.0000000000000000     
 ( 0.15262018851540415     , -3.4788384297562962E-016)
   1.5707963267948966        1.5707963267948966     
 ( 0.27478828940676669     ,  1.8249078150248013E-015)
   1.5707963267948966        3.1415926535897931     
 ( 0.39027346095975068     ,  1.8055375479496347E-015)
   3.1415926535897931       -1.5707963267948966     
 ( 0.38981155764632391     ,  7.4021859859462564E-016)
   3.1415926535897931        0.0000000000000000     
 ( 0.27986795591531888     ,  8.8343471755814593E-016)
   3.1415926535897931        1.5707963267948966     
 ( 0.38981155764632391     ,  7.1699157875237344E-016)
   3.1415926535897931        3.1415926535897931     
 ( 0.53644562694175169     , -1.1820056787731695E-015)
   1.0000000000000000                1          16
 ( 0.99999999999999989     , -4.1644448924661461E-006)
  -1.5707963267948966       -1.5707963267948966     
 ( 0.27741426421073856     , -1.0852846805920954E-015)
  -1.5707963267948966        0.0000000000000000     
 ( 0.15202028183053162     , -3.8845608587440017E-016)
  -1.5707963267948966        1.5707963267948966     
 ( 0.27286639813771962     , -1.7494618492590319E-016)
  -1.5707963267948966        3.1415926535897931     
 ( 0.38651730392867001     , -1.1659865916746961E-015)
   0.0000000000000000       -1.5707963267948966     
 ( 0.14989821600390951     , -8.1317365222075694E-016)
   0.0000000000000000        0.0000000000000000     
 (  16.000013362330378     , -1.3326223650532808E-004)
   0.0000000000000000        1.5707963267948966     
 ( 0.14989821600390951     , -1.2794246321027811E-015)
   0.0000000000000000        3.1415926535897931     
 ( 0.27214697086317707     , -5.1941754391528205E-017)
   1.5707963267948966       -1.5707963267948966     
 ( 0.27286639813771962     ,  4.9118762984919073E-016)
   1.5707963267948966        0.0000000000000000     
 ( 0.15202028183053251     , -3.4504734139351179E-017)
   1.5707963267948966        1.5707963267948966     
 ( 0.27741426421073878     , -1.2630091335849927E-015)
   1.5707963267948966        3.1415926535897931     
 ( 0.38651730392867001     , -2.7403887535928928E-016)
   3.1415926535897931       -1.5707963267948966     
 ( 0.38180368599751580     , -6.1329081732768714E-016)
   3.1415926535897931        0.0000000000000000     
 ( 0.28111458437602987     , -7.6366288238784857E-016)
   3.1415926535897931        1.5707963267948966     
 ( 0.38180368599751602     , -1.9136168344369153E-016)
   3.1415926535897931        3.1415926535897931     
 ( 0.43932558879426187     ,  1.0936369336717912E-014)
   1.0000000000000000                1          16
 (  1.0000000000000002     ,  7.7621527313887912E-006)
  -1.5707963267948966       -1.5707963267948966     
 ( 0.27969401902423030     ,  3.4819830395729778E-016)
  -1.5707963267948966        0.0000000000000000     
 ( 0.15289587643267488     ,  1.3663725641384350E-015)
  -1.5707963267948966        1.5707963267948966     
 ( 0.28145386869965383     , -6.2671628954166780E-016)
  -1.5707963267948966        3.1415926535897931     
 ( 0.39729068588759064     , -5.2380856271384835E-016)
   0.0000000000000000       -1.5707963267948966     
 ( 0.15276246823347606     ,  4.1681474894847415E-016)
   0.0000000000000000        0.0000000000000000     
 (  15.999994787835746     ,  2.4838888742847125E-004)
   0.0000000000000000        1.5707963267948966     
 ( 0.15276246823347606     , -1.3838282191154516E-015)
   0.0000000000000000        3.1415926535897931     
 ( 0.27722008902884598     ,  4.5319650809894085E-017)
   1.5707963267948966       -1.5707963267948966     
 ( 0.28145386869965405     ,  2.6146213015845743E-016)
   1.5707963267948966        0.0000000000000000     
 ( 0.15289587643267399     , -9.4389963510230213E-016)
   1.5707963267948966        1.5707963267948966     
 ( 0.27969401902423030     , -6.0243016087799250E-016)
   1.5707963267948966        3.1415926535897931     
 ( 0.39729068588759064     ,  1.3549477837458690E-016)
   3.1415926535897931       -1.5707963267948966     
 ( 0.40437319088440393     , -7.1769440434035769E-016)
   3.1415926535897931        0.0000000000000000     
 ( 0.27780233704883084     ,  2.0959457585310870E-015)
   3.1415926535897931        1.5707963267948966     
 ( 0.40437319088440393     , -5.1993592807900169E-016)
   3.1415926535897931        3.1415926535897931     
 ( 0.62883017322487278     ,  7.3511245105451622E-015)
