   -1.570796     -1.570796
  1    1        0.27671564        0.00148375       -0.00000000        0.00000000
   -1.570796      0.000000
  1    1        0.15083392        0.00122372        0.00000000        0.00000000
   -1.570796      1.570796
  1    1        0.27642032        0.00083383        0.00000000        0.00000000
   -1.570796      3.141593
  1    1        0.39131483        0.00124950        0.00000000        0.00000000
    0.000000     -1.570796
  1    1        0.15128222        0.00036717        0.00000000        0.00000000
    0.000000      0.000000
  1    1       -0.00000521        0.00000588        0.00000000        0.00000000
    0.000000      1.570796
  1    1        0.15128222        0.00036717       -0.00000000        0.00000000
    0.000000      3.141593
  1    1        0.27486223        0.00280520        0.00000000        0.00000000
    1.570796     -1.570796
  1    1        0.27642032        0.00083383        0.00000000        0.00000000
    1.570796      0.000000
  1    1        0.15083392        0.00122372       -0.00000000        0.00000000
    1.570796      1.570796
  1    1        0.27671564        0.00148375       -0.00000000        0.00000000
    1.570796      3.141593
  1    1        0.39131483        0.00124950        0.00000000        0.00000000
    3.141593     -1.570796
  1    1        0.38968702        0.00208578       -0.00000000        0.00000000
    3.141593      0.000000
  1    1        0.27638340        0.00203058        0.00000000        0.00000000
    3.141593      1.570796
  1    1        0.38968702        0.00208578        0.00000000        0.00000000
    3.141593      3.141593
  1    1        0.54265493        0.00585369        0.00000000        0.00000000
