   -1.000000     -1.000000
  1    1       -0.00456921        0.00043746       -0.00000000        0.00000000
   -1.000000      0.000000
  1    1       -0.05465244        0.00028997       -0.00000000        0.00000000
   -1.000000      1.000000
  1    1       -0.00439259        0.00021065       -0.00000000        0.00000000
   -1.000000      2.000000
  1    1       -0.00563154        0.00068821       -0.00000000        0.00000000
    0.000000     -1.000000
  1    1       -0.05418026        0.00032770       -0.00000000        0.00000000
    0.000000      0.000000
  1    1        0.27257209        0.00018520       -0.00000000        0.00000000
    0.000000      1.000000
  1    1       -0.05418026        0.00032770       -0.00000000        0.00000000
    0.000000      2.000000
  1    1       -0.00392864        0.00055941       -0.00000000        0.00000000
    1.000000     -1.000000
  1    1       -0.00439259        0.00021065       -0.00000000        0.00000000
    1.000000      0.000000
  1    1       -0.05465244        0.00028997       -0.00000000        0.00000000
    1.000000      1.000000
  1    1       -0.00456921        0.00043746       -0.00000000        0.00000000
    1.000000      2.000000
  1    1       -0.00563154        0.00068821       -0.00000000        0.00000000
    2.000000     -1.000000
  1    1       -0.00598763        0.00043956       -0.00000000        0.00000000
    2.000000      0.000000
  1    1       -0.00343722        0.00131675       -0.00000000        0.00000000
    2.000000      1.000000
  1    1       -0.00598763        0.00043956       -0.00000000        0.00000000
    2.000000      2.000000
  1    1       -0.00642949        0.00027397       -0.00000000        0.00000000
