           2 ( -12.338985554569035     ,  2.5591647259198937E-003)   1.0000000000000000     
           2 ( -12.165079205057857     ,  1.2493259350361037E-002)   1.0000000000000000     
           2 ( -12.169932705838468     ,  3.1118159707685246E-003)   1.0000000000000000     
           2 ( -12.489447948570131     ,  9.7999439081488289E-003)   1.0000000000000000     
           2 ( -12.520466214428843     , -4.3922278368100780E-004)   1.0000000000000000     
           2 ( -12.313394788434458     ,  1.7098382789491743E-003)   1.0000000000000000     
           2 ( -12.317660247413031     , -7.6831078714106101E-003)   1.0000000000000000     
           2 ( -12.277283723780107     ,  3.3798055525575309E-004)   1.0000000000000000     
           2 ( -12.355796560814957     , -4.3801552749241869E-003)   1.0000000000000000     
           2 ( -12.327894456617948     ,  9.8542205743051003E-003)   1.0000000000000000     
