   1.0000000000000000                1          16
 (  0.0000000000000000     ,  0.0000000000000000     )
  -1.5707963267948966       -1.5707963267948966     
 ( 0.99925059170226771     ,  1.1753629211748154E-003)
  -1.5707963267948966        0.0000000000000000     
 (  1.8468733125987418     ,  6.7280283381908736E-004)
  -1.5707963267948966        1.5707963267948966     
 (  1.0001448137090636     ,  3.3005654860237535E-003)
  -1.5707963267948966        3.1415926535897931     
 ( 0.15306510384357355     , -7.8523233036631608E-004)
   0.0000000000000000       -1.5707963267948966     
 (  1.8481147686987167     ,  1.2704548149912601E-003)
   0.0000000000000000        0.0000000000000000     
 (  1.9377890220590817     , -9.3507861088813011E-004)
   0.0000000000000000        1.5707963267948966     
 (  1.8475272977065542     , -1.1469557752593193E-003)
   0.0000000000000000        3.1415926535897931     
 (  1.0000823719706164     , -2.9121281580311892E-003)
   1.5707963267948966       -1.5707963267948966     
 ( 0.99985518629093317     ,  3.3005654860307479E-003)
   1.5707963267948966        0.0000000000000000     
 (  1.8469348961564267     , -7.8523233036958094E-004)
   1.5707963267948966        1.5707963267948966     
 (  1.0007494082977306     ,  1.1753629211706520E-003)
   1.5707963267948966        3.1415926535897931     
 ( 0.15312668740125782     ,  6.7280283382040932E-004)
   3.1415926535897931       -1.5707963267948966     
 ( 0.15247270229344395     , -1.1469557752522555E-003)
   3.1415926535897931        0.0000000000000000     
 ( 0.99991762802938311     , -2.9121281580317781E-003)
   3.1415926535897931        1.5707963267948966     
 ( 0.15188523130128198     ,  1.2704548149899417E-003)
   3.1415926535897931        3.1415926535897931     
 (  6.2210977940928072E-002, -9.3507861088631408E-004)
   1.0000000000000000                1          16
 (  0.0000000000000000     ,  0.0000000000000000     )
  -1.5707963267948966       -1.5707963267948966     
 ( 0.99065870632134378     , -1.1093425713693695E-003)
  -1.5707963267948966        0.0000000000000000     
 (  1.8463843350134226     , -2.1167839098988131E-003)
  -1.5707963267948966        1.5707963267948966     
 ( 0.99532600966536255     , -1.4168961652828878E-004)
  -1.5707963267948966        3.1415926535897931     
 ( 0.15630710844692602     , -6.7228845416281743E-004)
   0.0000000000000000       -1.5707963267948966     
 (  1.8442160093506725     , -4.5579729708393230E-005)
   0.0000000000000000        0.0000000000000000     
 (  1.9356538124006186     , -3.1914395185137455E-004)
   0.0000000000000000        1.5707963267948966     
 (  1.8440194485238630     ,  1.0065581006880198E-003)
   0.0000000000000000        3.1415926535897931     
 ( 0.97699853333388909     ,  6.5215849703924335E-003)
   1.5707963267948966       -1.5707963267948966     
 (  1.0046739903346398     , -1.4168961653081454E-004)
   1.5707963267948966        0.0000000000000000     
 (  1.8436928915530730     , -6.7228845416740903E-004)
   1.5707963267948966        1.5707963267948966     
 (  1.0093412936786519     , -1.1093425713702299E-003)
   1.5707963267948966        3.1415926535897931     
 ( 0.15361566498657775     , -2.1167839098940552E-003)
   3.1415926535897931       -1.5707963267948966     
 ( 0.15598055147613676     ,  1.0065581006955138E-003)
   3.1415926535897931        0.0000000000000000     
 (  1.0230014666661038     ,  6.5215849703935333E-003)
   3.1415926535897931        1.5707963267948966     
 ( 0.15578399064932574     , -4.5579729707907507E-005)
   3.1415926535897931        3.1415926535897931     
 (  6.4346187599391383E-002, -3.1914395184529695E-004)
   1.0000000000000000                1          16
 (  0.0000000000000000     ,  0.0000000000000000     )
  -1.5707963267948966       -1.5707963267948966     
 (  1.0082226403704142     , -8.9139769845530199E-004)
  -1.5707963267948966        0.0000000000000000     
 (  1.8476593973012743     , -9.8297824143570153E-004)
  -1.5707963267948966        1.5707963267948966     
 ( 0.99572621736151889     ,  1.7454567839629918E-003)
  -1.5707963267948966        3.1415926535897931     
 ( 0.15027028723581845     , -2.6537135264018672E-004)
   0.0000000000000000       -1.5707963267948966     
 (  1.8483162325894085     , -1.6517845794084766E-003)
   0.0000000000000000        0.0000000000000000     
 (  1.9377231947483220     ,  3.5878104624985276E-004)
   0.0000000000000000        1.5707963267948966     
 (  1.8466530885516206     ,  7.7258909268843783E-005)
   0.0000000000000000        3.1415926535897931     
 (  1.0003421496425771     ,  2.3879891250097522E-003)
   1.5707963267948966       -1.5707963267948966     
 (  1.0042737826384787     ,  1.7454567839713185E-003)
   1.5707963267948966        0.0000000000000000     
 (  1.8497297127641819     , -2.6537135265534582E-004)
   1.5707963267948966        1.5707963267948966     
 ( 0.99177735962958580     , -8.9139769845396973E-004)
   1.5707963267948966        3.1415926535897931     
 ( 0.15234060269872665     , -9.8297824141776644E-004)
   3.1415926535897931       -1.5707963267948966     
 ( 0.15334691144837906     ,  7.7258909287065318E-005)
   3.1415926535897931        0.0000000000000000     
 ( 0.99965785035741894     ,  2.3879891250066640E-003)
   3.1415926535897931        1.5707963267948966     
 ( 0.15168376741059017     , -1.6517845793952649E-003)
   3.1415926535897931        3.1415926535897931     
 (  6.2276805251688765E-002,  3.5878104626728023E-004)
   1.0000000000000000                1          16
 (  0.0000000000000000     ,  0.0000000000000000     )
  -1.5707963267948966       -1.5707963267948966     
 ( 0.99177659882234470     , -1.2498995452360853E-004)
  -1.5707963267948966        0.0000000000000000     
 (  1.8479609093982465     ,  2.4536583285794528E-003)
  -1.5707963267948966        1.5707963267948966     
 ( 0.99914529242517902     ,  1.0309971596648253E-003)
  -1.5707963267948966        3.1415926535897931     
 ( 0.15269894494024222     , -1.2819201325513269E-003)
   0.0000000000000000       -1.5707963267948966     
 (  1.8449016842467485     ,  9.9849387177753171E-004)
   0.0000000000000000        0.0000000000000000     
 (  1.9374735415248221     , -9.7641009729583874E-005)
   0.0000000000000000        1.5707963267948966     
 (  1.8456560864222100     ,  4.7939367180007211E-004)
   0.0000000000000000        3.1415926535897931     
 ( 0.99127690822177184     , -1.0080059579921190E-003)
   1.5707963267948966       -1.5707963267948966     
 (  1.0008547075748224     ,  1.0309971596732630E-003)
   1.5707963267948966        0.0000000000000000     
 (  1.8473010550597615     , -1.2819201325531223E-003)
   1.5707963267948966        1.5707963267948966     
 (  1.0082234011776530     , -1.2498995453132458E-004)
   1.5707963267948966        3.1415926535897931     
 ( 0.15203909060175519     ,  2.4536583285868557E-003)
   3.1415926535897931       -1.5707963267948966     
 ( 0.15434391357778679     ,  4.7939367181218742E-004)
   3.1415926535897931        0.0000000000000000     
 (  1.0087230917782206     , -1.0080059580070888E-003)
   3.1415926535897931        1.5707963267948966     
 ( 0.15509831575324870     ,  9.9849387176772011E-004)
   3.1415926535897931        3.1415926535897931     
 (  6.2526458475186869E-002, -9.7641009726394910E-005)
   1.0000000000000000                1          16
 (  0.0000000000000000     ,  0.0000000000000000     )
  -1.5707963267948966       -1.5707963267948966     
 ( 0.99939853371573473     , -2.5495688563347604E-003)
  -1.5707963267948966        0.0000000000000000     
 (  1.8490634612877461     , -6.6467184084452826E-005)
  -1.5707963267948966        1.5707963267948966     
 ( 0.99881925841029262     ,  6.3341103802312063E-003)
  -1.5707963267948966        3.1415926535897931     
 ( 0.15607201639181786     , -5.1605560051414066E-004)
   0.0000000000000000       -1.5707963267948966     
 (  1.8450286682328412     , -1.4928647389936076E-003)
   0.0000000000000000        0.0000000000000000     
 (  1.9369637772015911     , -1.7328861008710894E-004)
   0.0000000000000000        1.5707963267948966     
 (  1.8442255701307722     , -2.7046123845985749E-004)
   0.0000000000000000        3.1415926535897931     
 (  1.0065988307042655     , -1.3752098476491892E-003)
   1.5707963267948966       -1.5707963267948966     
 (  1.0011807415897060     ,  6.3341103802299018E-003)
   1.5707963267948966        0.0000000000000000     
 (  1.8439279836081810     , -5.1605560051132769E-004)
   1.5707963267948966        1.5707963267948966     
 (  1.0006014662842622     , -2.5495688563281268E-003)
   1.5707963267948966        3.1415926535897931     
 ( 0.15093653871225185     , -6.6467184081936827E-005)
   3.1415926535897931       -1.5707963267948966     
 ( 0.15577442986922294     , -2.7046123846210569E-004)
   3.1415926535897931        0.0000000000000000     
 ( 0.99340116929573785     , -1.3752098476521282E-003)
   3.1415926535897931        1.5707963267948966     
 ( 0.15497133176715522     , -1.4928647389953146E-003)
   3.1415926535897931        3.1415926535897931     
 (  6.3036222798416003E-002, -1.7328861008711197E-004)
   1.0000000000000000                1          16
 (  0.0000000000000000     ,  0.0000000000000000     )
  -1.5707963267948966       -1.5707963267948966     
 ( 0.99847091969074897     ,  4.1307036139966316E-003)
  -1.5707963267948966        0.0000000000000000     
 (  1.8448258410740135     , -8.3207511162444378E-004)
  -1.5707963267948966        1.5707963267948966     
 (  1.0007396521214835     ,  1.5442873117828336E-004)
  -1.5707963267948966        3.1415926535897931     
 ( 0.15525287515469768     , -1.5687662401549652E-003)
   0.0000000000000000       -1.5707963267948966     
 (  1.8463255405326509     ,  8.7287272038799536E-004)
   0.0000000000000000        0.0000000000000000     
 (  1.9366918910023094     ,  5.6900508239289061E-004)
   0.0000000000000000        1.5707963267948966     
 (  1.8465671381545226     , -1.3972796970990837E-005)
   0.0000000000000000        3.1415926535897931     
 (  1.0261192380849224     , -2.8847364293716577E-003)
   1.5707963267948966       -1.5707963267948966     
 ( 0.99926034787851459     ,  1.5442873119288279E-004)
   1.5707963267948966        0.0000000000000000     
 (  1.8447471248453031     , -1.5687662401456847E-003)
   1.5707963267948966        1.5707963267948966     
 (  1.0015290803092425     ,  4.1307036139878609E-003)
   1.5707963267948966        3.1415926535897931     
 ( 0.15517415892598654     , -8.3207511163955322E-004)
   3.1415926535897931       -1.5707963267948966     
 ( 0.15343286184547592     , -1.3972796975445607E-005)
   3.1415926535897931        0.0000000000000000     
 ( 0.97388076191507988     , -2.8847364293704131E-003)
   3.1415926535897931        1.5707963267948966     
 ( 0.15367445946734890     ,  8.7287272037227183E-004)
   3.1415926535897931        3.1415926535897931     
 (  6.3308108997698495E-002,  5.6900508238008651E-004)
   1.0000000000000000                1          16
 (  0.0000000000000000     ,  0.0000000000000000     )
  -1.5707963267948966       -1.5707963267948966     
 (  1.0018075670346234     , -2.5336044163930698E-003)
  -1.5707963267948966        0.0000000000000000     
 (  1.8481210933772672     , -8.5332501901919924E-004)
  -1.5707963267948966        1.5707963267948966     
 ( 0.99285261370166167     ,  3.2472360957583996E-003)
  -1.5707963267948966        3.1415926535897931     
 ( 0.15464212566078467     , -1.5481389056443248E-003)
   0.0000000000000000       -1.5707963267948966     
 (  1.8468603369302659     ,  2.4899582999766295E-003)
   0.0000000000000000        0.0000000000000000     
 (  1.9374717054474706     ,  4.6928685493435732E-005)
   0.0000000000000000        1.5707963267948966     
 (  1.8456893429857977     , -1.4053478310289757E-004)
   0.0000000000000000        3.1415926535897931     
 ( 0.99297432303265876     , -2.6292969249148046E-003)
   1.5707963267948966       -1.5707963267948966     
 (  1.0071473862983402     ,  3.2472360957687247E-003)
   1.5707963267948966        0.0000000000000000     
 (  1.8453578743392169     , -1.5481389056413064E-003)
   1.5707963267948966        1.5707963267948966     
 ( 0.99819243296537452     , -2.5336044163921261E-003)
   1.5707963267948966        3.1415926535897931     
 ( 0.15187890662273207     , -8.5332501902371689E-004)
   3.1415926535897931       -1.5707963267948966     
 ( 0.15431065701420221     , -1.4053478310114897E-004)
   3.1415926535897931        0.0000000000000000     
 (  1.0070256769673362     , -2.6292969249168607E-003)
   3.1415926535897931        1.5707963267948966     
 ( 0.15313966306973381     ,  2.4899582999686498E-003)
   3.1415926535897931        3.1415926535897931     
 (  6.2528294552538846E-002,  4.6928685490657790E-005)
   1.0000000000000000                1          16
 (  0.0000000000000000     ,  0.0000000000000000     )
  -1.5707963267948966       -1.5707963267948966     
 ( 0.99858330336181933     , -3.7879683691910740E-003)
  -1.5707963267948966        0.0000000000000000     
 (  1.8484344640169430     , -3.1832651797749159E-005)
  -1.5707963267948966        1.5707963267948966     
 (  1.0123170956233654     ,  3.3092702728272035E-003)
  -1.5707963267948966        3.1415926535897931     
 ( 0.15398843850557659     , -8.0993184685652919E-004)
   0.0000000000000000       -1.5707963267948966     
 (  1.8475427988534701     ,  1.2576263861200303E-004)
   0.0000000000000000        0.0000000000000000     
 (  1.9372945902873024     ,  5.3615022528348414E-004)
   0.0000000000000000        1.5707963267948966     
 (  1.8473355941068992     , -7.9193136123567099E-004)
   0.0000000000000000        3.1415926535897931     
 ( 0.97209244803004091     ,  1.5349762312016713E-003)
   1.5707963267948966       -1.5707963267948966     
 ( 0.98768290437663331     ,  3.3092702728315334E-003)
   1.5707963267948966        0.0000000000000000     
 (  1.8460115614944237     , -8.0993184684882333E-004)
   1.5707963267948966        1.5707963267948966     
 (  1.0014166966381797     , -3.7879683691911851E-003)
   1.5707963267948966        3.1415926535897931     
 ( 0.15156553598305722     , -3.1832651800348642E-005)
   3.1415926535897931       -1.5707963267948966     
 ( 0.15266440589309821     , -7.9193136124109721E-004)
   3.1415926535897931        0.0000000000000000     
 (  1.0279075519699570     ,  1.5349762311988172E-003)
   3.1415926535897931        1.5707963267948966     
 ( 0.15245720114652705     ,  1.2576263860747888E-004)
   3.1415926535897931        3.1415926535897931     
 (  6.2705409712706855E-002,  5.3615022527827736E-004)
   1.0000000000000000                1          16
 (  0.0000000000000000     ,  0.0000000000000000     )
  -1.5707963267948966       -1.5707963267948966     
 ( 0.99184888069578159     ,  5.3399486819031448E-003)
  -1.5707963267948966        0.0000000000000000     
 (  1.8432166642254049     , -3.5507759821570566E-003)
  -1.5707963267948966        1.5707963267948966     
 ( 0.99746981991639427     ,  2.0204669604863577E-004)
  -1.5707963267948966        3.1415926535897931     
 ( 0.15305934805332716     , -1.2595011798645585E-003)
   0.0000000000000000       -1.5707963267948966     
 (  1.8459053896805271     ,  1.1964439047411454E-003)
   0.0000000000000000        0.0000000000000000     
 (  1.9376407082008964     , -2.1947167335999797E-004)
   0.0000000000000000        1.5707963267948966     
 (  1.8462609526193701     ,  1.1958488648879076E-003)
   0.0000000000000000        3.1415926535897931     
 (  1.0207013038404293     , -3.9995781309032381E-003)
   1.5707963267948966       -1.5707963267948966     
 (  1.0025301800836048     ,  2.0204669605315993E-004)
   1.5707963267948966        0.0000000000000000     
 (  1.8469406519466742     , -1.2595011798649607E-003)
   1.5707963267948966        1.5707963267948966     
 (  1.0081511193042125     ,  5.3399486819156626E-003)
   1.5707963267948966        3.1415926535897931     
 ( 0.15678333577459697     , -3.5507759821662576E-003)
   3.1415926535897931       -1.5707963267948966     
 ( 0.15373904738062844     ,  1.1958488648826341E-003)
   3.1415926535897931        0.0000000000000000     
 ( 0.97929869615956788     , -3.9995781309090780E-003)
   3.1415926535897931        1.5707963267948966     
 ( 0.15409461031947136     ,  1.1964439047366490E-003)
   3.1415926535897931        3.1415926535897931     
 (  6.2359291799113280E-002, -2.1947167336535447E-004)
   1.0000000000000000                1          16
 (  0.0000000000000000     ,  0.0000000000000000     )
  -1.5707963267948966       -1.5707963267948966     
 (  1.0089157382698823     ,  8.0746694667447054E-004)
  -1.5707963267948966        0.0000000000000000     
 (  1.8452628879332005     ,  1.1155148531383713E-003)
  -1.5707963267948966        1.5707963267948966     
 (  1.0014148541559111     ,  6.5356479245368419E-004)
  -1.5707963267948966        3.1415926535897931     
 ( 0.15538748441769826     , -1.5802384150550538E-003)
   0.0000000000000000       -1.5707963267948966     
 (  1.8460338195405561     ,  1.0733987999856913E-004)
   0.0000000000000000        0.0000000000000000     
 (  1.9370330877506008     , -1.8606795495761797E-005)
   0.0000000000000000        1.5707963267948966     
 (  1.8448530798813207     ,  1.3009402009648951E-003)
   0.0000000000000000        3.1415926535897931     
 (  1.0201308709456489     ,  7.7573680950826295E-005)
   1.5707963267948966       -1.5707963267948966     
 ( 0.99858514584407432     ,  6.5356479246423131E-004)
   1.5707963267948966        0.0000000000000000     
 (  1.8446125155823037     , -1.5802384150482996E-003)
   1.5707963267948966        1.5707963267948966     
 ( 0.99108426173011643     ,  8.0746694669911749E-004)
   1.5707963267948966        3.1415926535897931     
 ( 0.15473711206680021     ,  1.1155148531251777E-003)
   3.1415926535897931       -1.5707963267948966     
 ( 0.15514692011868267     ,  1.3009402009554166E-003)
   3.1415926535897931        0.0000000000000000     
 ( 0.97986912905435597     ,  7.7573680926846345E-005)
   3.1415926535897931        1.5707963267948966     
 ( 0.15396618045944316     ,  1.0733987999142207E-004)
   3.1415926535897931        3.1415926535897931     
 (  6.2966912249407536E-002, -1.8606795510134197E-005)
