   -1.570796     -1.570796
  1    1        0.99767767        0.00348119        0.00078727        0.00001595
   -1.570796      0.000000
  1    1        1.84614952        0.00045814       -0.00131700        0.00067076
   -1.570796      1.570796
  1    1        1.00084480        0.00572567        0.00172825        0.00003877
   -1.570796      3.141593
  1    1        0.15423570        0.00100664       -0.00129658        0.00037034
    0.000000     -1.570796
  1    1        1.84665852        0.00009274        0.00117126        0.00072147
    0.000000      0.000000
  1    1        1.93727472        0.00027284        0.00023315        0.00010580
    0.000000      1.570796
  1    1        1.84646326        0.00047378        0.00006235        0.00019743
    0.000000      3.141593
  1    1        1.00297183        0.00929839       -0.00199466        0.00107814
    1.570796     -1.570796
  1    1        0.99915520        0.00572567        0.00172825        0.00003877
    1.570796      0.000000
  1    1        1.84576430        0.00100664       -0.00129658        0.00037034
    1.570796      1.570796
  1    1        1.00232233        0.00348119        0.00078727        0.00001595
    1.570796      3.141593
  1    1        0.15385048        0.00045814       -0.00131700        0.00067076
    3.141593     -1.570796
  1    1        0.15353674        0.00047378        0.00006235        0.00019743
    3.141593      0.000000
  1    1        0.99702817        0.00929839       -0.00199466        0.00107814
    3.141593      1.570796
  1    1        0.15334148        0.00009274        0.00117126        0.00072147
    3.141593      3.141593
  1    1        0.06272528        0.00027284        0.00023315        0.00010580
