   -1.000000     -1.000000
  1    1       -0.00002291        0.00043685       -0.00042013        0.00028896
   -1.000000      0.000000
  1    1       -0.00172229        0.00219072       -0.00003068        0.00029631
   -1.000000      1.000000
  1    1        0.00041070        0.00021111        0.00032096        0.00023836
   -1.000000      2.000000
  1    1       -0.00019262        0.00022204       -0.00022990        0.00020138
    0.000000     -1.000000
  1    1       -0.00038794        0.00351269        0.00021190        0.00035520
    0.000000      0.000000
  1    1        1.00000000        0.00000000       -0.00000023        0.00000124
    0.000000      1.000000
  1    1       -0.00038794        0.00351269       -0.00021190        0.00035520
    0.000000      2.000000
  1    1        0.00000000        0.00000000        0.00061740        0.00050735
    1.000000     -1.000000
  1    1       -0.00041070        0.00021111        0.00032096        0.00023836
    1.000000      0.000000
  1    1       -0.00172229        0.00219072        0.00003068        0.00029631
    1.000000      1.000000
  1    1        0.00002291        0.00043685       -0.00042013        0.00028896
    1.000000      2.000000
  1    1       -0.00019262        0.00022204        0.00022990        0.00020138
    2.000000     -1.000000
  1    1        0.00034383        0.00026187       -0.00015123        0.00022624
    2.000000      0.000000
  1    1       -0.00000000        0.00000000        0.00026956        0.00074963
    2.000000      1.000000
  1    1        0.00034383        0.00026187        0.00015123        0.00022624
    2.000000      2.000000
  1    1        0.00000000        0.00000000        0.00048563        0.00054683
