           2 ( -21.060113277115317     ,  2.8808134613906160E-014)   1.0000000000000000     
           2 ( -20.998481236968683     ,  5.8995274119069447E-014)   1.0000000000000000     
           2 ( -21.071219282812358     ,  2.0120341243853652E-013)   1.0000000000000000     
           2 ( -21.043067272705997     ,  3.3889770840792261E-014)   1.0000000000000000     
           2 ( -21.024692950650671     , -8.8157513838640414E-015)   1.0000000000000000     
           2 ( -21.023397706443873     , -1.4081973378227882E-013)   1.0000000000000000     
           2 ( -21.043888234109851     , -3.9158634033241823E-014)   1.0000000000000000     
           2 ( -21.055654396184813     , -6.1614356129172149E-014)   1.0000000000000000     
           2 ( -21.030420299494548     , -6.1235280184444367E-014)   1.0000000000000000     
           2 ( -21.019313913754168     , -1.3098102360137387E-013)   1.0000000000000000     
