           2 (  16.000000000000000     , -9.9150399852432073E-005)   1.0000000000000000     
           2 (  16.000000000000004     , -4.9677113799735964E-005)   1.0000000000000000     
           2 (  16.000000000000004     , -2.3247403989807562E-005)   1.0000000000000000     
           2 (  16.000000000000004     , -5.5617887572755160E-005)   1.0000000000000000     
           2 (  16.000000000000004     ,  2.5628374279716380E-005)   1.0000000000000000     
           2 (  16.000000000000004     , -7.0226531328854302E-005)   1.0000000000000000     
           2 (  16.000000000000004     ,  2.6026086805871716E-005)   1.0000000000000000     
           2 (  16.000000000000004     , -3.9029902931315649E-005)   1.0000000000000000     
           2 (  16.000000000000004     ,  4.0325415697555850E-006)   1.0000000000000000     
           2 (  16.000000000000004     , -6.6631118279458012E-005)   1.0000000000000000     
           2 (  16.000000000000004     ,  1.2419444370221887E-004)   1.0000000000000000     
