           2 (  8.7211277225463917     ,  2.5591647258910708E-003)   1.0000000000000000     
           2 (  8.8334020319110387     ,  1.2493259350302191E-002)   1.0000000000000000     
           2 (  8.9012865769738223     ,  3.1118159705673817E-003)   1.0000000000000000     
           2 (  8.5536193241359246     ,  9.7999439081145681E-003)   1.0000000000000000     
           2 (  8.5042267362218684     , -4.3922278367218543E-004)   1.0000000000000000     
           2 (  8.7100029180097049     ,  1.7098382790899456E-003)   1.0000000000000000     
           2 (  8.7262279866967543     , -7.6831078713715780E-003)   1.0000000000000000     
           2 (  8.7783706724048063     ,  3.3798055531731306E-004)   1.0000000000000000     
           2 (  8.6746237386799923     , -4.3801552748629615E-003)   1.0000000000000000     
           2 (  8.6914194571361669     ,  9.8542205744358933E-003)   1.0000000000000000     
