   -1.000000     -1.000000
  1    1        0.11941270        0.00031414        0.00000000        0.00000000
   -1.000000      0.000000
  1    1       -0.24620070        0.00062468       -0.00000000        0.00000000
   -1.000000      1.000000
  1    1        0.11953271        0.00055993        0.00000000        0.00000000
   -1.000000      2.000000
  1    1       -0.14116904        0.00017052       -0.00000000        0.00000000
    0.000000     -1.000000
  1    1       -0.24667944        0.00026269       -0.00000000        0.00000000
    0.000000      0.000000
  1    1        0.72742793        0.00018521        0.00000000        0.00000000
    0.000000      1.000000
  1    1       -0.24667944        0.00026269       -0.00000000        0.00000000
    0.000000      2.000000
  1    1        0.11903471        0.00024036        0.00000000        0.00000000
    1.000000     -1.000000
  1    1        0.11953271        0.00055993        0.00000000        0.00000000
    1.000000      0.000000
  1    1       -0.24620070        0.00062468       -0.00000000        0.00000000
    1.000000      1.000000
  1    1        0.11941270        0.00031414        0.00000000        0.00000000
    1.000000      2.000000
  1    1       -0.14116904        0.00017052       -0.00000000        0.00000000
    2.000000     -1.000000
  1    1       -0.14083600        0.00006192       -0.00000000        0.00000000
    2.000000      0.000000
  1    1        0.11863203        0.00088199        0.00000000        0.00000000
    2.000000      1.000000
  1    1       -0.14083600        0.00006192       -0.00000000        0.00000000
    2.000000      2.000000
  1    1        0.11593042        0.00012846       -0.00000000        0.00000000
