   -1.570796     -1.570796
  1    1        0.58011097        0.00129190       -0.00000000        0.00000000
   -1.570796      0.000000
  1    1        0.32089222        0.00054610       -0.00000000        0.00000000
   -1.570796      1.570796
  1    1        0.57950510        0.00034481       -0.00000000        0.00000000
   -1.570796      3.141593
  1    1        0.93195657        0.00315744       -0.00000000        0.00000000
    0.000000     -1.570796
  1    1        0.31945174        0.00165667       -0.00000000        0.00000000
    0.000000      0.000000
  1    1        0.00001249        0.00000702        0.00000000        0.00000000
    0.000000      1.570796
  1    1        0.31945174        0.00165667       -0.00000000        0.00000000
    0.000000      3.141593
  1    1        0.56981276        0.00333278       -0.00000000        0.00000000
    1.570796     -1.570796
  1    1        0.57950510        0.00034481       -0.00000000        0.00000000
    1.570796      0.000000
  1    1        0.32089222        0.00054610       -0.00000000        0.00000000
    1.570796      1.570796
  1    1        0.58011097        0.00129190       -0.00000000        0.00000000
    1.570796      3.141593
  1    1        0.93195657        0.00315744       -0.00000000        0.00000000
    3.141593     -1.570796
  1    1        0.93533420        0.00079016       -0.00000000        0.00000000
    3.141593      0.000000
  1    1        0.57324188        0.00056789       -0.00000000        0.00000000
    3.141593      1.570796
  1    1        0.93533420        0.00079016       -0.00000000        0.00000000
    3.141593      3.141593
  1    1        3.15602799        0.00608587       -0.00000000        0.00000000
