   1.0000000000000000                1          16
 (  0.0000000000000000     ,  0.0000000000000000     )
  -1.5707963267948966       -1.5707963267948966     
 ( 0.58491955462141410     ,  8.0131298390526040E-016)
  -1.5707963267948966        0.0000000000000000     
 ( 0.32263146276214488     ,  7.5881130339392274E-017)
  -1.5707963267948966        1.5707963267948966     
 ( 0.59063157744807626     , -1.4767249277226855E-015)
  -1.5707963267948966        3.1415926535897931     
 ( 0.95278285589595002     , -7.2427739987355090E-016)
   0.0000000000000000       -1.5707963267948966     
 ( 0.32528157853813205     ,  1.5729473040712468E-016)
   0.0000000000000000        0.0000000000000000     
 (  2.9325151069889421E-005, -7.6023969429980130E-018)
   0.0000000000000000        1.5707963267948966     
 ( 0.32528157853813200     ,  1.8713101716912862E-016)
   0.0000000000000000        3.1415926535897931     
 ( 0.57967169905041571     ,  1.6268995054235094E-015)
   1.5707963267948966       -1.5707963267948966     
 ( 0.59063157744807626     , -1.4489693521070566E-015)
   1.5707963267948966        0.0000000000000000     
 ( 0.32263146276214477     ,  1.3555946827633052E-016)
   1.5707963267948966        1.5707963267948966     
 ( 0.58491955462141410     ,  8.2490713722813916E-016)
   1.5707963267948966        3.1415926535897931     
 ( 0.95278285589594980     , -1.0102388862446239E-015)
   3.1415926535897931       -1.5707963267948966     
 ( 0.95284107132203377     ,  3.5366447086290210E-016)
   3.1415926535897931        0.0000000000000000     
 ( 0.57717827685329803     , -2.6341469426907830E-015)
   3.1415926535897931        1.5707963267948966     
 ( 0.95284107132203355     ,  2.7247845516239044E-016)
   3.1415926535897931        3.1415926535897931     
 (  3.2763017998757014     ,  6.8004107001377953E-015)
   1.0000000000000000                1          16
 (  0.0000000000000000     ,  0.0000000000000000     )
  -1.5707963267948966       -1.5707963267948966     
 ( 0.58941562185451613     ,  2.4218764051323969E-016)
  -1.5707963267948966        0.0000000000000000     
 ( 0.34828749584962038     , -6.4331976232477695E-016)
  -1.5707963267948966        1.5707963267948966     
 ( 0.58830059526238387     ,  6.2923610790084829E-016)
  -1.5707963267948966        3.1415926535897931     
 ( 0.93483694374547299     ,  2.0546839622157519E-015)
   0.0000000000000000       -1.5707963267948966     
 ( 0.32428630250290130     ,  4.3858875768526676E-016)
   0.0000000000000000        0.0000000000000000     
 (  1.0326719037834220E-005, -1.1904953689665701E-017)
   0.0000000000000000        1.5707963267948966     
 ( 0.32428630250290141     ,  4.1236277330083399E-016)
   0.0000000000000000        3.1415926535897931     
 ( 0.57060648187187724     ,  6.1421089476205353E-017)
   1.5707963267948966       -1.5707963267948966     
 ( 0.58830059526238387     ,  6.8474725913210611E-016)
   1.5707963267948966        0.0000000000000000     
 ( 0.34828749584962043     , -4.7026458746981112E-016)
   1.5707963267948966        1.5707963267948966     
 ( 0.58941562185451613     ,  3.7790633612899192E-016)
   1.5707963267948966        3.1415926535897931     
 ( 0.93483694374547299     ,  2.0418278257959045E-015)
   3.1415926535897931       -1.5707963267948966     
 ( 0.95511458150823725     ,  4.5479435400295425E-015)
   3.1415926535897931        0.0000000000000000     
 ( 0.59005687570197107     ,  3.4694276860203230E-015)
   3.1415926535897931        1.5707963267948966     
 ( 0.95511458150823725     ,  4.4662064044138514E-015)
   3.1415926535897931        3.1415926535897931     
 (  3.3221558417071191     ,  5.4295278149765173E-015)
   1.0000000000000000                1          16
 (  0.0000000000000000     ,  0.0000000000000000     )
  -1.5707963267948966       -1.5707963267948966     
 ( 0.59206625112613553     ,  1.7074835307376919E-015)
  -1.5707963267948966        0.0000000000000000     
 ( 0.32234085711278293     ,  6.5139737390355974E-016)
  -1.5707963267948966        1.5707963267948966     
 ( 0.62971780450077519     ,  3.3192914803380084E-015)
  -1.5707963267948966        3.1415926535897931     
 ( 0.94349290018432497     ,  1.6881674833033853E-015)
   0.0000000000000000       -1.5707963267948966     
 ( 0.33160826113763214     ,  1.4140264440736411E-015)
   0.0000000000000000        0.0000000000000000     
 (  2.7109365647773331E-005,  1.5684397985368156E-017)
   0.0000000000000000        1.5707963267948966     
 ( 0.33160826113763209     ,  1.3565307289485435E-015)
   0.0000000000000000        3.1415926535897931     
 ( 0.58663416876046526     ,  2.3869625471458590E-015)
   1.5707963267948966       -1.5707963267948966     
 ( 0.62971780450077508     ,  3.3470470559536373E-015)
   1.5707963267948966        0.0000000000000000     
 ( 0.32234085711278293     ,  7.1052833875716920E-016)
   1.5707963267948966        1.5707963267948966     
 ( 0.59206625112613531     ,  1.9057416878347738E-015)
   1.5707963267948966        3.1415926535897931     
 ( 0.94349290018432497     ,  1.6684489142118243E-015)
   3.1415926535897931       -1.5707963267948966     
 ( 0.95681133299337795     ,  3.9377992612020327E-015)
   3.1415926535897931        0.0000000000000000     
 ( 0.58553856217933520     ,  1.6702044417057395E-015)
   3.1415926535897931        1.5707963267948966     
 ( 0.95681133299337795     ,  3.7970368192300485E-015)
   3.1415926535897931        3.1415926535897931     
 (  3.4355120982031759     ,  1.5273613985741361E-014)
   1.0000000000000000                1          16
 (  0.0000000000000000     ,  0.0000000000000000     )
  -1.5707963267948966       -1.5707963267948966     
 ( 0.58486283997627020     ,  4.8243882797737939E-016)
  -1.5707963267948966        0.0000000000000000     
 ( 0.31887938686149042     ,  7.6426371712314955E-016)
  -1.5707963267948966        1.5707963267948966     
 ( 0.58507396116165178     ,  6.6034325281071131E-016)
  -1.5707963267948966        3.1415926535897931     
 ( 0.93952744616475614     ,  2.1285358357897973E-015)
   0.0000000000000000       -1.5707963267948966     
 ( 0.32350502567773798     ,  1.1425157538710401E-015)
   0.0000000000000000        0.0000000000000000     
 (  1.9712467734106509E-006,  1.5049565285026955E-017)
   0.0000000000000000        1.5707963267948966     
 ( 0.32350502567773781     ,  1.2976782364252551E-015)
   0.0000000000000000        3.1415926535897931     
 ( 0.57251723415717670     ,  1.4980996999919724E-015)
   1.5707963267948966       -1.5707963267948966     
 ( 0.58507396116165189     ,  6.0483210157945348E-016)
   1.5707963267948966        0.0000000000000000     
 ( 0.31887938686149042     ,  5.7385606487751548E-016)
   1.5707963267948966        1.5707963267948966     
 ( 0.58486283997627009     ,  4.0803625560179507E-016)
   1.5707963267948966        3.1415926535897931     
 ( 0.93952744616475570     ,  2.3740703696425563E-015)
   3.1415926535897931       -1.5707963267948966     
 ( 0.93144842111186088     , -3.5377851270466525E-016)
   3.1415926535897931        0.0000000000000000     
 ( 0.57436910462780599     , -4.4101272952050859E-018)
   3.1415926535897931        1.5707963267948966     
 ( 0.93144842111186044     , -2.6800496918952249E-016)
   3.1415926535897931        3.1415926535897931     
 (  3.1893327502868094     ,  7.4900856768164053E-015)
   1.0000000000000000                1          16
 (  0.0000000000000000     ,  0.0000000000000000     )
  -1.5707963267948966       -1.5707963267948966     
 ( 0.58252914609123807     ,  1.8957658029941421E-015)
  -1.5707963267948966        0.0000000000000000     
 ( 0.31966802966284702     ,  4.0933650042871267E-016)
  -1.5707963267948966        1.5707963267948966     
 ( 0.58251900274232604     ,  1.6013727787725962E-015)
  -1.5707963267948966        3.1415926535897931     
 ( 0.93159763126242445     ,  3.2076407791961839E-015)
   0.0000000000000000       -1.5707963267948966     
 ( 0.32057567602430326     ,  1.0616827401990584E-015)
   0.0000000000000000        0.0000000000000000     
 (  8.4306923137378309E-006,  4.0825292028473751E-019)
   0.0000000000000000        1.5707963267948966     
 ( 0.32057567602430326     ,  9.8137549360961393E-016)
   0.0000000000000000        3.1415926535897931     
 ( 0.57412248161211088     ,  2.2990180663245243E-015)
   1.5707963267948966       -1.5707963267948966     
 ( 0.58251900274232604     ,  1.6013727787725962E-015)
   1.5707963267948966        0.0000000000000000     
 ( 0.31966802966284702     ,  4.4111897690881644E-016)
   1.5707963267948966        1.5707963267948966     
 ( 0.58252914609123818     ,  1.9314802059027010E-015)
   1.5707963267948966        3.1415926535897931     
 ( 0.93159763126242467     ,  3.0652084951262495E-015)
   3.1415926535897931       -1.5707963267948966     
 ( 0.93809478223811704     ,  1.8140427620784813E-015)
   3.1415926535897931        0.0000000000000000     
 ( 0.57356334676404952     ,  8.1504895444525101E-016)
   3.1415926535897931        1.5707963267948966     
 ( 0.93809478223811704     ,  1.6782243642577788E-015)
   3.1415926535897931        3.1415926535897931     
 (  3.1618855549165978     ,  7.5314121430397069E-015)
   1.0000000000000000                1          16
 (  0.0000000000000000     ,  0.0000000000000000     )
  -1.5707963267948966       -1.5707963267948966     
 ( 0.57739879614728118     ,  6.5114996057716313E-016)
  -1.5707963267948966        0.0000000000000000     
 ( 0.32153148439220558     ,  6.3285678933558474E-016)
  -1.5707963267948966        1.5707963267948966     
 ( 0.57739089572050550     ,  4.9508371891864976E-016)
  -1.5707963267948966        3.1415926535897931     
 ( 0.92560522805544865     ,  1.0029595766261584E-015)
   0.0000000000000000       -1.5707963267948966     
 ( 0.31816586122064783     ,  1.5546702016235254E-016)
   0.0000000000000000        0.0000000000000000     
 (  1.5807922517221962E-005,  1.6901178796912120E-017)
   0.0000000000000000        1.5707963267948966     
 ( 0.31816586122064783     ,  1.5887759593490684E-016)
   0.0000000000000000        3.1415926535897931     
 ( 0.56694522303129413     , -9.9395906366503461E-017)
   1.5707963267948966       -1.5707963267948966     
 ( 0.57739089572050539     ,  5.9222823357335095E-016)
   1.5707963267948966        0.0000000000000000     
 ( 0.32153148439220569     ,  5.8167788483558413E-016)
   1.5707963267948966        1.5707963267948966     
 ( 0.57739879614728129     ,  6.3045102122424008E-016)
   1.5707963267948966        3.1415926535897931     
 ( 0.92560522805544865     ,  8.8969181696997317E-016)
   3.1415926535897931       -1.5707963267948966     
 ( 0.93098175948568251     ,  1.0470560156350321E-015)
   3.1415926535897931        0.0000000000000000     
 ( 0.57229620255663527     ,  1.0694700167265134E-015)
   3.1415926535897931        1.5707963267948966     
 ( 0.93098175948568251     ,  9.9495544017632849E-016)
   3.1415926535897931        3.1415926535897931     
 (  3.1340681270249715     ,  2.4860539040944176E-015)
   1.0000000000000000                1          16
 (  0.0000000000000000     ,  0.0000000000000000     )
  -1.5707963267948966       -1.5707963267948966     
 ( 0.58573986088855556     , -1.2783233180792306E-015)
  -1.5707963267948966        0.0000000000000000     
 ( 0.32190638132644189     , -8.0292331535798886E-016)
  -1.5707963267948966        1.5707963267948966     
 ( 0.58107446099565219     , -2.5999277540157900E-015)
  -1.5707963267948966        3.1415926535897931     
 ( 0.93375544566139845     , -4.1409799399996881E-015)
   0.0000000000000000       -1.5707963267948966     
 ( 0.32048529264592329     , -1.0099043731130618E-015)
   0.0000000000000000        0.0000000000000000     
 ( -7.3919421602480773E-006, -1.2940873876388148E-019)
   0.0000000000000000        1.5707963267948966     
 ( 0.32048529264592340     , -1.1593454448048347E-015)
   0.0000000000000000        3.1415926535897931     
 ( 0.56925644281255305     , -2.9464087520337977E-015)
   1.5707963267948966       -1.5707963267948966     
 ( 0.58107446099565230     , -2.5305388149767177E-015)
   1.5707963267948966        0.0000000000000000     
 ( 0.32190638132644178     , -7.1545975370510044E-016)
   1.5707963267948966        1.5707963267948966     
 ( 0.58573986088855567     , -1.4374081723535619E-015)
   1.5707963267948966        3.1415926535897931     
 ( 0.93375544566139823     , -4.0607334504573967E-015)
   3.1415926535897931       -1.5707963267948966     
 ( 0.94171799594666228     , -3.4075470696707765E-015)
   3.1415926535897931        0.0000000000000000     
 ( 0.57528064085240449     , -1.4382844180492024E-015)
   3.1415926535897931        1.5707963267948966     
 ( 0.94171799594666183     , -3.5292325657469206E-015)
   3.1415926535897931        3.1415926535897931     
 (  3.1607104618932453     , -1.3686140540130969E-014)
   1.0000000000000000                1          16
 (  0.0000000000000000     ,  0.0000000000000000     )
  -1.5707963267948966       -1.5707963267948966     
 ( 0.58095015374507886     , -1.8040232515799088E-015)
  -1.5707963267948966        0.0000000000000000     
 ( 0.32259079934962431     , -1.0927788339959581E-015)
  -1.5707963267948966        1.5707963267948966     
 ( 0.57954455959896811     , -1.3212849370754437E-015)
  -1.5707963267948966        3.1415926535897931     
 ( 0.93268060643289918     , -1.7833611212222418E-015)
   0.0000000000000000       -1.5707963267948966     
 ( 0.32246325690876221     , -5.5370854636402841E-016)
   0.0000000000000000        0.0000000000000000     
 (  1.4917773876049756E-005,  8.5349098897471394E-018)
   0.0000000000000000        1.5707963267948966     
 ( 0.32246325690876221     , -4.9521313636372992E-016)
   0.0000000000000000        3.1415926535897931     
 ( 0.57277302329511381     , -4.6634718449663672E-016)
   1.5707963267948966       -1.5707963267948966     
 ( 0.57954455959896811     , -1.5155739663848461E-015)
   1.5707963267948966        0.0000000000000000     
 ( 0.32259079934962431     , -1.1719106730297365E-015)
   1.5707963267948966        1.5707963267948966     
 ( 0.58095015374507886     , -1.7267250422711036E-015)
   1.5707963267948966        3.1415926535897931     
 ( 0.93268060643289918     , -2.3145698724544895E-015)
   3.1415926535897931       -1.5707963267948966     
 ( 0.93320144182590670     , -2.4519812172655681E-015)
   3.1415926535897931        0.0000000000000000     
 ( 0.57763883835088636     , -1.7025901077824910E-015)
   3.1415926535897931        1.5707963267948966     
 ( 0.93320144182590692     , -2.6155304121903011E-015)
   3.1415926535897931        3.1415926535897931     
 (  3.1686412209883033     , -9.0888500365622587E-015)
   1.0000000000000000                1          16
 (  0.0000000000000000     ,  0.0000000000000000     )
  -1.5707963267948966       -1.5707963267948966     
 ( 0.58045380119229417     , -3.7145117312671058E-016)
  -1.5707963267948966        0.0000000000000000     
 ( 0.31778774470439769     ,  2.9091886041974895E-016)
  -1.5707963267948966        1.5707963267948966     
 ( 0.58059159952579376     ,  1.3848095224373815E-016)
  -1.5707963267948966        3.1415926535897931     
 ( 0.94152198932393483     , -5.3454729517189474E-016)
   0.0000000000000000       -1.5707963267948966     
 ( 0.32124706750874837     ,  5.4035065306321136E-017)
   0.0000000000000000        0.0000000000000000     
 (  4.6057781113856278E-006,  8.8393766119835934E-019)
   0.0000000000000000        1.5707963267948966     
 ( 0.32124706750874832     ,  8.5336664440636241E-017)
   0.0000000000000000        3.1415926535897931     
 ( 0.57751246812890478     , -2.4153494112615308E-016)
   1.5707963267948966       -1.5707963267948966     
 ( 0.58059159952579387     ,  1.3848095224373815E-016)
   1.5707963267948966        0.0000000000000000     
 ( 0.31778774470439758     ,  4.8924768491420392E-016)
   1.5707963267948966        1.5707963267948966     
 ( 0.58045380119229439     , -2.1200976647030944E-016)
   1.5707963267948966        3.1415926535897931     
 ( 0.94152198932393483     , -3.4178173363114271E-016)
   3.1415926535897931       -1.5707963267948966     
 ( 0.93507287821665197     , -1.7834130390783844E-016)
   3.1415926535897931        0.0000000000000000     
 ( 0.56959602152570454     , -3.8409371647559629E-016)
   3.1415926535897931        1.5707963267948966     
 ( 0.93507287821665175     , -9.1528553542265530E-017)
   3.1415926535897931        3.1415926535897931     
 (  3.1435434223538676     , -2.7882570653557769E-015)
   1.0000000000000000                1          16
 (  0.0000000000000000     ,  0.0000000000000000     )
  -1.5707963267948966       -1.5707963267948966     
 ( 0.58173775652751458     , -2.2439620473860632E-015)
  -1.5707963267948966        0.0000000000000000     
 ( 0.32205436193740566     , -2.3882812334998832E-015)
  -1.5707963267948966        1.5707963267948966     
 ( 0.58599560321562749     , -3.1621167014165721E-015)
  -1.5707963267948966        3.1415926535897931     
 ( 0.93576904980973041     , -3.5183095311803823E-015)
   0.0000000000000000       -1.5707963267948966     
 ( 0.32023565255666941     , -1.0717189093242146E-015)
   0.0000000000000000        0.0000000000000000     
 (  3.0909113874308392E-005,  2.6195332514770990E-018)
   0.0000000000000000        1.5707963267948966     
 ( 0.32023565255666936     , -1.2082761286876043E-015)
   0.0000000000000000        3.1415926535897931     
 ( 0.56979658456484306     , -1.6433994075533946E-015)
   1.5707963267948966       -1.5707963267948966     
 ( 0.58599560321562738     , -2.8290497940290252E-015)
   1.5707963267948966        0.0000000000000000     
 ( 0.32205436193740566     , -2.2728800347763962E-015)
   1.5707963267948966        1.5707963267948966     
 ( 0.58173775652751447     , -2.2761589404312021E-015)
   1.5707963267948966        3.1415926535897931     
 ( 0.93576904980973041     , -3.3038871733159333E-015)
   3.1415926535897931       -1.5707963267948966     
 ( 0.94651389427873056     , -4.7332342318724764E-015)
   3.1415926535897931        0.0000000000000000     
 ( 0.57256501182020303     , -3.5792762836957502E-015)
   3.1415926535897931        1.5707963267948966     
 ( 0.94651389427873056     , -4.8142803000046083E-015)
   3.1415926535897931        3.1415926535897931     
 (  3.2393540512683789     , -1.5848690896631052E-014)
   1.0000000000000000                1          16
 (  0.0000000000000000     ,  0.0000000000000000     )
  -1.5707963267948966       -1.5707963267948966     
 ( 0.57438544663436653     , -6.0048293859214934E-016)
  -1.5707963267948966        0.0000000000000000     
 ( 0.31948256635598726     , -8.3166088342849168E-016)
  -1.5707963267948966        1.5707963267948966     
 ( 0.57243349451132697     , -1.8950360755793750E-015)
  -1.5707963267948966        3.1415926535897931     
 ( 0.92240708876591182     , -2.8288751564451628E-015)
   0.0000000000000000       -1.5707963267948966     
 ( 0.31411330692798556     , -6.7431410429654015E-016)
   0.0000000000000000        0.0000000000000000     
 (  1.6086543115162444E-005, -1.6375338925521288E-017)
   0.0000000000000000        1.5707963267948966     
 ( 0.31411330692798556     , -6.1488408220480105E-016)
   0.0000000000000000        3.1415926535897931     
 ( 0.56259281755288437     , -1.8928080181800407E-015)
   1.5707963267948966       -1.5707963267948966     
 ( 0.57243349451132686     , -1.7978915609246738E-015)
   1.5707963267948966        0.0000000000000000     
 ( 0.31948256635598715     , -7.1654370162204093E-016)
   1.5707963267948966        1.5707963267948966     
 ( 0.57438544663436641     , -5.1117616565841048E-016)
   1.5707963267948966        3.1415926535897931     
 ( 0.92240708876591160     , -2.7175159246155036E-015)
   3.1415926535897931       -1.5707963267948966     
 ( 0.92451720583716701     , -9.7570656520797693E-016)
   3.1415926535897931        0.0000000000000000     
 ( 0.57207459148060136     , -2.6466690452330396E-015)
   3.1415926535897931        1.5707963267948966     
 ( 0.92451720583716701     , -1.0828099968100115E-015)
   3.1415926535897931        3.1415926535897931     
 (  3.0898506808971873     , -8.4989760341126757E-015)
