     0.0000000        0.63961273        0.06695235
     0.1000000        0.56407320        0.05121868
     0.2000000        0.41345540        0.03183889
     0.3000000        0.33573596        0.06139689
     0.4000000        0.33175096        0.06188879
     0.5000000        0.21856264        0.08069501
     0.6000000        0.19593125        0.06226322
     0.7000000        0.18362544        0.04367314
     0.8000000        0.23580118        0.11594852
     0.9000000        0.32379290        0.05596253
     1.0000000        0.19928445        0.03462993
     1.1000000        0.26777936        0.10780076
     1.2000000        0.14715895        0.17909892
     1.3000000        0.09211458        0.11094627
     1.4000000        0.04765577        0.05545468
     1.5000000        0.02492492        0.04456011
     1.6000000       -0.10700189        0.06269760
     1.7000000       -0.03769966        0.03924501
     1.8000000       -0.04165733        0.04796825
     1.9000000       -0.05382556        0.05411291
     2.0000000       -0.14231115        0.12019670
     2.1000000       -0.02418400        0.05263204
     2.2000000       -0.04113639        0.05430664
     2.3000000       -0.01613783        0.07634160
     2.4000000       -0.14680320        0.18367248
     2.5000000        0.02207382        0.05207718
     2.6000000       -0.13341595        0.13760574
     2.7000000        0.12519459        0.06975811
     2.8000000        0.36388386        0.32312816
     2.9000000        0.12370041        0.09826200
     3.0000000        0.06813239        0.06597264
     3.1000000       -0.05923119        0.06221771
     3.2000000       -0.02441445        0.09470348
     3.3000000       -0.03277743        0.06064659
     3.4000000       -0.07663248        0.04199659
     3.5000000       -0.09290541        0.05887487
     3.6000000       -0.10009637        0.09193995
     3.7000000       -0.06528646        0.07107900
     3.8000000       -0.03554991        0.06084068
     3.9000000       -0.25513056        0.24543711
     4.0000000       -0.21553230        0.14850041
     4.1000000       -0.09662770        0.07672167
     4.2000000       -0.07418490        0.04591012
     4.3000000       -0.09328914        0.07410020
     4.4000000       -0.05771171        0.06083824
     4.5000000       -0.10156388        0.05255948
     4.6000000       -0.13742798        0.11376604
     4.7000000       -0.12357560        0.08789166
     4.8000000       -0.05064350        0.07141620
     4.9000000       -0.15417080        0.14090954
     5.0000000        0.08884207        0.09562688
     5.1000000        0.21657076        0.14261527
     5.2000000        0.45677922        0.32040288
     5.3000000        0.21465688        0.09606054
     5.4000000        0.24976272        0.20939017
     5.5000000        0.00484957        0.12582105
     5.6000000        0.05828511        0.21232353
     5.7000000        0.42252613        0.52657529
     5.8000000       -0.33168501        0.18909710
     5.9000000       -0.32922127        0.23792766
     6.0000000       -0.10085351        0.08367907
     6.1000000        0.04226919        0.08174813
     6.2000000        0.11079900        0.08458953
     6.3000000       -0.03998864        0.09280777
     6.4000000        0.01078789        0.15965028
     6.5000000        0.05317844        0.09379147
     6.6000000        0.02899110        0.12591330
     6.7000000        0.07695916        0.08710642
     6.8000000        0.10716932        0.11429758
     6.9000000        0.11438693        0.12385470
     7.0000000        0.00785715        0.08613427
     7.1000000       -0.00208289        0.09710007
     7.2000000        0.34147459        0.25843766
     7.3000000        0.23604676        0.21448365
     7.4000000        0.31803013        0.29995046
     7.5000000        0.72392955        0.84553424
     7.6000000       -0.06494619        0.15643070
     7.7000000       -0.24832191        0.30972386
     7.8000000       -0.13546662        0.13525560
     7.9000000       -0.11503942        0.11146033
     8.0000000       -0.03370628        0.06779340
     8.1000000        0.16356326        0.06492843
     8.2000000        0.20011866        0.11779409
     8.3000000        0.08690583        0.06355426
     8.4000000       -0.02129495        0.08430858
     8.5000000        0.00302000        0.12283919
     8.6000000       -0.00679140        0.11618562
     8.7000000        0.07059469        0.24107658
     8.8000000        0.33469527        0.29165627
     8.9000000        0.25015737        0.10497405
     9.0000000        0.19032907        0.07722638
     9.1000000        0.28262693        0.13023585
     9.2000000        0.24725470        0.12909389
     9.3000000        0.31846640        0.09619234
     9.4000000        0.31229909        0.07391687
     9.5000000        0.35854158        0.06280616
     9.6000000        0.42069068        0.08679650
     9.7000000        0.40528911        0.05567560
     9.8000000        0.45592254        0.09210020
     9.9000000        0.56527256        0.05531400
    10.0000000        0.63961273        0.06695235
