     0.0000000        1.93720409        0.00413410
     0.1000000        1.25732211        0.00373078
     0.2000000        0.82127298        0.00280400
     0.3000000        0.54325408        0.00463277
     0.4000000        0.36070800        0.00343022
     0.5000000        0.24265858        0.00313424
     0.6000000        0.16104172        0.00302000
     0.7000000        0.10666376        0.00223661
     0.8000000        0.07474785        0.00352083
     0.9000000        0.04982622        0.00285932
     1.0000000        0.03328929        0.00315483
     1.1000000        0.02256799        0.00326541
     1.2000000        0.01424590        0.00375143
     1.3000000        0.01262433        0.00171030
     1.4000000        0.01012040        0.00177609
     1.5000000        0.01118163        0.00191766
     1.6000000        0.01117795        0.00198422
     1.7000000        0.00843903        0.00271681
     1.8000000        0.00574644        0.00221326
     1.9000000        0.00303743        0.00170820
     2.0000000        0.00288688        0.00179202
     2.1000000       -0.00107891        0.00179926
     2.2000000        0.00021872        0.00136523
     2.3000000        0.00071434        0.00164264
     2.4000000       -0.00017801        0.00148342
     2.5000000       -0.00247003        0.00238984
     2.6000000       -0.00290528        0.00233087
     2.7000000       -0.00263741        0.00197185
     2.8000000       -0.00321989        0.00319062
     2.9000000       -0.00310007        0.00269789
     3.0000000       -0.00221744        0.00129890
     3.1000000       -0.00137536        0.00196162
     3.2000000       -0.00177262        0.00322287
     3.3000000        0.00191504        0.00136569
     3.4000000        0.00249170        0.00154490
     3.5000000        0.00369085        0.00283423
     3.6000000        0.00379582        0.00396046
     3.7000000        0.00452082        0.00259202
     3.8000000        0.00198458        0.00140031
     3.9000000        0.00136532        0.00160074
     4.0000000       -0.00035311        0.00194690
     4.1000000       -0.00248749        0.00149737
     4.2000000       -0.00217723        0.00149297
     4.3000000       -0.00086938        0.00101337
     4.4000000        0.00127942        0.00119415
     4.5000000        0.00043259        0.00163736
     4.6000000        0.00006981        0.00112543
     4.7000000       -0.00064797        0.00122764
     4.8000000       -0.00182797        0.00229668
     4.9000000        0.00054804        0.00151829
     5.0000000        0.00012831        0.00133750
     5.1000000       -0.00202324        0.00169074
     5.2000000       -0.00006645        0.00266435
     5.3000000        0.00206429        0.00219247
     5.4000000        0.00177378        0.00145505
     5.5000000       -0.00214476        0.00216142
     5.6000000       -0.00129255        0.00227242
     5.7000000       -0.00064698        0.00227692
     5.8000000       -0.00216241        0.00331376
     5.9000000       -0.00180021        0.00301805
     6.0000000       -0.00475062        0.00356539
     6.1000000       -0.00108677        0.00219070
     6.2000000        0.00138758        0.00267556
     6.3000000        0.00115587        0.00119750
     6.4000000       -0.00021804        0.00302344
     6.5000000        0.00092703        0.00294160
     6.6000000        0.00061318        0.00280011
     6.7000000        0.00080088        0.00133792
     6.8000000        0.00173337        0.00236111
     6.9000000       -0.00013542        0.00189917
     7.0000000       -0.00174406        0.00217794
     7.1000000       -0.00333666        0.00175849
     7.2000000       -0.00240297        0.00235335
     7.3000000       -0.00310497        0.00200625
     7.4000000       -0.00322469        0.00177611
     7.5000000       -0.00164857        0.00101358
     7.6000000        0.00042974        0.00087637
     7.7000000        0.00103580        0.00188948
     7.8000000       -0.00295006        0.00262232
     7.9000000       -0.00130104        0.00184981
     8.0000000       -0.00163529        0.00180980
     8.1000000        0.00000326        0.00205375
     8.2000000        0.00204020        0.00083817
     8.3000000        0.00397660        0.00229445
     8.4000000        0.00326720        0.00359611
     8.5000000        0.00075657        0.00398974
     8.6000000        0.00104892        0.00320925
     8.7000000       -0.00228074        0.00361648
     8.8000000        0.00055835        0.00361405
     8.9000000        0.00052882        0.00177663
     9.0000000       -0.00384006        0.00147682
     9.1000000       -0.00252482        0.00239286
     9.2000000       -0.00145447        0.00316265
     9.3000000        0.00183666        0.00180444
     9.4000000        0.00407063        0.00144286
     9.5000000        0.00530974        0.00109849
     9.6000000        0.00789010        0.00282286
     9.7000000        0.00987167        0.00242243
     9.8000000        0.01861392        0.00324691
     9.9000000        0.03352895        0.00321216
    10.0000000        0.06279591        0.00413410
