     0.0000000        1.85167939        0.00189802
     0.1000000        1.45297614        0.00219745
     0.2000000        1.14761698        0.00216199
     0.3000000        0.91494497        0.00272940
     0.4000000        0.73575424        0.00321065
     0.5000000        0.59413832        0.00299117
     0.6000000        0.48202247        0.00276158
     0.7000000        0.39631405        0.00308319
     0.8000000        0.32429027        0.00276398
     0.9000000        0.26702930        0.00207246
     1.0000000        0.22242278        0.00194540
     1.1000000        0.18181732        0.00236750
     1.2000000        0.15101785        0.00221100
     1.3000000        0.12447993        0.00188667
     1.4000000        0.10236339        0.00265527
     1.5000000        0.08472158        0.00277190
     1.6000000        0.07306914        0.00234896
     1.7000000        0.06312753        0.00240063
     1.8000000        0.05716873        0.00301434
     1.9000000        0.04773134        0.00233955
     2.0000000        0.03893986        0.00230476
     2.1000000        0.03413630        0.00266639
     2.2000000        0.02741509        0.00246956
     2.3000000        0.02330405        0.00201177
     2.4000000        0.01959046        0.00171376
     2.5000000        0.01672197        0.00201409
     2.6000000        0.01474450        0.00200701
     2.7000000        0.01415902        0.00156212
     2.8000000        0.01229447        0.00178680
     2.9000000        0.01089826        0.00194396
     3.0000000        0.00902403        0.00206351
     3.1000000        0.00854488        0.00181830
     3.2000000        0.00880751        0.00202620
     3.3000000        0.00778004        0.00177196
     3.4000000        0.00980323        0.00160843
     3.5000000        0.01015417        0.00158272
     3.6000000        0.00947186        0.00158241
     3.7000000        0.01187806        0.00286773
     3.8000000        0.00994873        0.00241486
     3.9000000        0.00970517        0.00193928
     4.0000000        0.00906821        0.00229065
     4.1000000        0.01254444        0.00204274
     4.2000000        0.01400543        0.00195793
     4.3000000        0.01937479        0.00150230
     4.4000000        0.02640151        0.00149768
     4.5000000        0.03496168        0.00188545
     4.6000000        0.04470215        0.00180375
     4.7000000        0.05985991        0.00202137
     4.8000000        0.08287000        0.00193627
     4.9000000        0.10710836        0.00218392
     5.0000000        0.14832061        0.00189802
