     0.0000000        0.48439281        0.01465519
     0.1000000        0.28527727        0.01828964
     0.2000000        0.16300978        0.02186667
     0.3000000        0.09109703        0.02235191
     0.4000000        0.04855917        0.02122433
     0.5000000        0.02322623        0.01981673
     0.6000000        0.00990696        0.01735054
     0.7000000       -0.00039779        0.01664634
     0.8000000       -0.00599216        0.01556105
     0.9000000       -0.01206487        0.01754959
     1.0000000       -0.01584359        0.01919412
     1.1000000       -0.01932279        0.02081271
     1.2000000       -0.02182978        0.02202722
     1.3000000       -0.02520926        0.02461628
     1.4000000       -0.02670961        0.02531909
     1.5000000       -0.02239788        0.02065189
     1.6000000       -0.01981368        0.01749515
     1.7000000       -0.01978071        0.01684406
     1.8000000       -0.01797726        0.01505389
     1.9000000       -0.01635182        0.01365984
     2.0000000       -0.01786178        0.01640530
     2.1000000       -0.01749887        0.01734126
     2.2000000       -0.01626883        0.01703240
     2.3000000       -0.01553786        0.01702344
     2.4000000       -0.01285544        0.01444026
     2.5000000       -0.01179432        0.01318742
     2.6000000       -0.00966396        0.01081212
     2.7000000       -0.00970587        0.01009806
     2.8000000       -0.01404425        0.01421854
     2.9000000       -0.01701335        0.01776188
     3.0000000       -0.01676947        0.01808807
     3.1000000       -0.01524234        0.01661002
     3.2000000       -0.01788846        0.01804629
     3.3000000       -0.02075033        0.02006063
     3.4000000       -0.02085116        0.02032121
     3.5000000       -0.01977345        0.01872174
     3.6000000       -0.02066066        0.01911485
     3.7000000       -0.02296279        0.02133802
     3.8000000       -0.01710537        0.01580669
     3.9000000       -0.01218445        0.01127969
     4.0000000       -0.00932813        0.00948539
     4.1000000       -0.00530638        0.00591372
     4.2000000       -0.00122449        0.00346483
     4.3000000       -0.00011997        0.00275122
     4.4000000        0.00030870        0.00286282
     4.5000000       -0.00068323        0.00301987
     4.6000000       -0.00159710        0.00342903
     4.7000000        0.00107542        0.00383749
     4.8000000        0.00476894        0.00561311
     4.9000000        0.00620320        0.00663364
     5.0000000        0.00777099        0.00797163
     5.1000000        0.01012566        0.00955001
     5.2000000        0.00804470        0.00693916
     5.3000000        0.00681110        0.00533112
     5.4000000        0.00699534        0.00511875
     5.5000000        0.00832885        0.00593479
     5.6000000        0.00851756        0.00640124
     5.7000000        0.01215324        0.01055859
     5.8000000        0.01176408        0.01085469
     5.9000000        0.00854746        0.00825277
     6.0000000        0.00663229        0.00682631
     6.1000000        0.00668980        0.00665444
     6.2000000        0.00535334        0.00482843
     6.3000000        0.00688033        0.00649822
     6.4000000        0.00563706        0.00587537
     6.5000000        0.00535414        0.00642166
     6.6000000        0.00104683        0.00470967
     6.7000000        0.00079251        0.00504646
     6.8000000        0.00107261        0.00619939
     6.9000000       -0.00322024        0.00612122
     7.0000000       -0.00385685        0.00723561
     7.1000000       -0.01032705        0.00951569
     7.2000000       -0.01536845        0.01269330
     7.3000000       -0.01493314        0.01258910
     7.4000000       -0.01297500        0.01129979
     7.5000000       -0.01223801        0.01113166
     7.6000000       -0.01370289        0.01226020
     7.7000000       -0.01094255        0.00986101
     7.8000000       -0.01011318        0.00957494
     7.9000000       -0.00827534        0.00837480
     8.0000000       -0.00885449        0.01005700
     8.1000000       -0.00529151        0.00767672
     8.2000000       -0.00395555        0.00752825
     8.3000000       -0.00231443        0.00577351
     8.4000000       -0.00211346        0.00583802
     8.5000000       -0.00241279        0.00593403
     8.6000000       -0.00263451        0.00648412
     8.7000000       -0.00153414        0.00613133
     8.8000000       -0.00170123        0.00699407
     8.9000000       -0.00183280        0.00857676
     9.0000000       -0.00334912        0.01060070
     9.1000000       -0.00325299        0.01147826
     9.2000000       -0.00299461        0.01452541
     9.3000000        0.00407755        0.01374393
     9.4000000        0.01399980        0.01466991
     9.5000000        0.03077902        0.01344981
     9.6000000        0.05595406        0.01379603
     9.7000000        0.09895181        0.01408097
     9.8000000        0.17100339        0.01453339
     9.9000000        0.28838079        0.01579175
    10.0000000        0.48439281        0.01465519
