   -2.000000     -2.000000
  1    1        0.04934288        0.00005175       -0.00000000        0.00000000
   -2.000000     -1.000000
  1    1       -0.05949193        0.00005200       -0.00000000        0.00000000
   -2.000000      0.000000
  1    1        0.06023498        0.00005156       -0.00000000        0.00000000
   -2.000000      1.000000
  1    1       -0.05968255        0.00005021       -0.00000000        0.00000000
   -2.000000      2.000000
  1    1        0.04940847        0.00004815       -0.00000000        0.00000000
   -2.000000      3.000000
  1    1       -0.05027715        0.00005148        0.00000000        0.00000000
   -1.000000     -2.000000
  1    1       -0.05944178        0.00004881       -0.00000000        0.00000000
   -1.000000     -1.000000
  1    1        0.06791950        0.00004371        0.00000000        0.00000000
   -1.000000      0.000000
  1    1       -0.16626507        0.00010512       -0.00000000        0.00000000
   -1.000000      1.000000
  1    1        0.06807846        0.00004454        0.00000000        0.00000000
   -1.000000      2.000000
  1    1       -0.05962186        0.00004951        0.00000000        0.00000000
   -1.000000      3.000000
  1    1        0.05017346        0.00005080        0.00000000        0.00000000
    0.000000     -2.000000
  1    1        0.06035364        0.00005134       -0.00000000        0.00000000
    0.000000     -1.000000
  1    1       -0.16715140        0.00010367       -0.00000000        0.00000000
    0.000000      0.000000
  1    1        0.50000000        0.00000000       -0.00000000        0.00000000
    0.000000      1.000000
  1    1       -0.16715140        0.00010367       -0.00000000        0.00000000
    0.000000      2.000000
  1    1        0.06035364        0.00005134       -0.00000000        0.00000000
    0.000000      3.000000
  1    1       -0.05568647        0.00005304        0.00000000        0.00000000
    1.000000     -2.000000
  1    1       -0.05962186        0.00004951       -0.00000000        0.00000000
    1.000000     -1.000000
  1    1        0.06807846        0.00004454        0.00000000        0.00000000
    1.000000      0.000000
  1    1       -0.16626507        0.00010512        0.00000000        0.00000000
    1.000000      1.000000
  1    1        0.06791950        0.00004371        0.00000000        0.00000000
    1.000000      2.000000
  1    1       -0.05944178        0.00004881        0.00000000        0.00000000
    1.000000      3.000000
  1    1        0.05017346        0.00005080        0.00000000        0.00000000
    2.000000     -2.000000
  1    1        0.04940847        0.00004815       -0.00000000        0.00000000
    2.000000     -1.000000
  1    1       -0.05968255        0.00005021        0.00000000        0.00000000
    2.000000      0.000000
  1    1        0.06023498        0.00005156       -0.00000000        0.00000000
    2.000000      1.000000
  1    1       -0.05949193        0.00005200        0.00000000        0.00000000
    2.000000      2.000000
  1    1        0.04934288        0.00005175       -0.00000000        0.00000000
    2.000000      3.000000
  1    1       -0.05027715        0.00005148        0.00000000        0.00000000
    3.000000     -2.000000
  1    1       -0.05030014        0.00005259        0.00000000        0.00000000
    3.000000     -1.000000
  1    1        0.05020476        0.00005238        0.00000000        0.00000000
    3.000000      0.000000
  1    1       -0.05564667        0.00005533        0.00000000        0.00000000
    3.000000      1.000000
  1    1        0.05020476        0.00005238        0.00000000        0.00000000
    3.000000      2.000000
  1    1       -0.05030014        0.00005259        0.00000000        0.00000000
    3.000000      3.000000
  1    1        0.04586982        0.00005770        0.00000000        0.00000000
