   -2.094395     -2.094395
  1    1        0.64671207        0.00014095        0.00000000        0.00000000
   -2.094395     -1.047198
  1    1        0.41468421        0.00021760        0.00000000        0.00000000
   -2.094395      0.000000
  1    1        0.33037300        0.00025299       -0.00000000        0.00000000
   -2.094395      1.047198
  1    1        0.41437251        0.00020913        0.00000000        0.00000000
   -2.094395      2.094395
  1    1        0.64492634        0.00015222       -0.00000000        0.00000000
   -2.094395      3.141593
  1    1        0.85123243        0.00036494        0.00000000        0.00000000
   -1.047198     -2.094395
  1    1        0.41618886        0.00020946       -0.00000000        0.00000000
   -1.047198     -1.047198
  1    1        0.23851685        0.00005084       -0.00000000        0.00000000
   -1.047198      0.000000
  1    1        0.15199363        0.00011795        0.00000000        0.00000000
   -1.047198      1.047198
  1    1        0.23895529        0.00006166        0.00000000        0.00000000
   -1.047198      2.094395
  1    1        0.41594033        0.00022062       -0.00000000        0.00000000
   -1.047198      3.141593
  1    1        0.51328473        0.00031757       -0.00000000        0.00000000
    0.000000     -2.094395
  1    1        0.33265103        0.00025752       -0.00000000        0.00000000
    0.000000     -1.047198
  1    1        0.15245280        0.00011768        0.00000000        0.00000000
    0.000000      0.000000
  1    1        0.00150525        0.00001544        0.00000000        0.00000000
    0.000000      1.047198
  1    1        0.15245280        0.00011768       -0.00000000        0.00000000
    0.000000      2.094395
  1    1        0.33265103        0.00025752        0.00000000        0.00000000
    0.000000      3.141593
  1    1        0.42204592        0.00038621       -0.00000000        0.00000000
    1.047198     -2.094395
  1    1        0.41594033        0.00022062        0.00000000        0.00000000
    1.047198     -1.047198
  1    1        0.23895529        0.00006166       -0.00000000        0.00000000
    1.047198      0.000000
  1    1        0.15199363        0.00011795       -0.00000000        0.00000000
    1.047198      1.047198
  1    1        0.23851685        0.00005084        0.00000000        0.00000000
    1.047198      2.094395
  1    1        0.41618886        0.00020946        0.00000000        0.00000000
    1.047198      3.141593
  1    1        0.51328473        0.00031757       -0.00000000        0.00000000
    2.094395     -2.094395
  1    1        0.64492634        0.00015222        0.00000000        0.00000000
    2.094395     -1.047198
  1    1        0.41437251        0.00020913       -0.00000000        0.00000000
    2.094395      0.000000
  1    1        0.33037300        0.00025299        0.00000000        0.00000000
    2.094395      1.047198
  1    1        0.41468421        0.00021760       -0.00000000        0.00000000
    2.094395      2.094395
  1    1        0.64671207        0.00014095       -0.00000000        0.00000000
    2.094395      3.141593
  1    1        0.85123243        0.00036494        0.00000000        0.00000000
    3.141593     -2.094395
  1    1        0.85024911        0.00032710        0.00000000        0.00000000
    3.141593     -1.047198
  1    1        0.51010690        0.00031890       -0.00000000        0.00000000
    3.141593      0.000000
  1    1        0.41806960        0.00038038       -0.00000000        0.00000000
    3.141593      1.047198
  1    1        0.51010690        0.00031890       -0.00000000        0.00000000
    3.141593      2.094395
  1    1        0.85024911        0.00032710        0.00000000        0.00000000
    3.141593      3.141593
  1    1        2.91309903        0.00156776        0.00000000        0.00000000
