   -2.094395     -2.094395
  1    1        0.14625582        0.00015376       -0.00025215        0.00010160
   -2.094395     -1.047198
  1    1        0.99857800        0.00121739       -0.00041003        0.00052206
   -2.094395      0.000000
  1    1        1.63527911        0.00069485        0.00035980        0.00025911
   -2.094395      1.047198
  1    1        0.99861571        0.00118750        0.00094765        0.00052603
   -2.094395      2.094395
  1    1        0.14564420        0.00015999       -0.00015112        0.00010647
   -2.094395      3.141593
  1    1        0.07432426        0.00009046       -0.00024632        0.00007432
   -1.047198     -2.094395
  1    1        1.00142200        0.00121739        0.00041003        0.00052206
   -1.047198     -1.047198
  1    1        1.85374418        0.00015376        0.00025215        0.00010160
   -1.047198      0.000000
  1    1        1.92567574        0.00009046        0.00024632        0.00007432
   -1.047198      1.047198
  1    1        1.85435580        0.00015999        0.00015112        0.00010647
   -1.047198      2.094395
  1    1        1.00138429        0.00118750       -0.00094765        0.00052603
   -1.047198      3.141593
  1    1        0.36472089        0.00069485       -0.00035980        0.00025911
    0.000000     -2.094395
  1    1        1.63671837        0.00066406        0.00045324        0.00028639
    0.000000     -1.047198
  1    1        1.92570738        0.00008380       -0.00003255        0.00007461
    0.000000      0.000000
  1    1        1.96330357        0.00007172        0.00000000        0.00000000
    0.000000      1.047198
  1    1        1.92570738        0.00008380        0.00003255        0.00007461
    0.000000      2.094395
  1    1        1.63671837        0.00066406       -0.00045324        0.00028639
    0.000000      3.141593
  1    1        1.00336026        0.00201241       -0.00000000        0.00000000
    1.047198     -2.094395
  1    1        1.00138429        0.00118750        0.00094765        0.00052603
    1.047198     -1.047198
  1    1        1.85435580        0.00015999       -0.00015112        0.00010647
    1.047198      0.000000
  1    1        1.92567574        0.00009046       -0.00024632        0.00007432
    1.047198      1.047198
  1    1        1.85374418        0.00015376       -0.00025215        0.00010160
    1.047198      2.094395
  1    1        1.00142200        0.00121739       -0.00041003        0.00052206
    1.047198      3.141593
  1    1        0.36472089        0.00069485        0.00035980        0.00025911
    2.094395     -2.094395
  1    1        0.14564420        0.00015999        0.00015112        0.00010647
    2.094395     -1.047198
  1    1        0.99861571        0.00118750       -0.00094765        0.00052603
    2.094395      0.000000
  1    1        1.63527911        0.00069485       -0.00035980        0.00025911
    2.094395      1.047198
  1    1        0.99857800        0.00121739        0.00041003        0.00052206
    2.094395      2.094395
  1    1        0.14625582        0.00015376        0.00025215        0.00010160
    2.094395      3.141593
  1    1        0.07432426        0.00009046        0.00024632        0.00007432
    3.141593     -2.094395
  1    1        0.07429262        0.00008380        0.00003255        0.00007461
    3.141593     -1.047198
  1    1        0.36328163        0.00066406       -0.00045324        0.00028639
    3.141593      0.000000
  1    1        0.99663974        0.00201241       -0.00000000        0.00000000
    3.141593      1.047198
  1    1        0.36328163        0.00066406        0.00045324        0.00028639
    3.141593      2.094395
  1    1        0.07429262        0.00008380       -0.00003255        0.00007461
    3.141593      3.141593
  1    1        0.03669643        0.00007172       -0.00000000        0.00000000
