   -2.000000     -2.000000
  1    1       -0.00000926        0.00005669        0.00000000        0.00000000
   -2.000000     -1.000000
  1    1       -0.06465603        0.00010906        0.00000000        0.00000000
   -2.000000      0.000000
  1    1        0.00002385        0.00008424        0.00000000        0.00000000
   -2.000000      1.000000
  1    1       -0.06475168        0.00011514        0.00000000        0.00000000
   -2.000000      2.000000
  1    1        0.00001817        0.00005149       -0.00000000        0.00000000
   -2.000000      3.000000
  1    1        0.02923912        0.00013778        0.00000000        0.00000000
   -1.000000     -2.000000
  1    1       -0.06443580        0.00011416        0.00000000        0.00000000
   -1.000000     -1.000000
  1    1       -0.00021426        0.00007673       -0.00000000        0.00000000
   -1.000000      0.000000
  1    1        0.33848990        0.00032017       -0.00000000        0.00000000
   -1.000000      1.000000
  1    1        0.00000707        0.00007590       -0.00000000        0.00000000
   -1.000000      2.000000
  1    1       -0.06454402        0.00011059       -0.00000000        0.00000000
   -1.000000      3.000000
  1    1        0.00003221        0.00007222        0.00000000        0.00000000
    0.000000     -2.000000
  1    1        0.00016767        0.00007661        0.00000000        0.00000000
    0.000000     -1.000000
  1    1        0.33756310        0.00032620       -0.00000000        0.00000000
    0.000000      0.000000
  1    1        1.00000000        0.00000000        0.00000000        0.00000000
    0.000000      1.000000
  1    1        0.33756310        0.00032620        0.00000000        0.00000000
    0.000000      2.000000
  1    1       -0.00016767        0.00007661       -0.00000000        0.00000000
    0.000000      3.000000
  1    1        0.00518265        0.00017852        0.00000000        0.00000000
    1.000000     -2.000000
  1    1       -0.06454402        0.00011059        0.00000000        0.00000000
    1.000000     -1.000000
  1    1       -0.00000707        0.00007590        0.00000000        0.00000000
    1.000000      0.000000
  1    1        0.33848990        0.00032017        0.00000000        0.00000000
    1.000000      1.000000
  1    1        0.00021426        0.00007673        0.00000000        0.00000000
    1.000000      2.000000
  1    1       -0.06443580        0.00011416       -0.00000000        0.00000000
    1.000000      3.000000
  1    1       -0.00003221        0.00007222        0.00000000        0.00000000
    2.000000     -2.000000
  1    1       -0.00001817        0.00005149       -0.00000000        0.00000000
    2.000000     -1.000000
  1    1       -0.06475168        0.00011514       -0.00000000        0.00000000
    2.000000      0.000000
  1    1       -0.00002385        0.00008424       -0.00000000        0.00000000
    2.000000      1.000000
  1    1       -0.06465603        0.00010906       -0.00000000        0.00000000
    2.000000      2.000000
  1    1        0.00000926        0.00005669       -0.00000000        0.00000000
    2.000000      3.000000
  1    1        0.02923912        0.00013778        0.00000000        0.00000000
    3.000000     -2.000000
  1    1        0.02968617        0.00013686        0.00000000        0.00000000
    3.000000     -1.000000
  1    1        0.00009988        0.00007017        0.00000000        0.00000000
    3.000000      0.000000
  1    1        0.00493942        0.00017457        0.00000000        0.00000000
    3.000000      1.000000
  1    1       -0.00009988        0.00007017        0.00000000        0.00000000
    3.000000      2.000000
  1    1        0.02968617        0.00013686        0.00000000        0.00000000
    3.000000      3.000000
  1    1       -0.00000000        0.00000000        0.00000000        0.00000000
