     0.0000000        1.93394163        0.00221690
     0.1000000        1.25631266        0.00267416
     0.2000000        0.81960591        0.00272981
     0.3000000        0.53662271        0.00198724
     0.4000000        0.35819910        0.00188140
     0.5000000        0.23953879        0.00212906
     0.6000000        0.16056423        0.00161232
     0.7000000        0.10756697        0.00157112
     0.8000000        0.07063756        0.00213343
     0.9000000        0.04985246        0.00201133
     1.0000000        0.03419760        0.00163509
     1.1000000        0.02316104        0.00161587
     1.2000000        0.01511593        0.00196914
     1.3000000        0.00977622        0.00194418
     1.4000000        0.00675314        0.00196861
     1.5000000        0.00515793        0.00194183
     1.6000000        0.00446358        0.00169591
     1.7000000        0.00225995        0.00185243
     1.8000000        0.00085375        0.00185680
     1.9000000        0.00036103        0.00190301
     2.0000000        0.00083821        0.00180384
     2.1000000        0.00125592        0.00137861
     2.2000000        0.00090780        0.00169679
     2.3000000        0.00400548        0.00162134
     2.4000000        0.00165749        0.00170413
     2.5000000        0.00013135        0.00149917
     2.6000000       -0.00195903        0.00163931
     2.7000000       -0.00173588        0.00160096
     2.8000000       -0.00033596        0.00164960
     2.9000000       -0.00105008        0.00199929
     3.0000000        0.00105563        0.00163586
     3.1000000        0.00011339        0.00149869
     3.2000000       -0.00047819        0.00169642
     3.3000000        0.00039587        0.00137692
     3.4000000        0.00123206        0.00100232
     3.5000000        0.00040776        0.00135767
     3.6000000       -0.00006427        0.00113145
     3.7000000        0.00060151        0.00175124
     3.8000000       -0.00029497        0.00140467
     3.9000000        0.00024410        0.00128076
     4.0000000       -0.00055337        0.00111426
     4.1000000        0.00173101        0.00158560
     4.2000000        0.00095108        0.00154613
     4.3000000       -0.00032795        0.00143919
     4.4000000        0.00042164        0.00173855
     4.5000000        0.00261815        0.00206587
     4.6000000        0.00055183        0.00216538
     4.7000000        0.00042842        0.00209562
     4.8000000        0.00158061        0.00185773
     4.9000000        0.00085867        0.00132337
     5.0000000        0.00000073        0.00130082
     5.1000000       -0.00002394        0.00171627
     5.2000000       -0.00017581        0.00170490
     5.3000000       -0.00115648        0.00119949
     5.4000000       -0.00097416        0.00166027
     5.5000000        0.00026447        0.00218175
     5.6000000       -0.00069273        0.00196925
     5.7000000       -0.00106167        0.00174672
     5.8000000       -0.00305113        0.00159523
     5.9000000       -0.00197420        0.00163813
     6.0000000       -0.00283470        0.00171447
     6.1000000       -0.00056138        0.00139635
     6.2000000       -0.00007703        0.00145655
     6.3000000       -0.00082432        0.00146287
     6.4000000       -0.00040140        0.00133409
     6.5000000       -0.00060315        0.00099910
     6.6000000       -0.00080598        0.00104783
     6.7000000        0.00099170        0.00098642
     6.8000000       -0.00165035        0.00108481
     6.9000000       -0.00233853        0.00168949
     7.0000000       -0.00277083        0.00140182
     7.1000000       -0.00063119        0.00134049
     7.2000000       -0.00188235        0.00141123
     7.3000000        0.00009263        0.00203705
     7.4000000       -0.00027194        0.00171351
     7.5000000        0.00210344        0.00155874
     7.6000000        0.00115070        0.00185419
     7.7000000        0.00103664        0.00132137
     7.8000000        0.00023850        0.00150639
     7.9000000       -0.00062155        0.00147182
     8.0000000       -0.00022940        0.00150789
     8.1000000        0.00094482        0.00128755
     8.2000000        0.00136914        0.00146761
     8.3000000        0.00143922        0.00140845
     8.4000000        0.00042411        0.00125152
     8.5000000        0.00014616        0.00148707
     8.6000000        0.00135047        0.00175532
     8.7000000        0.00176969        0.00142606
     8.8000000        0.00447325        0.00162728
     8.9000000        0.00072411        0.00140782
     9.0000000        0.00065381        0.00180541
     9.1000000        0.00288204        0.00145668
     9.2000000        0.00102008        0.00100020
     9.3000000        0.00095188        0.00187331
     9.4000000        0.00001154        0.00163601
     9.5000000        0.00221228        0.00171812
     9.6000000        0.00515901        0.00204785
     9.7000000        0.01309943        0.00184810
     9.8000000        0.02218323        0.00167107
     9.9000000        0.03774427        0.00199771
    10.0000000        0.06605837        0.00221690
