     0.0000000        3.09486497        0.16040451
     0.1000000        2.85950831        0.13801935
     0.2000000        2.77577058        0.20694382
     0.3000000        2.71402114        0.28605460
     0.4000000        2.53920949        0.21918156
     0.5000000        2.43711947        0.20652055
     0.6000000        2.35795103        0.23265738
     0.7000000        2.30444319        0.17404524
     0.8000000        2.22061774        0.19823260
     0.9000000        2.03931310        0.08923975
     1.0000000        2.03772155        0.10480892
     1.1000000        2.03740171        0.12234104
     1.2000000        2.12876241        0.17100861
     1.3000000        2.60926654        0.61861746
     1.4000000        2.31871370        0.40652198
     1.5000000        2.61598790        0.69086246
     1.6000000        2.24104641        0.40063202
     1.7000000        2.31069409        0.40209390
     1.8000000        2.59342435        0.66844621
     1.9000000        2.10473852        0.28057738
     2.0000000        2.11248106        0.25406124
     2.1000000        2.11913580        0.36815404
     2.2000000        1.88023044        0.22477748
     2.3000000        1.74537332        0.10239806
     2.4000000        1.64382882        0.07298553
     2.5000000        1.70827614        0.10026960
     2.6000000        1.60388791        0.08905842
     2.7000000        1.70168885        0.08092293
     2.8000000        1.86216260        0.11175444
     2.9000000        1.80940179        0.11954464
     3.0000000        2.00664090        0.18434390
     3.1000000        2.40055938        0.46673168
     3.2000000        2.69957191        0.63206417
     3.3000000        2.27537806        0.13135920
     3.4000000        2.70436598        0.42273763
     3.5000000        2.54930620        0.30897429
     3.6000000        2.54273366        0.31672163
     3.7000000        2.55334571        0.32747938
     3.8000000        2.63987545        0.34442642
     3.9000000        2.62887662        0.51956908
     4.0000000        3.07868571        0.97225115
     4.1000000        2.57821601        0.54675595
     4.2000000        2.88539281        0.74483065
     4.3000000        2.45788689        0.28078013
     4.4000000        2.32795494        0.13666168
     4.5000000        2.39857162        0.14244893
     4.6000000        2.51602890        0.19029156
     4.7000000        2.59832022        0.18665888
     4.8000000        2.69878878        0.17852046
     4.9000000        2.93722143        0.23551250
     5.0000000        3.09486497        0.16040451
