     0.0000000     -161.32728605        0.00223500
     0.1000000     -161.42414060        0.00210201
     0.2000000     -161.47895891        0.00210472
     0.3000000     -161.51072275        0.00199483
     0.4000000     -161.52962930        0.00196633
     0.5000000     -161.54108624        0.00184745
     0.6000000     -161.54801821        0.00157246
     0.7000000     -161.55226872        0.00120064
     0.8000000     -161.55510747        0.00098859
     0.9000000     -161.55673394        0.00060074
     1.0000000     -161.55796677        0.00043694
     1.1000000     -161.55883747        0.00036039
     1.2000000     -161.55942792        0.00026760
     1.3000000     -161.55974005        0.00010712
     1.4000000     -161.55990750        0.00021098
     1.5000000     -161.56011657        0.00026225
     1.6000000     -161.56037786        0.00018177
     1.7000000     -161.56048312        0.00022028
     1.8000000     -161.56059709        0.00023471
     1.9000000     -161.56066700        0.00024381
     2.0000000     -161.56084356        0.00014496
     2.1000000     -161.56085005        0.00016565
     2.2000000     -161.56094158        0.00012191
     2.3000000     -161.56101114        0.00011092
     2.4000000     -161.56103903        0.00011308
     2.5000000     -161.56104532        0.00011490
     2.6000000     -161.56102193        0.00010808
     2.7000000     -161.56098156        0.00009837
     2.8000000     -161.56092849        0.00009221
     2.9000000     -161.56093402        0.00008799
     3.0000000     -161.56092596        0.00008560
     3.1000000     -161.56090845        0.00008146
     3.2000000     -161.56085105        0.00007620
     3.3000000     -161.56077260        0.00008061
     3.4000000     -161.56060004        0.00007436
     3.5000000     -161.56042887        0.00008519
     3.6000000     -161.56018776        0.00009696
     3.7000000     -161.55982132        0.00008799
     3.8000000     -161.55942052        0.00012987
     3.9000000     -161.55879251        0.00017695
     4.0000000     -161.55782053        0.00020023
     4.1000000     -161.55647525        0.00022555
     4.2000000     -161.55445206        0.00027612
     4.3000000     -161.55148219        0.00033720
     4.4000000     -161.54686967        0.00038370
     4.5000000     -161.53976873        0.00051881
     4.6000000     -161.52823116        0.00065342
     4.7000000     -161.50945711        0.00091502
     4.8000000     -161.47810523        0.00136364
     4.9000000     -161.42381453        0.00187215
     5.0000000     -161.32728605        0.00223506
