     0.0000000        1.00124968        0.01545846
     0.1000000        0.87455077        0.01534241
     0.2000000        0.77148949        0.01576726
     0.3000000        0.69064821        0.01403192
     0.4000000        0.62927648        0.01668881
     0.5000000        0.55975273        0.01336873
     0.6000000        0.50499333        0.01585552
     0.7000000        0.45607886        0.01697953
     0.8000000        0.42374548        0.01321454
     0.9000000        0.37474182        0.01315844
     1.0000000        0.33727645        0.01491240
     1.1000000        0.30300829        0.01558491
     1.2000000        0.27724961        0.01410211
     1.3000000        0.25836782        0.01372529
     1.4000000        0.23609618        0.01384562
     1.5000000        0.21499554        0.01324502
     1.6000000        0.19595574        0.01329988
     1.7000000        0.17584175        0.01233123
     1.8000000        0.15279263        0.01224919
     1.9000000        0.14240893        0.01295663
     2.0000000        0.13527085        0.01404092
     2.1000000        0.12079543        0.01346426
     2.2000000        0.11267916        0.01261690
     2.3000000        0.10374708        0.01088202
     2.4000000        0.09498889        0.00853716
     2.5000000        0.08560405        0.00928902
     2.6000000        0.07107986        0.00924193
     2.7000000        0.06633676        0.00887446
     2.8000000        0.06096889        0.01113161
     2.9000000        0.05464952        0.01018625
     3.0000000        0.04863797        0.00966410
     3.1000000        0.04910650        0.00974123
     3.2000000        0.04390214        0.00823897
     3.3000000        0.04103780        0.00668051
     3.4000000        0.03532248        0.00773156
     3.5000000        0.03382416        0.00846699
     3.6000000        0.03489189        0.00812998
     3.7000000        0.02879609        0.00881021
     3.8000000        0.02645706        0.00815294
     3.9000000        0.01779478        0.01161577
     4.0000000        0.02273841        0.00737917
     4.1000000        0.02084445        0.00498484
     4.2000000        0.01706946        0.00300255
     4.3000000        0.01908717        0.00199866
     4.4000000        0.01803801        0.00280681
     4.5000000        0.01715414        0.00336623
     4.6000000        0.01746080        0.00484799
     4.7000000        0.01517903        0.00290531
     4.8000000        0.02180072        0.00865777
     4.9000000        0.01768090        0.00370592
     5.0000000        0.01533888        0.00312113
     5.1000000        0.01565389        0.00333441
     5.2000000        0.01726487        0.00466479
     5.3000000        0.01165455        0.00444134
     5.4000000        0.01367012        0.00454843
     5.5000000        0.01583082        0.00590051
     5.6000000        0.01131292        0.00421283
     5.7000000        0.00996521        0.00491554
     5.8000000        0.01177475        0.00594257
     5.9000000        0.00899181        0.00613105
     6.0000000        0.00968935        0.00726220
     6.1000000        0.01283620        0.00900982
     6.2000000        0.01776010        0.01056555
     6.3000000        0.01818838        0.01204028
     6.4000000        0.02375301        0.01180396
     6.5000000        0.02443296        0.00931922
     6.6000000        0.02606252        0.00596713
     6.7000000        0.03406641        0.00806028
     6.8000000        0.04549188        0.00856829
     6.9000000        0.04956341        0.00586335
     7.0000000        0.05147546        0.00549228
     7.1000000        0.05791974        0.00314598
     7.2000000        0.06425976        0.00515663
     7.3000000        0.06359885        0.00856777
     7.4000000        0.07337024        0.00731983
     7.5000000        0.07488032        0.01032932
     7.6000000        0.08445983        0.00694612
     7.7000000        0.09577410        0.00852305
     7.8000000        0.10986214        0.00989830
     7.9000000        0.12326857        0.00848079
     8.0000000        0.13327180        0.00805666
     8.1000000        0.14499965        0.00645414
     8.2000000        0.15432899        0.00598549
     8.3000000        0.16993045        0.00559255
     8.4000000        0.18558224        0.00572987
     8.5000000        0.21055541        0.00709538
     8.6000000        0.22667750        0.01064066
     8.7000000        0.24870214        0.01514293
     8.8000000        0.27829051        0.01507117
     8.9000000        0.30055164        0.01354166
     9.0000000        0.33202560        0.01276914
     9.1000000        0.37399283        0.01156469
     9.2000000        0.40714187        0.01405459
     9.3000000        0.45206133        0.01413228
     9.4000000        0.49881846        0.01519039
     9.5000000        0.55299447        0.01264601
     9.6000000        0.62241236        0.00920340
     9.7000000        0.68937333        0.00998164
     9.8000000        0.76915421        0.01195233
     9.9000000        0.87283258        0.01359633
    10.0000000        0.99875032        0.01545846
