     0.0000000        1.85285680        0.00218308
     0.1000000        1.45596376        0.00220324
     0.2000000        1.15052369        0.00213999
     0.3000000        0.91656571        0.00196372
     0.4000000        0.73633369        0.00180072
     0.5000000        0.59422483        0.00234523
     0.6000000        0.48153199        0.00231944
     0.7000000        0.39678549        0.00275981
     0.8000000        0.32338751        0.00261837
     0.9000000        0.26522252        0.00265885
     1.0000000        0.21929105        0.00246471
     1.1000000        0.18154276        0.00240015
     1.2000000        0.14971259        0.00274265
     1.3000000        0.12263778        0.00311110
     1.4000000        0.10252414        0.00241868
     1.5000000        0.08760126        0.00212643
     1.6000000        0.07510228        0.00213349
     1.7000000        0.06069527        0.00183122
     1.8000000        0.05228169        0.00199170
     1.9000000        0.04375649        0.00215856
     2.0000000        0.03595010        0.00236059
     2.1000000        0.02907369        0.00217996
     2.2000000        0.02612403        0.00211719
     2.3000000        0.02323481        0.00219768
     2.4000000        0.01930457        0.00215265
     2.5000000        0.01581992        0.00170016
     2.6000000        0.01169127        0.00159630
     2.7000000        0.01120112        0.00188531
     2.8000000        0.00982082        0.00205558
     2.9000000        0.00797857        0.00129391
     3.0000000        0.00690451        0.00123275
     3.1000000        0.00895611        0.00148208
     3.2000000        0.00781645        0.00166701
     3.3000000        0.00818473        0.00185277
     3.4000000        0.00929377        0.00156795
     3.5000000        0.00950164        0.00169658
     3.6000000        0.00872988        0.00221265
     3.7000000        0.00963840        0.00190768
     3.8000000        0.01017671        0.00206127
     3.9000000        0.01270445        0.00210213
     4.0000000        0.01484898        0.00191546
     4.1000000        0.01577272        0.00192342
     4.2000000        0.01623820        0.00140141
     4.3000000        0.02056254        0.00184088
     4.4000000        0.02779390        0.00170572
     4.5000000        0.03555133        0.00154695
     4.6000000        0.04465217        0.00191091
     4.7000000        0.05681156        0.00188385
     4.8000000        0.07618063        0.00211143
     4.9000000        0.10475460        0.00225158
     5.0000000        0.14714320        0.00218308
