     0.0000000        0.17054751        0.01147714
     0.1000000        0.11989425        0.01114616
     0.2000000        0.07920168        0.00856013
     0.3000000        0.05417417        0.00666189
     0.4000000        0.03532007        0.00495772
     0.5000000        0.02128767        0.00096825
     0.6000000        0.00852541        0.00787005
     0.7000000        0.00577331        0.00726421
     0.8000000        0.00924788        0.00595496
     0.9000000        0.00979284        0.00165386
     1.0000000        0.00545777        0.00639709
     1.1000000        0.00814560        0.01066563
     1.2000000        0.00035285        0.00717459
     1.3000000       -0.00077122        0.00553018
     1.4000000       -0.00400251        0.00809217
     1.5000000       -0.00406584        0.01228795
     1.6000000       -0.00173673        0.01421786
     1.7000000       -0.00240936        0.01348609
     1.8000000       -0.00346990        0.00874741
     1.9000000        0.00477106        0.00261941
     2.0000000        0.00446173        0.00569413
     2.1000000        0.00307864        0.00647274
     2.2000000        0.00498828        0.00081623
     2.3000000        0.00396472        0.00073159
     2.4000000        0.00300232        0.00269183
     2.5000000        0.00319915        0.00465610
     2.6000000        0.00427533        0.00216582
     2.7000000        0.00467619        0.00542560
     2.8000000        0.00124965        0.00277579
     2.9000000        0.00150255        0.00309428
     3.0000000       -0.00002080        0.00458919
     3.1000000        0.00134488        0.00508340
     3.2000000        0.00220075        0.00556677
     3.3000000       -0.00064444        0.00679050
     3.4000000        0.00086954        0.00593198
     3.5000000       -0.00112092        0.00288711
     3.6000000        0.00280209        0.00443417
     3.7000000        0.00420421        0.00144268
     3.8000000        0.00449382        0.00158997
     3.9000000        0.00515349        0.00351497
     4.0000000        0.00616654        0.00210753
     4.1000000        0.00765305        0.00191967
     4.2000000        0.00414334        0.00023831
     4.3000000        0.00247878        0.00449745
     4.4000000        0.00143276        0.00339703
     4.5000000        0.00389029        0.00168441
     4.6000000        0.00319115        0.00576558
     4.7000000        0.00139871        0.00066518
     4.8000000        0.00093080        0.00145286
     4.9000000        0.00347647        0.00176964
     5.0000000        0.00279011        0.00172346
     5.1000000        0.00345627        0.00308936
     5.2000000        0.00557396        0.00507217
     5.3000000        0.00558717        0.00136032
     5.4000000        0.00639317        0.00100816
     5.5000000        0.00615920        0.00163988
     5.6000000        0.00200554        0.00345663
     5.7000000       -0.00135204        0.00580763
     5.8000000       -0.00141980        0.00476790
     5.9000000       -0.00149239        0.00020049
     6.0000000        0.00225693        0.00262951
     6.1000000        0.00071180        0.00536869
     6.2000000       -0.00186574        0.00927842
     6.3000000       -0.00130660        0.00539890
     6.4000000       -0.00255086        0.00507529
     6.5000000        0.00195688        0.00370935
     6.6000000       -0.00111524        0.00624486
     6.7000000        0.00231492        0.00991295
     6.8000000       -0.00163638        0.00432457
     6.9000000       -0.00147323        0.00140977
     7.0000000       -0.00040110        0.00030744
     7.1000000       -0.00161593        0.00430441
     7.2000000       -0.00355752        0.00185715
     7.3000000       -0.00235627        0.00318684
     7.4000000       -0.00159037        0.00121672
     7.5000000        0.00177477        0.00259664
     7.6000000       -0.00101354        0.00228534
     7.7000000        0.00250555        0.00052922
     7.8000000        0.00093887        0.00188067
     7.9000000        0.00322238        0.00196557
     8.0000000        0.00227831        0.00432968
     8.1000000        0.00258638        0.00582115
     8.2000000        0.01052004        0.00335087
     8.3000000        0.01188193        0.00378306
     8.4000000        0.01621364        0.00352107
     8.5000000        0.01950900        0.00530739
     8.6000000        0.02839968        0.00127936
     8.7000000        0.04266065        0.00404480
     8.8000000        0.05516805        0.00021340
     8.9000000        0.06886065        0.00137503
     9.0000000        0.09638702        0.00990240
     9.1000000        0.12463686        0.00615009
     9.2000000        0.16657270        0.01122387
     9.3000000        0.22444405        0.00623644
     9.4000000        0.29536629        0.00800035
     9.5000000        0.39560673        0.00630012
     9.6000000        0.52629210        0.00092637
     9.7000000        0.70958366        0.00856356
     9.8000000        0.95812051        0.00240896
     9.9000000        1.31790171        0.00644848
    10.0000000        1.82945249        0.01147714
