     0.0000000        0.22925395        0.00197890
     0.1000000        0.13157574        0.00215664
     0.2000000        0.07565316        0.00217490
     0.3000000        0.04434794        0.00191111
     0.4000000        0.02669571        0.00142798
     0.5000000        0.01627799        0.00109809
     0.6000000        0.00950728        0.00086221
     0.7000000        0.00583863        0.00078236
     0.8000000        0.00388015        0.00064586
     0.9000000        0.00258042        0.00063356
     1.0000000        0.00177512        0.00046982
     1.1000000        0.00141683        0.00042187
     1.2000000        0.00112240        0.00034965
     1.3000000        0.00073902        0.00028808
     1.4000000        0.00046018        0.00024577
     1.5000000        0.00038533        0.00019473
     1.6000000        0.00017903        0.00024958
     1.7000000        0.00005926        0.00026129
     1.8000000       -0.00010423        0.00032613
     1.9000000        0.00001635        0.00022660
     2.0000000       -0.00000240        0.00016927
     2.1000000        0.00007575        0.00009329
     2.2000000        0.00004497        0.00009981
     2.3000000        0.00004534        0.00005590
     2.4000000        0.00005669        0.00007340
     2.5000000        0.00012636        0.00008378
     2.6000000        0.00009736        0.00012066
     2.7000000       -0.00000651        0.00011737
     2.8000000       -0.00005213        0.00012215
     2.9000000       -0.00001667        0.00011994
     3.0000000        0.00004301        0.00010608
     3.1000000        0.00006587        0.00010681
     3.2000000        0.00003679        0.00008285
     3.3000000        0.00004798        0.00005561
     3.4000000        0.00005627        0.00006060
     3.5000000        0.00004081        0.00004738
     3.6000000        0.00006079        0.00006769
     3.7000000        0.00002911        0.00008687
     3.8000000        0.00001831        0.00007786
     3.9000000        0.00003917        0.00006815
     4.0000000        0.00001243        0.00004982
     4.1000000        0.00003817        0.00006926
     4.2000000        0.00004494        0.00005478
     4.3000000        0.00001042        0.00007773
     4.4000000        0.00000432        0.00009319
     4.5000000        0.00001101        0.00010346
     4.6000000        0.00003899        0.00009044
     4.7000000        0.00004330        0.00006373
     4.8000000        0.00003977        0.00005835
     4.9000000        0.00005381        0.00005900
     5.0000000        0.00003852        0.00006002
     5.1000000        0.00003131        0.00004612
     5.2000000        0.00005748        0.00004701
     5.3000000        0.00007040        0.00005952
     5.4000000        0.00007421        0.00006790
     5.5000000        0.00012622        0.00007392
     5.6000000        0.00018486        0.00010053
     5.7000000        0.00022690        0.00012599
     5.8000000        0.00026020        0.00014369
     5.9000000        0.00024801        0.00015444
     6.0000000        0.00023221        0.00015669
     6.1000000        0.00030252        0.00019577
     6.2000000        0.00034477        0.00026398
     6.3000000        0.00034160        0.00025174
     6.4000000        0.00031699        0.00024131
     6.5000000        0.00029394        0.00015629
     6.6000000        0.00025533        0.00010771
     6.7000000        0.00017510        0.00008709
     6.8000000        0.00017158        0.00007017
     6.9000000        0.00020987        0.00007432
     7.0000000        0.00029218        0.00018375
     7.1000000        0.00039236        0.00032234
     7.2000000        0.00037315        0.00025566
     7.3000000        0.00026681        0.00018562
     7.4000000        0.00032542        0.00026239
     7.5000000        0.00046776        0.00038298
     7.6000000        0.00019591        0.00028960
     7.7000000       -0.00048797        0.00066242
     7.8000000       -0.00183238        0.00224069
     7.9000000       -0.00195511        0.00241855
     8.0000000       -0.00187736        0.00244280
     8.1000000       -0.00178649        0.00230224
     8.2000000       -0.00171812        0.00216524
     8.3000000       -0.00137043        0.00199563
     8.4000000       -0.00120713        0.00179646
     8.5000000       -0.00131986        0.00180749
     8.6000000       -0.00111663        0.00189363
     8.7000000       -0.00076982        0.00198025
     8.8000000       -0.00012409        0.00147920
     8.9000000        0.00013789        0.00122122
     9.0000000       -0.00049944        0.00140480
     9.1000000        0.00031500        0.00168133
     9.2000000        0.00183707        0.00143277
     9.3000000        0.00421839        0.00097821
     9.4000000        0.00776275        0.00109099
     9.5000000        0.01481370        0.00063943
     9.6000000        0.02422130        0.00136695
     9.7000000        0.04169570        0.00204364
     9.8000000        0.07465793        0.00171448
     9.9000000        0.13147411        0.00184342
    10.0000000        0.22925395        0.00197890
