     0.0000000        0.16920720        0.00138054
     0.1000000        0.11620252        0.00122567
     0.2000000        0.08066420        0.00123280
     0.3000000        0.05615892        0.00139370
     0.4000000        0.03933159        0.00160544
     0.5000000        0.02745206        0.00183208
     0.6000000        0.01968719        0.00146810
     0.7000000        0.01432984        0.00102916
     0.8000000        0.01031164        0.00088963
     0.9000000        0.00772251        0.00055578
     1.0000000        0.00564544        0.00049608
     1.1000000        0.00410721        0.00046756
     1.2000000        0.00301060        0.00043387
     1.3000000        0.00227305        0.00031055
     1.4000000        0.00162532        0.00027029
     1.5000000        0.00118567        0.00028879
     1.6000000        0.00091444        0.00027418
     1.7000000        0.00068395        0.00023229
     1.8000000        0.00049178        0.00020955
     1.9000000        0.00042741        0.00017781
     2.0000000        0.00030565        0.00017594
     2.1000000        0.00028303        0.00017544
     2.2000000        0.00028692        0.00017063
     2.3000000        0.00025755        0.00018169
     2.4000000        0.00025489        0.00017493
     2.5000000        0.00028344        0.00018171
     2.6000000        0.00034050        0.00018907
     2.7000000        0.00039391        0.00020237
     2.8000000        0.00049934        0.00027431
     2.9000000        0.00052738        0.00032083
     3.0000000        0.00061652        0.00036259
     3.1000000        0.00073800        0.00038959
     3.2000000        0.00090503        0.00042282
     3.3000000        0.00114118        0.00046800
     3.4000000        0.00140086        0.00044199
     3.5000000        0.00178996        0.00039377
     3.6000000        0.00211468        0.00023178
     3.7000000        0.00255679        0.00017131
     3.8000000        0.00343607        0.00019217
     3.9000000        0.00446961        0.00023378
     4.0000000        0.00587556        0.00027403
     4.1000000        0.00800356        0.00029160
     4.2000000        0.01101196        0.00028748
     4.3000000        0.01514808        0.00028311
     4.4000000        0.02091812        0.00029930
     4.5000000        0.02883421        0.00040932
     4.6000000        0.04048382        0.00048010
     4.7000000        0.05710505        0.00071694
     4.8000000        0.08120524        0.00095864
     4.9000000        0.11654860        0.00119369
     5.0000000        0.16920720        0.00138054
