     0.0000000        0.96250000        0.09356656
     0.0500000        0.92593750        0.09319070
     0.1000000        0.87010417        0.08984282
     0.1500000        0.82739583        0.08652817
     0.2000000        0.79052083        0.08618769
     0.2500000        0.76604167        0.08574176
     0.3000000        0.73718750        0.08668602
     0.3500000        0.72447917        0.08974647
     0.4000000        0.70010417        0.08756424
     0.4500000        0.67822917        0.08632362
     0.5000000        0.65281250        0.08596005
     0.5500000        0.63770833        0.08165796
     0.6000000        0.61375000        0.08192843
     0.6500000        0.60052083        0.08120643
     0.7000000        0.58354167        0.07736706
     0.7500000        0.55291667        0.07128711
     0.8000000        0.53958333        0.06455972
     0.8500000        0.53510417        0.06244801
     0.9000000        0.52270833        0.06412008
     0.9500000        0.50645833        0.06061045
     1.0000000        0.49552083        0.06133342
     1.0500000        0.47406250        0.06231753
     1.1000000        0.45062500        0.06271440
     1.1500000        0.43406250        0.06379528
     1.2000000        0.41052083        0.06534604
     1.2500000        0.39812500        0.06709715
     1.3000000        0.39083333        0.06774144
     1.3500000        0.37322917        0.07164725
     1.4000000        0.37958333        0.07557123
     1.4500000        0.36250000        0.08055864
     1.5000000        0.35822917        0.08056882
     1.5500000        0.34927083        0.07506668
     1.6000000        0.33322917        0.07201721
     1.6500000        0.31416667        0.06941560
     1.7000000        0.30406250        0.06559174
     1.7500000        0.28968750        0.06164291
     1.8000000        0.25729167        0.05929681
     1.8500000        0.23854167        0.05562284
     1.9000000        0.22395833        0.05801130
     1.9500000        0.21031250        0.05697821
     2.0000000        0.21760417        0.05413159
     2.0500000        0.21218750        0.05494342
     2.1000000        0.20833333        0.05568445
     2.1500000        0.18770833        0.05387414
     2.2000000        0.17739583        0.06177899
     2.2500000        0.16052083        0.06840729
     2.3000000        0.15031250        0.07149346
     2.3500000        0.12885417        0.07470093
     2.4000000        0.11135417        0.07867239
     2.4500000        0.09281250        0.08414650
     2.5000000        0.08895833        0.08906914
     2.5500000        0.08489583        0.09620007
     2.6000000        0.07843750        0.09995791
     2.6500000        0.06156250        0.10120505
     2.7000000        0.04437500        0.10164600
     2.7500000        0.03437500        0.09834970
     2.8000000        0.04114583        0.10015064
     2.8500000        0.05489583        0.09718739
     2.9000000        0.04447917        0.08795124
     2.9500000        0.03229167        0.08515434
     3.0000000        0.01343750        0.08833766
     3.0500000        0.00395833        0.09216853
     3.1000000       -0.01875000        0.09317586
     3.1500000       -0.02229167        0.08929864
     3.2000000       -0.03333333        0.08655158
     3.2500000       -0.02718750        0.08847948
     3.3000000       -0.02260417        0.08902413
     3.3500000       -0.03416667        0.08963026
     3.4000000       -0.03802083        0.09106811
     3.4500000       -0.04885417        0.09354260
     3.5000000       -0.06531250        0.09714189
     3.5500000       -0.07312500        0.09871155
     3.6000000       -0.07072917        0.09624651
     3.6500000       -0.06229167        0.09125373
     3.7000000       -0.03927083        0.08809031
     3.7500000       -0.00916667        0.08740052
     3.8000000        0.00979167        0.08721513
     3.8500000        0.00958333        0.08596834
     3.9000000        0.01770833        0.08666586
     3.9500000        0.02270833        0.08502671
     4.0000000        0.03156250        0.08970842
     4.0500000        0.02572917        0.09230945
     4.1000000        0.01937500        0.09584976
     4.1500000        0.01177083        0.09456682
     4.2000000       -0.00135417        0.09181009
     4.2500000       -0.00906250        0.09668179
     4.3000000       -0.01197917        0.09773209
     4.3500000       -0.00197917        0.09609370
     4.4000000       -0.00354167        0.08979974
     4.4500000       -0.02010417        0.08968472
     4.5000000       -0.03145833        0.08588276
     4.5500000       -0.03187500        0.08556531
     4.6000000       -0.02447917        0.08644097
     4.6500000       -0.01677083        0.08940813
     4.7000000       -0.01093750        0.08627584
     4.7500000       -0.00364583        0.08170043
     4.8000000       -0.00520833        0.08089406
     4.8500000       -0.01375000        0.07918180
     4.9000000       -0.01427083        0.07743757
     4.9500000       -0.00312500        0.08000234
     5.0000000       -0.00625000        0.08229313
     5.0500000       -0.00468750        0.08297075
     5.1000000       -0.00333333        0.08578926
     5.1500000        0.01062500        0.08920339
     5.2000000        0.03510417        0.09549856
     5.2500000        0.04760417        0.09975790
     5.3000000        0.05854167        0.09790165
     5.3500000        0.06937500        0.10335469
     5.4000000        0.07312500        0.10628026
     5.4500000        0.07062500        0.10881220
     5.5000000        0.06822917        0.11297426
     5.5500000        0.06604167        0.11125422
     5.6000000        0.05447917        0.10630734
     5.6500000        0.05000000        0.10744882
     5.7000000        0.05354167        0.10342505
     5.7500000        0.04937500        0.10276328
     5.8000000        0.03854167        0.09739237
     5.8500000        0.02052083        0.09551276
     5.9000000        0.00687500        0.10039109
     5.9500000       -0.00604167        0.10152986
     6.0000000       -0.00791667        0.10005039
     6.0500000       -0.02072917        0.09956043
     6.1000000       -0.03020833        0.09658808
     6.1500000       -0.02822917        0.09373980
     6.2000000       -0.02812500        0.08875204
     6.2500000       -0.02489583        0.08765194
     6.3000000       -0.03145833        0.08489615
     6.3500000       -0.03729167        0.08378813
     6.4000000       -0.02979167        0.08196039
     6.4500000       -0.02708333        0.08068715
     6.5000000       -0.01406250        0.08311179
     6.5500000       -0.00895833        0.08356420
     6.6000000       -0.00250000        0.08441079
     6.6500000       -0.02072917        0.08394405
     6.7000000       -0.02750000        0.08382190
     6.7500000       -0.03416667        0.08226995
     6.8000000       -0.05072917        0.08030939
     6.8500000       -0.05031250        0.07689129
     6.9000000       -0.05427083        0.07581436
     6.9500000       -0.05385417        0.07132100
     7.0000000       -0.06364583        0.06813018
     7.0500000       -0.05875000        0.07121130
     7.1000000       -0.06583333        0.07710633
     7.1500000       -0.06687500        0.07985403
     7.2000000       -0.07572917        0.07805808
     7.2500000       -0.08302083        0.07533559
     7.3000000       -0.09968750        0.07517131
     7.3500000       -0.13187500        0.07321366
     7.4000000       -0.15531250        0.07615775
     7.4500000       -0.17041667        0.07400848
     7.5000000       -0.17927083        0.06570117
     7.5500000       -0.18625000        0.06172955
     7.6000000       -0.19697917        0.05569955
     7.6500000       -0.19937500        0.05251144
     7.7000000       -0.20489583        0.05452994
     7.7500000       -0.22166667        0.05458718
     7.8000000       -0.22041667        0.05935308
     7.8500000       -0.23572917        0.06496770
     7.9000000       -0.23927083        0.06982110
     7.9500000       -0.24937500        0.07267443
     8.0000000       -0.26864583        0.07951289
     8.0500000       -0.28364583        0.08411002
     8.1000000       -0.29802083        0.08987285
     8.1500000       -0.29625000        0.09696012
     8.2000000       -0.29843750        0.10729104
     8.2500000       -0.30250000        0.11128139
     8.3000000       -0.31468750        0.11055587
     8.3500000       -0.33406250        0.11106676
     8.4000000       -0.33250000        0.11043759
     8.4500000       -0.34468750        0.11357807
     8.5000000       -0.33552083        0.11468589
     8.5500000       -0.34020833        0.11370621
     8.6000000       -0.33812500        0.11578464
     8.6500000       -0.33968750        0.11663278
     8.7000000       -0.35270833        0.12025722
     8.7500000       -0.36510417        0.12371670
     8.8000000       -0.37729167        0.12479310
     8.8500000       -0.37791667        0.12843135
     8.9000000       -0.37552083        0.12489846
     8.9500000       -0.37270833        0.12509416
     9.0000000       -0.36000000        0.11819438
     9.0500000       -0.35958333        0.11437649
     9.1000000       -0.35093750        0.11173895
     9.1500000       -0.34406250        0.11005658
     9.2000000       -0.35114583        0.11245310
     9.2500000       -0.34218750        0.11425831
     9.3000000       -0.33614583        0.12000371
     9.3500000       -0.34635417        0.12021142
     9.4000000       -0.35458333        0.12273067
     9.4500000       -0.35541667        0.12400725
     9.5000000       -0.33947917        0.11846278
     9.5500000       -0.33968750        0.11185641
     9.6000000       -0.31520833        0.11152537
     9.6500000       -0.29510417        0.11124454
     9.7000000       -0.28645833        0.11776608
     9.7500000       -0.27989583        0.11898563
     9.8000000       -0.27968750        0.12061494
     9.8500000       -0.26041667        0.12151350
     9.9000000       -0.27416667        0.12718771
     9.9500000       -0.28197917        0.13122018
    10.0000000       -0.29552083        0.12791573
    10.0500000       -0.29802083        0.12368852
    10.1000000       -0.28979167        0.12350687
    10.1500000       -0.28239583        0.11844469
    10.2000000       -0.28041667        0.11780045
    10.2500000       -0.25864583        0.11723677
    10.3000000       -0.24083333        0.11586222
    10.3500000       -0.21697917        0.11589611
    10.4000000       -0.20666667        0.11629485
    10.4500000       -0.19843750        0.11386875
    10.5000000       -0.17416667        0.11005332
    10.5500000       -0.16552083        0.10540071
    10.6000000       -0.16343750        0.09926982
    10.6500000       -0.14312500        0.09193154
    10.7000000       -0.11864583        0.08307704
    10.7500000       -0.12354167        0.07615516
    10.8000000       -0.11208333        0.07252659
    10.8500000       -0.09677083        0.06767624
    10.9000000       -0.09833333        0.06623535
    10.9500000       -0.08770833        0.06450980
    11.0000000       -0.07604167        0.06882440
    11.0500000       -0.06927083        0.07710635
    11.1000000       -0.07041667        0.08074891
    11.1500000       -0.07197917        0.08508040
    11.2000000       -0.09322917        0.08874490
    11.2500000       -0.11083333        0.09081619
    11.3000000       -0.11291667        0.09022675
    11.3500000       -0.12541667        0.08902600
    11.4000000       -0.12895833        0.09265801
    11.4500000       -0.12114583        0.09381884
    11.5000000       -0.11010417        0.09124773
    11.5500000       -0.11187500        0.09271063
    11.6000000       -0.13031250        0.09893716
    11.6500000       -0.15031250        0.10371049
    11.7000000       -0.16604167        0.10365441
    11.7500000       -0.17031250        0.10111007
    11.8000000       -0.18031250        0.10238543
    11.8500000       -0.19322917        0.09841479
    11.9000000       -0.20802083        0.09632751
    11.9500000       -0.21052083        0.09879065
    12.0000000       -0.20020833        0.09863896
    12.0500000       -0.18843750        0.09693470
    12.1000000       -0.17479167        0.09200305
    12.1500000       -0.16760417        0.08873850
    12.2000000       -0.16354167        0.08738656
    12.2500000       -0.15791667        0.08553495
    12.3000000       -0.13843750        0.08846460
    12.3500000       -0.12447917        0.09068174
    12.4000000       -0.12041667        0.09590967
    12.4500000       -0.12260417        0.09508145
    12.5000000       -0.11979167        0.09611673
    12.5500000       -0.11739583        0.09829676
    12.6000000       -0.12468750        0.09731920
    12.6500000       -0.11593750        0.10100632
    12.7000000       -0.10635417        0.09937543
    12.7500000       -0.10395833        0.09558728
    12.8000000       -0.09489583        0.09532898
    12.8500000       -0.09447917        0.10006177
    12.9000000       -0.09208333        0.09825733
    12.9500000       -0.08166667        0.09290901
    13.0000000       -0.07031250        0.08459220
    13.0500000       -0.05718750        0.08157114
    13.1000000       -0.05145833        0.08321175
    13.1500000       -0.05489583        0.08047532
    13.2000000       -0.05739583        0.08340901
    13.2500000       -0.05750000        0.08380033
    13.3000000       -0.07031250        0.08051634
    13.3500000       -0.09218750        0.08134223
    13.4000000       -0.09468750        0.08375858
    13.4500000       -0.08906250        0.08436597
    13.5000000       -0.08250000        0.08302659
    13.5500000       -0.08770833        0.08283535
    13.6000000       -0.08270833        0.07966206
    13.6500000       -0.08677083        0.08204191
    13.7000000       -0.08875000        0.08554245
    13.7500000       -0.08302083        0.08579048
    13.8000000       -0.08520833        0.08532628
    13.8500000       -0.08218750        0.08667634
    13.9000000       -0.07510417        0.08663108
    13.9500000       -0.06885417        0.08549646
    14.0000000       -0.06937500        0.08159716
    14.0500000       -0.06885417        0.07490705
    14.1000000       -0.08822917        0.06392194
    14.1500000       -0.10593750        0.05906230
    14.2000000       -0.11489583        0.06394638
    14.2500000       -0.11437500        0.07047608
    14.3000000       -0.10770833        0.07106114
    14.3500000       -0.11437500        0.07199821
    14.4000000       -0.12156250        0.07255895
    14.4500000       -0.10968750        0.06923358
    14.5000000       -0.09614583        0.06802472
    14.5500000       -0.08697917        0.07017291
    14.6000000       -0.08458333        0.07489996
    14.6500000       -0.08156250        0.07768459
    14.7000000       -0.08968750        0.07966179
    14.7500000       -0.08229167        0.08003838
    14.8000000       -0.07947917        0.07999378
    14.8500000       -0.07489583        0.07363855
    14.9000000       -0.07104167        0.07078950
    14.9500000       -0.05593750        0.07104066
    15.0000000       -0.04718750        0.07077842
    15.0500000       -0.04072917        0.07444118
    15.1000000       -0.03364583        0.07826889
    15.1500000       -0.02427083        0.07912102
    15.2000000       -0.01333333        0.07958219
    15.2500000       -0.00875000        0.07873483
    15.3000000       -0.01781250        0.07501207
    15.3500000       -0.01531250        0.06763591
    15.4000000       -0.00281250        0.06723915
    15.4500000       -0.00000000        0.07083657
    15.5000000        0.00739583        0.07064901
    15.5500000        0.02197917        0.06718561
    15.6000000        0.03052083        0.06405896
    15.6500000        0.05385417        0.06941135
    15.7000000        0.07822917        0.07328347
    15.7500000        0.09593750        0.07717041
    15.8000000        0.10229167        0.07565636
    15.8500000        0.11947917        0.07498183
    15.9000000        0.12666667        0.07509555
    15.9500000        0.11635417        0.07220345
    16.0000000        0.11364583        0.07062122
    16.0500000        0.10958333        0.07342656
    16.1000000        0.11395833        0.07313131
    16.1500000        0.13125000        0.07278779
    16.2000000        0.13979167        0.07780097
    16.2500000        0.13739583        0.07742473
    16.3000000        0.14520833        0.08307803
    16.3500000        0.13937500        0.08316684
    16.4000000        0.12406250        0.08216375
    16.4500000        0.13260417        0.08253591
    16.5000000        0.12697917        0.07843798
    16.5500000        0.13989583        0.07593264
    16.6000000        0.14208333        0.07527658
    16.6500000        0.11854167        0.07401084
    16.7000000        0.11562500        0.07390480
    16.7500000        0.11468750        0.07192439
    16.8000000        0.11145833        0.07364387
    16.8500000        0.12458333        0.07506253
    16.9000000        0.13468750        0.07866200
    16.9500000        0.14770833        0.08023256
    17.0000000        0.14968750        0.08324608
    17.0500000        0.14895833        0.08392841
    17.1000000        0.15062500        0.08969135
    17.1500000        0.15218750        0.09018392
    17.2000000        0.17468750        0.09313276
    17.2500000        0.19114583        0.09598587
    17.3000000        0.19572917        0.09933007
    17.3500000        0.20156250        0.10085701
    17.4000000        0.20760417        0.09823697
    17.4500000        0.21583333        0.09599217
    17.5000000        0.21447917        0.09676661
    17.5500000        0.21781250        0.09428972
    17.6000000        0.23729167        0.09256403
    17.6500000        0.26072917        0.09248275
    17.7000000        0.26093750        0.08654558
    17.7500000        0.25187500        0.08505141
    17.8000000        0.26989583        0.08397496
    17.8500000        0.27812500        0.08346427
    17.9000000        0.27864583        0.07836798
    17.9500000        0.30208333        0.07573901
    18.0000000        0.31864583        0.07518271
    18.0500000        0.33395833        0.07271623
    18.1000000        0.33541667        0.07720072
    18.1500000        0.34187500        0.07906780
    18.2000000        0.34343750        0.08332206
    18.2500000        0.34791667        0.08282171
    18.3000000        0.35843750        0.08216642
    18.3500000        0.36479167        0.08464740
    18.4000000        0.37416667        0.08787645
    18.4500000        0.37666667        0.08994852
    18.5000000        0.37562500        0.09048131
    18.5500000        0.37770833        0.08897152
    18.6000000        0.37822917        0.08821439
    18.6500000        0.39760417        0.08704968
    18.7000000        0.40760417        0.09028585
    18.7500000        0.41510417        0.08902921
    18.8000000        0.41885417        0.09073925
    18.8500000        0.43947917        0.09374476
    18.9000000        0.45791667        0.09442974
    18.9500000        0.48177083        0.09446148
    19.0000000        0.50937500        0.08966356
    19.0500000        0.54833333        0.08842827
    19.1000000        0.57562500        0.08757295
    19.1500000        0.59166667        0.08893602
    19.2000000        0.60000000        0.09030452
    19.2500000        0.61166667        0.09183735
    19.3000000        0.62020833        0.09086033
    19.3500000        0.65770833        0.09274159
    19.4000000        0.68885417        0.09671095
    19.4500000        0.70427083        0.10089558
    19.5000000        0.71875000        0.10335501
    19.5500000        0.75010417        0.10532693
    19.6000000        0.77687500        0.10920928
    19.6500000        0.79354167        0.10855953
    19.7000000        0.80729167        0.10705545
    19.7500000        0.81958333        0.10541907
    19.8000000        0.82770833        0.09894469
    19.8500000        0.84791667        0.09538408
    19.9000000        0.89666667        0.09303777
    19.9500000        0.92489583        0.09340957
    20.0000000        0.96250000        0.09356656
