     0.0000000        0.92265927        0.02309206
     0.1000000        0.58173012        0.01865446
     0.2000000        0.39469383        0.01940437
     0.3000000        0.28081960        0.02261224
     0.4000000        0.20185018        0.02195193
     0.5000000        0.14441856        0.02206645
     0.6000000        0.10239134        0.01700444
     0.7000000        0.08165414        0.01557167
     0.8000000        0.05695081        0.00687378
     0.9000000        0.03903179        0.00452393
     1.0000000        0.02252144        0.00175885
     1.1000000        0.01471899        0.00142110
     1.2000000        0.01052111        0.00153836
     1.3000000        0.00751879        0.00246509
     1.4000000        0.00400091        0.00368728
     1.5000000        0.00305399        0.00495682
     1.6000000        0.00201281        0.00328137
     1.7000000        0.00093596        0.00270767
     1.8000000        0.00139836        0.00291165
     1.9000000        0.00100731        0.00306565
     2.0000000        0.00033136        0.00192106
     2.1000000        0.00005648        0.00119169
     2.2000000        0.00110793        0.00086123
     2.3000000        0.00124024        0.00027726
     2.4000000        0.00103496        0.00031213
     2.5000000        0.00098329        0.00036183
     2.6000000        0.00095245        0.00047863
     2.7000000        0.00075717        0.00044761
     2.8000000        0.00036224        0.00032370
     2.9000000       -0.00007288        0.00045729
     3.0000000       -0.00060345        0.00044319
     3.1000000       -0.00030413        0.00042433
     3.2000000       -0.00052080        0.00055589
     3.3000000       -0.00062230        0.00057145
     3.4000000       -0.00098868        0.00056904
     3.5000000       -0.00087545        0.00053845
     3.6000000       -0.00075894        0.00052612
     3.7000000       -0.00077959        0.00056004
     3.8000000       -0.00063368        0.00040681
     3.9000000       -0.00058001        0.00034257
     4.0000000       -0.00036211        0.00021325
     4.1000000       -0.00013954        0.00021203
     4.2000000       -0.00008504        0.00016530
     4.3000000        0.00007272        0.00030255
     4.4000000        0.00020836        0.00036750
     4.5000000        0.00011688        0.00039750
     4.6000000        0.00007112        0.00039245
     4.7000000       -0.00004572        0.00028062
     4.8000000       -0.00005550        0.00023443
     4.9000000       -0.00009215        0.00018659
     5.0000000        0.00005016        0.00022223
     5.1000000        0.00003387        0.00017865
     5.2000000       -0.00002173        0.00010134
     5.3000000        0.00004003        0.00018457
     5.4000000        0.00011324        0.00016957
     5.5000000        0.00012730        0.00020315
     5.6000000        0.00011953        0.00020603
     5.7000000        0.00008980        0.00019185
     5.8000000        0.00010629        0.00028647
     5.9000000        0.00021296        0.00020718
     6.0000000        0.00025908        0.00008844
     6.1000000       -0.00043701        0.00049031
     6.2000000       -0.00079663        0.00098489
     6.3000000       -0.00118092        0.00145738
     6.4000000       -0.00081757        0.00082415
     6.5000000       -0.00073100        0.00057008
     6.6000000       -0.00053572        0.00051454
     6.7000000       -0.00052346        0.00051217
     6.8000000       -0.00072965        0.00055784
     6.9000000       -0.00067826        0.00094239
     7.0000000       -0.00020158        0.00064538
     7.1000000        0.00032756        0.00077241
     7.2000000        0.00079106        0.00040268
     7.3000000        0.00140441        0.00018768
     7.4000000        0.00162014        0.00065000
     7.5000000        0.00173401        0.00119000
     7.6000000        0.00207548        0.00070142
     7.7000000        0.00260888        0.00098345
     7.8000000        0.00221481        0.00128962
     7.9000000        0.00220095        0.00047706
     8.0000000        0.00248197        0.00142925
     8.1000000        0.00199866        0.00201491
     8.2000000        0.00414593        0.00280803
     8.3000000        0.00108582        0.00295103
     8.4000000        0.00347468        0.00351762
     8.5000000        0.00266036        0.00470216
     8.6000000        0.00143529        0.00422565
     8.7000000        0.00471279        0.00488469
     8.8000000        0.00829490        0.00589238
     8.9000000        0.01448389        0.00648167
     9.0000000        0.02451540        0.00620700
     9.1000000        0.03610179        0.00808907
     9.2000000        0.05031649        0.01323787
     9.3000000        0.07053278        0.01695067
     9.4000000        0.09627001        0.01747069
     9.5000000        0.12799241        0.01129159
     9.6000000        0.18346719        0.00863743
     9.7000000        0.26512307        0.00869343
     9.8000000        0.39007679        0.01092409
     9.9000000        0.57582522        0.01467230
    10.0000000        0.92265927        0.02309206
