     0.0000000        0.30212793        0.01427378
     0.0500000        0.27088517        0.01395770
     0.1000000        0.24358412        0.01369226
     0.1500000        0.21985231        0.01327323
     0.2000000        0.19903047        0.01284217
     0.2500000        0.18019072        0.01226844
     0.3000000        0.16312569        0.01178228
     0.3500000        0.14763422        0.01152160
     0.4000000        0.13354747        0.01139425
     0.4500000        0.12065653        0.01141504
     0.5000000        0.10887778        0.01131132
     0.5500000        0.09849477        0.01113508
     0.6000000        0.08899151        0.01096006
     0.6500000        0.08017199        0.01092522
     0.7000000        0.07205653        0.01104023
     0.7500000        0.06468223        0.01133087
     0.8000000        0.05808681        0.01164408
     0.8500000        0.05226828        0.01181806
     0.9000000        0.04754901        0.01177338
     0.9500000        0.04375377        0.01153118
     1.0000000        0.04037607        0.01112325
     1.0500000        0.03775697        0.01077614
     1.1000000        0.03527340        0.01041138
     1.1500000        0.03324689        0.01006747
     1.2000000        0.03151250        0.00964784
     1.2500000        0.03023632        0.00922029
     1.3000000        0.02919437        0.00882433
     1.3500000        0.02801204        0.00841625
     1.4000000        0.02688488        0.00808976
     1.4500000        0.02572758        0.00772437
     1.5000000        0.02431087        0.00742525
     1.5500000        0.02321393        0.00714391
     1.6000000        0.02216707        0.00684201
     1.6500000        0.02119993        0.00661470
     1.7000000        0.02026126        0.00636933
     1.7500000        0.01955419        0.00609793
     1.8000000        0.01875165        0.00587246
     1.8500000        0.01811711        0.00573361
     1.9000000        0.01713975        0.00560758
     1.9500000        0.01613550        0.00549585
     2.0000000        0.01502409        0.00543625
     2.0500000        0.01384030        0.00545112
     2.1000000        0.01286111        0.00543894
     2.1500000        0.01199528        0.00540758
     2.2000000        0.01164197        0.00528031
     2.2500000        0.01146259        0.00513779
     2.3000000        0.01133234        0.00504806
     2.3500000        0.01112801        0.00495408
     2.4000000        0.01081397        0.00491777
     2.4500000        0.01044541        0.00496707
     2.5000000        0.00987542        0.00504554
     2.5500000        0.00925457        0.00522911
     2.6000000        0.00879720        0.00541070
     2.6500000        0.00837641        0.00555009
     2.7000000        0.00798234        0.00559335
     2.7500000        0.00764011        0.00557482
     2.8000000        0.00739927        0.00545125
     2.8500000        0.00702284        0.00532841
     2.9000000        0.00640518        0.00525281
     2.9500000        0.00574298        0.00522031
     3.0000000        0.00526280        0.00518072
     3.0500000        0.00475020        0.00514390
     3.1000000        0.00422165        0.00513805
     3.1500000        0.00382205        0.00507057
     3.2000000        0.00328467        0.00487212
     3.2500000        0.00279758        0.00462026
     3.3000000        0.00216909        0.00438955
     3.3500000        0.00176707        0.00423120
     3.4000000        0.00176536        0.00407758
     3.4500000        0.00168083        0.00390643
     3.5000000        0.00141882        0.00390563
     3.5500000        0.00137001        0.00398496
     3.6000000        0.00155830        0.00409634
     3.6500000        0.00181195        0.00420557
     3.7000000        0.00226057        0.00420522
     3.7500000        0.00255243        0.00417279
     3.8000000        0.00270711        0.00425605
     3.8500000        0.00284002        0.00439502
     3.9000000        0.00321839        0.00447982
     3.9500000        0.00366884        0.00459703
     4.0000000        0.00384863        0.00475554
     4.0500000        0.00423513        0.00489354
     4.1000000        0.00470955        0.00500438
     4.1500000        0.00538198        0.00501571
     4.2000000        0.00625185        0.00499826
     4.2500000        0.00712488        0.00499724
     4.3000000        0.00760220        0.00496177
     4.3500000        0.00789555        0.00500766
     4.4000000        0.00811862        0.00513930
     4.4500000        0.00854066        0.00528167
     4.5000000        0.00860634        0.00542963
     4.5500000        0.00859601        0.00560301
     4.6000000        0.00876134        0.00587173
     4.6500000        0.00911158        0.00617943
     4.7000000        0.00922430        0.00617116
     4.7500000        0.00977055        0.00634673
     4.8000000        0.01044615        0.00648562
     4.8500000        0.01055669        0.00626337
     4.9000000        0.01040043        0.00600579
     4.9500000        0.01003795        0.00564649
     5.0000000        0.00966025        0.00526578
     5.0500000        0.00913586        0.00492432
     5.1000000        0.00861983        0.00464499
     5.1500000        0.00788712        0.00442097
     5.2000000        0.00731632        0.00426552
     5.2500000        0.00689820        0.00413249
     5.3000000        0.00678946        0.00413452
     5.3500000        0.00697727        0.00414398
     5.4000000        0.00731694        0.00415755
     5.4500000        0.00744811        0.00410077
     5.5000000        0.00754026        0.00408558
     5.5500000        0.00749198        0.00398943
     5.6000000        0.00757744        0.00389679
     5.6500000        0.00775312        0.00384689
     5.7000000        0.00776386        0.00373016
     5.7500000        0.00785516        0.00357725
     5.8000000        0.00788939        0.00338629
     5.8500000        0.00782978        0.00320520
     5.9000000        0.00797940        0.00302863
     5.9500000        0.00805245        0.00286662
     6.0000000        0.00802810        0.00275307
     6.0500000        0.00795151        0.00264150
     6.1000000        0.00784944        0.00258040
     6.1500000        0.00754695        0.00248536
     6.2000000        0.00731016        0.00240696
     6.2500000        0.00691921        0.00236906
     6.3000000        0.00646413        0.00234818
     6.3500000        0.00605093        0.00230096
     6.4000000        0.00575968        0.00222463
     6.4500000        0.00557120        0.00217178
     6.5000000        0.00545277        0.00212686
     6.5500000        0.00543967        0.00211207
     6.6000000        0.00524026        0.00217332
     6.6500000        0.00497732        0.00226803
     6.7000000        0.00467217        0.00243525
     6.7500000        0.00428890        0.00268098
     6.8000000        0.00389125        0.00296109
     6.8500000        0.00357231        0.00305182
     6.9000000        0.00341071        0.00311225
     6.9500000        0.00307700        0.00319274
     7.0000000        0.00279411        0.00333332
     7.0500000        0.00267799        0.00349882
     7.1000000        0.00238442        0.00384616
     7.1500000        0.00194774        0.00417451
     7.2000000        0.00163768        0.00444616
     7.2500000        0.00122516        0.00466578
     7.3000000        0.00064090        0.00488017
     7.3500000       -0.00003753        0.00504669
     7.4000000       -0.00085250        0.00514676
     7.4500000       -0.00170745        0.00518818
     7.5000000       -0.00256519        0.00519025
     7.5500000       -0.00310666        0.00512071
     7.6000000       -0.00352522        0.00513863
     7.6500000       -0.00388069        0.00516494
     7.7000000       -0.00401210        0.00513508
     7.7500000       -0.00412662        0.00508260
     7.8000000       -0.00432556        0.00503069
     7.8500000       -0.00453463        0.00493307
     7.9000000       -0.00457454        0.00478376
     7.9500000       -0.00469255        0.00463927
     8.0000000       -0.00471838        0.00447790
     8.0500000       -0.00461753        0.00430156
     8.1000000       -0.00436743        0.00401547
     8.1500000       -0.00402296        0.00371082
     8.2000000       -0.00374315        0.00339088
     8.2500000       -0.00341008        0.00311036
     8.3000000       -0.00312547        0.00280516
     8.3500000       -0.00281117        0.00259714
     8.4000000       -0.00241876        0.00247082
     8.4500000       -0.00211618        0.00241933
     8.5000000       -0.00209121        0.00239042
     8.5500000       -0.00196051        0.00246457
     8.6000000       -0.00166304        0.00257726
     8.6500000       -0.00157852        0.00264625
     8.7000000       -0.00145430        0.00274430
     8.7500000       -0.00157274        0.00276182
     8.8000000       -0.00177436        0.00272044
     8.8500000       -0.00187963        0.00271898
     8.9000000       -0.00186958        0.00270828
     8.9500000       -0.00172325        0.00269593
     9.0000000       -0.00158300        0.00266734
     9.0500000       -0.00145705        0.00271665
     9.1000000       -0.00136563        0.00274843
     9.1500000       -0.00120341        0.00271847
     9.2000000       -0.00104448        0.00267624
     9.2500000       -0.00100618        0.00263747
     9.3000000       -0.00086883        0.00251307
     9.3500000       -0.00072048        0.00236867
     9.4000000       -0.00054537        0.00224825
     9.4500000       -0.00039623        0.00215022
     9.5000000       -0.00021902        0.00215809
     9.5500000       -0.00011664        0.00225875
     9.6000000        0.00000214        0.00240379
     9.6500000       -0.00014698        0.00254113
     9.7000000       -0.00019120        0.00276812
     9.7500000       -0.00053808        0.00300914
     9.8000000       -0.00081498        0.00326521
     9.8500000       -0.00084015        0.00356700
     9.9000000       -0.00083384        0.00386512
     9.9500000       -0.00076262        0.00417998
    10.0000000       -0.00036581        0.00449619
    10.0500000       -0.00008471        0.00463080
    10.1000000       -0.00031400        0.00440690
    10.1500000       -0.00066313        0.00412042
    10.2000000       -0.00101578        0.00386463
    10.2500000       -0.00127599        0.00367245
    10.3000000       -0.00162199        0.00355375
    10.3500000       -0.00194089        0.00354953
    10.4000000       -0.00228990        0.00356919
    10.4500000       -0.00304202        0.00372255
    10.5000000       -0.00368706        0.00387394
    10.5500000       -0.00418225        0.00408191
    10.6000000       -0.00421002        0.00426128
    10.6500000       -0.00371957        0.00417601
    10.7000000       -0.00294732        0.00406248
    10.7500000       -0.00233462        0.00403383
    10.8000000       -0.00234544        0.00401861
    10.8500000       -0.00248163        0.00401249
    10.9000000       -0.00244191        0.00402235
    10.9500000       -0.00226212        0.00410919
    11.0000000       -0.00176924        0.00409860
    11.0500000       -0.00136675        0.00409520
    11.1000000       -0.00096065        0.00415255
    11.1500000       -0.00048511        0.00430250
    11.2000000       -0.00049738        0.00403087
    11.2500000       -0.00065147        0.00371069
    11.3000000       -0.00103308        0.00343881
    11.3500000       -0.00141720        0.00320485
    11.4000000       -0.00171471        0.00299013
    11.4500000       -0.00218695        0.00280204
    11.5000000       -0.00283520        0.00263518
    11.5500000       -0.00353245        0.00249453
    11.6000000       -0.00403474        0.00249608
    11.6500000       -0.00446159        0.00259240
    11.7000000       -0.00477260        0.00274101
    11.7500000       -0.00493999        0.00289447
    11.8000000       -0.00495494        0.00305740
    11.8500000       -0.00499731        0.00316722
    11.9000000       -0.00509968        0.00328010
    11.9500000       -0.00519624        0.00340557
    12.0000000       -0.00517446        0.00345225
    12.0500000       -0.00516221        0.00343887
    12.1000000       -0.00504665        0.00342646
    12.1500000       -0.00482003        0.00336557
    12.2000000       -0.00459322        0.00341027
    12.2500000       -0.00429305        0.00340609
    12.3000000       -0.00395676        0.00346650
    12.3500000       -0.00372410        0.00352538
    12.4000000       -0.00339432        0.00361037
    12.4500000       -0.00327518        0.00362858
    12.5000000       -0.00312743        0.00368420
    12.5500000       -0.00298961        0.00388421
    12.6000000       -0.00269776        0.00411405
    12.6500000       -0.00248657        0.00437390
    12.7000000       -0.00239395        0.00469341
    12.7500000       -0.00224095        0.00507119
    12.8000000       -0.00218295        0.00546086
    12.8500000       -0.00194639        0.00574108
    12.9000000       -0.00198572        0.00605218
    12.9500000       -0.00207393        0.00625551
    13.0000000       -0.00237990        0.00629936
    13.0500000       -0.00280303        0.00632649
    13.1000000       -0.00343565        0.00639732
    13.1500000       -0.00387635        0.00656057
    13.2000000       -0.00432099        0.00680605
    13.2500000       -0.00487402        0.00719049
    13.3000000       -0.00562664        0.00758248
    13.3500000       -0.00634125        0.00802632
    13.4000000       -0.00664196        0.00816725
    13.4500000       -0.00670627        0.00812370
    13.5000000       -0.00681400        0.00793004
    13.5500000       -0.00683767        0.00768574
    13.6000000       -0.00675798        0.00739254
    13.6500000       -0.00650120        0.00702431
    13.7000000       -0.00620698        0.00669259
    13.7500000       -0.00592810        0.00638575
    13.8000000       -0.00575305        0.00612923
    13.8500000       -0.00550245        0.00590391
    13.9000000       -0.00524282        0.00569699
    13.9500000       -0.00525528        0.00548419
    14.0000000       -0.00534037        0.00530634
    14.0500000       -0.00530121        0.00510874
    14.1000000       -0.00530184        0.00496881
    14.1500000       -0.00529406        0.00486149
    14.2000000       -0.00507393        0.00470072
    14.2500000       -0.00485775        0.00457657
    14.3000000       -0.00482847        0.00442332
    14.3500000       -0.00498505        0.00427472
    14.4000000       -0.00501014        0.00419237
    14.4500000       -0.00490824        0.00416306
    14.5000000       -0.00480900        0.00416840
    14.5500000       -0.00469434        0.00420726
    14.6000000       -0.00471465        0.00424162
    14.6500000       -0.00477028        0.00428114
    14.7000000       -0.00477421        0.00432168
    14.7500000       -0.00451759        0.00436299
    14.8000000       -0.00413585        0.00440042
    14.8500000       -0.00358571        0.00445254
    14.9000000       -0.00299626        0.00451777
    14.9500000       -0.00262301        0.00456101
    15.0000000       -0.00242821        0.00462877
    15.0500000       -0.00221803        0.00462066
    15.1000000       -0.00190230        0.00451705
    15.1500000       -0.00163974        0.00441286
    15.2000000       -0.00170325        0.00426546
    15.2500000       -0.00175774        0.00412800
    15.3000000       -0.00183943        0.00398917
    15.3500000       -0.00185420        0.00383376
    15.4000000       -0.00183341        0.00379467
    15.4500000       -0.00178368        0.00378094
    15.5000000       -0.00168379        0.00392520
    15.5500000       -0.00165139        0.00413694
    15.6000000       -0.00158281        0.00438649
    15.6500000       -0.00178500        0.00463206
    15.7000000       -0.00193698        0.00498690
    15.7500000       -0.00177214        0.00528105
    15.8000000       -0.00140934        0.00535450
    15.8500000       -0.00109517        0.00538044
    15.9000000       -0.00088949        0.00538783
    15.9500000       -0.00084303        0.00532911
    16.0000000       -0.00071984        0.00522727
    16.0500000       -0.00059165        0.00509254
    16.1000000       -0.00037946        0.00496793
    16.1500000        0.00004314        0.00477039
    16.2000000        0.00047621        0.00467943
    16.2500000        0.00094159        0.00457782
    16.3000000        0.00133546        0.00441262
    16.3500000        0.00147506        0.00419947
    16.4000000        0.00173706        0.00399647
    16.4500000        0.00183723        0.00386859
    16.5000000        0.00195246        0.00371932
    16.5500000        0.00178201        0.00354465
    16.6000000        0.00151800        0.00348810
    16.6500000        0.00114231        0.00369424
    16.7000000        0.00096622        0.00394918
    16.7500000        0.00114910        0.00410425
    16.8000000        0.00141640        0.00431059
    16.8500000        0.00166056        0.00455349
    16.9000000        0.00208412        0.00472745
    16.9500000        0.00247519        0.00498993
    17.0000000        0.00310577        0.00519891
    17.0500000        0.00379437        0.00534136
    17.1000000        0.00468321        0.00556630
    17.1500000        0.00559893        0.00585159
    17.2000000        0.00658668        0.00625551
    17.2500000        0.00787188        0.00674715
    17.3000000        0.00889055        0.00724376
    17.3500000        0.00990510        0.00765166
    17.4000000        0.01059142        0.00798970
    17.4500000        0.01134202        0.00832920
    17.5000000        0.01213238        0.00873273
    17.5500000        0.01286139        0.00905566
    17.6000000        0.01385723        0.00928551
    17.6500000        0.01511596        0.00949694
    17.7000000        0.01649412        0.00970296
    17.7500000        0.01852312        0.00994920
    17.8000000        0.02046472        0.01013576
    17.8500000        0.02238395        0.01031553
    17.9000000        0.02420588        0.01049485
    17.9500000        0.02586264        0.01067182
    18.0000000        0.02728967        0.01075751
    18.0500000        0.02840856        0.01080913
    18.1000000        0.02934779        0.01070397
    18.1500000        0.03030196        0.01059507
    18.2000000        0.03119295        0.01044495
    18.2500000        0.03236104        0.01034423
    18.3000000        0.03402689        0.01045420
    18.3500000        0.03564091        0.01051906
    18.4000000        0.03703036        0.01063593
    18.4500000        0.03832907        0.01079859
    18.5000000        0.03954811        0.01103216
    18.5500000        0.04092011        0.01139826
    18.6000000        0.04269204        0.01177877
    18.6500000        0.04448027        0.01210977
    18.7000000        0.04657324        0.01241424
    18.7500000        0.04915372        0.01265063
    18.8000000        0.05154191        0.01295594
    18.8500000        0.05383689        0.01325161
    18.9000000        0.05641968        0.01367756
    18.9500000        0.05903670        0.01402495
    19.0000000        0.06162489        0.01434349
    19.0500000        0.06471897        0.01474226
    19.1000000        0.06811069        0.01503411
    19.1500000        0.07278683        0.01492730
    19.2000000        0.07825779        0.01472525
    19.2500000        0.08427731        0.01464284
    19.3000000        0.09086005        0.01458276
    19.3500000        0.09823082        0.01448573
    19.4000000        0.10658670        0.01428781
    19.4500000        0.11533582        0.01400153
    19.5000000        0.12474757        0.01369651
    19.5500000        0.13478941        0.01353907
    19.6000000        0.14572013        0.01342337
    19.6500000        0.15763621        0.01338915
    19.7000000        0.17095038        0.01346705
    19.7500000        0.18608671        0.01370741
    19.8000000        0.20338070        0.01403266
    19.8500000        0.22284525        0.01423225
    19.9000000        0.24549610        0.01428540
    19.9500000        0.27154641        0.01424741
    20.0000000        0.30212793        0.01427378
