     0.0000000        1.34019316        0.05224471
     0.1000000        1.10962150        0.04661403
     0.2000000        0.92976065        0.04058548
     0.3000000        0.78545400        0.03469670
     0.4000000        0.66738887        0.02707681
     0.5000000        0.57147430        0.02162527
     0.6000000        0.49095140        0.01668241
     0.7000000        0.42131134        0.01191499
     0.8000000        0.36260246        0.00872907
     0.9000000        0.31060714        0.00607762
     1.0000000        0.26689315        0.00622956
     1.1000000        0.22941080        0.00925809
     1.2000000        0.19597531        0.01301417
     1.3000000        0.17181256        0.01190465
     1.4000000        0.15346570        0.00863348
     1.5000000        0.13967208        0.00694852
     1.6000000        0.12440467        0.00739986
     1.7000000        0.11007756        0.00773594
     1.8000000        0.09717509        0.00884201
     1.9000000        0.08586707        0.00880787
     2.0000000        0.07657998        0.00827465
     2.1000000        0.06690865        0.00792043
     2.2000000        0.05934068        0.00722174
     2.3000000        0.05084806        0.00664824
     2.4000000        0.04550513        0.00599860
     2.5000000        0.04025121        0.00550563
     2.6000000        0.03423045        0.00494259
     2.7000000        0.02923062        0.00560494
     2.8000000        0.02182410        0.00593637
     2.9000000        0.01635127        0.00542871
     3.0000000        0.01308266        0.00528674
     3.1000000        0.00958200        0.00493759
     3.2000000        0.00768953        0.00413390
     3.3000000        0.00549602        0.00405295
     3.4000000        0.00399345        0.00346532
     3.5000000        0.00304596        0.00268368
     3.6000000        0.00234890        0.00237216
     3.7000000        0.00196086        0.00240413
     3.8000000        0.00149110        0.00253973
     3.9000000        0.00156288        0.00239050
     4.0000000        0.00109155        0.00205991
     4.1000000        0.00221331        0.00204806
     4.2000000        0.00191413        0.00193396
     4.3000000        0.00234785        0.00170193
     4.4000000        0.00284588        0.00177104
     4.5000000        0.00293140        0.00197101
     4.6000000        0.00259544        0.00166211
     4.7000000        0.00389571        0.00145277
     4.8000000        0.00457334        0.00144655
     4.9000000        0.00362789        0.00146745
     5.0000000        0.00307609        0.00147963
     5.1000000        0.00355533        0.00174239
     5.2000000        0.00456549        0.00142369
     5.3000000        0.00470806        0.00056680
     5.4000000        0.00524503        0.00032543
     5.5000000        0.00597468        0.00090430
     5.6000000        0.00702308        0.00120308
     5.7000000        0.00711282        0.00169515
     5.8000000        0.00731020        0.00200907
     5.9000000        0.00781263        0.00246837
     6.0000000        0.00832119        0.00277199
     6.1000000        0.00820840        0.00306568
     6.2000000        0.00889194        0.00273408
     6.3000000        0.01036905        0.00295789
     6.4000000        0.01091444        0.00344280
     6.5000000        0.01171136        0.00355229
     6.6000000        0.01225046        0.00326709
     6.7000000        0.01282390        0.00273969
     6.8000000        0.01412576        0.00282286
     6.9000000        0.01545684        0.00269269
     7.0000000        0.01759778        0.00205342
     7.1000000        0.02014062        0.00180873
     7.2000000        0.02452611        0.00133200
     7.3000000        0.02942763        0.00106157
     7.4000000        0.03358346        0.00104539
     7.5000000        0.03762123        0.00129522
     7.6000000        0.04241149        0.00243392
     7.7000000        0.04816285        0.00365758
     7.8000000        0.05547241        0.00337907
     7.9000000        0.06439548        0.00192954
     8.0000000        0.07413768        0.00099984
     8.1000000        0.08444432        0.00181720
     8.2000000        0.09754246        0.00308295
     8.3000000        0.11084883        0.00411363
     8.4000000        0.12589297        0.00623088
     8.5000000        0.14299756        0.00937120
     8.6000000        0.16442391        0.01261282
     8.7000000        0.18711265        0.01389753
     8.8000000        0.21660708        0.01698406
     8.9000000        0.25305442        0.02282570
     9.0000000        0.29780275        0.03244540
     9.1000000        0.34874960        0.04334321
     9.2000000        0.39964917        0.04969507
     9.3000000        0.45810526        0.05283546
     9.4000000        0.52739637        0.05831641
     9.5000000        0.60848767        0.06382176
     9.6000000        0.70315909        0.06607887
     9.7000000        0.81798587        0.06608879
     9.8000000        0.95598585        0.06461341
     9.9000000        1.12626459        0.06127551
    10.0000000        1.34019316        0.05224471
