     0.0000000        0.14451110        0.01763442
     0.0500000        0.11317081        0.01590748
     0.1000000        0.09337511        0.01668138
     0.1500000        0.07350615        0.01536520
     0.2000000        0.05519384        0.01460048
     0.2500000        0.04347914        0.01234079
     0.3000000        0.03511321        0.01277678
     0.3500000        0.02925844        0.01409215
     0.4000000        0.02467194        0.01308029
     0.4500000        0.01733884        0.01239619
     0.5000000        0.01087886        0.01187117
     0.5500000        0.00649337        0.01261983
     0.6000000        0.00619004        0.01289683
     0.6500000        0.00531093        0.01225722
     0.7000000        0.00731542        0.01166996
     0.7500000        0.00727088        0.01375062
     0.8000000        0.00818183        0.01538863
     0.8500000        0.00724010        0.01516925
     0.9000000        0.00919529        0.01615304
     0.9500000        0.01085755        0.01705095
     1.0000000        0.01199116        0.01883245
     1.0500000        0.01200481        0.01997999
     1.1000000        0.01018577        0.02010565
     1.1500000        0.01370612        0.01807821
     1.2000000        0.01480952        0.01526876
     1.2500000        0.02041991        0.01360470
     1.3000000        0.02134014        0.01300265
     1.3500000        0.01789423        0.01477174
     1.4000000        0.01621104        0.01599743
     1.4500000        0.01110444        0.01552296
     1.5000000        0.00798001        0.01502812
     1.5500000       -0.00082863        0.01476413
     1.6000000       -0.00492992        0.01372436
     1.6500000       -0.00970513        0.01328165
     1.7000000       -0.00391756        0.01311745
     1.7500000       -0.00029613        0.01284711
     1.8000000       -0.00439857        0.01145006
     1.8500000       -0.00648522        0.01093534
     1.9000000       -0.00889698        0.01038331
     1.9500000       -0.01407533        0.01004471
     2.0000000       -0.01633519        0.00844306
     2.0500000       -0.01377839        0.00775701
     2.1000000       -0.01338636        0.00784912
     2.1500000       -0.01190096        0.00814651
     2.2000000       -0.01087444        0.00821377
     2.2500000       -0.01410730        0.00959530
     2.3000000       -0.01549719        0.00890967
     2.3500000       -0.01447999        0.00908950
     2.4000000       -0.01316906        0.00936934
     2.4500000       -0.00778752        0.00898737
     2.5000000       -0.00347743        0.00868913
     2.5500000       -0.00081535        0.00935385
     2.6000000        0.00139283        0.00887963
     2.6500000        0.00115988        0.00963581
     2.7000000        0.00059872        0.00977436
     2.7500000       -0.00197982        0.00853673
     2.8000000        0.00044895        0.00812641
     2.8500000        0.00319170        0.00760122
     2.9000000        0.00816503        0.00953118
     2.9500000        0.01109165        0.01093095
     3.0000000        0.01169784        0.01206654
     3.0500000        0.01300667        0.01356541
     3.1000000        0.01298166        0.01428960
     3.1500000        0.00960510        0.01422837
     3.2000000        0.00626078        0.01436950
     3.2500000        0.00340595        0.01217801
     3.3000000        0.00189800        0.01137259
     3.3500000       -0.00173781        0.01228446
     3.4000000       -0.00298789        0.01209042
     3.4500000       -0.00387639        0.01181600
     3.5000000       -0.00391929        0.01222301
     3.5500000       -0.00464407        0.01376954
     3.6000000       -0.00233637        0.01326330
     3.6500000       -0.00283719        0.01206787
     3.7000000       -0.00149577        0.00958305
     3.7500000       -0.00004268        0.00740543
     3.8000000       -0.00139432        0.00777536
     3.8500000       -0.00190829        0.00951540
     3.9000000       -0.00537830        0.00986490
     3.9500000        0.00031849        0.00886843
     4.0000000        0.00117904        0.00899491
     4.0500000        0.00014225        0.00861172
     4.1000000       -0.00075739        0.00814544
     4.1500000       -0.00129380        0.00771983
     4.2000000       -0.00857293        0.00832690
     4.2500000       -0.01345870        0.00868939
     4.3000000       -0.01308473        0.01090788
     4.3500000       -0.01273658        0.01211741
     4.4000000       -0.01098753        0.01259623
     4.4500000       -0.01099835        0.01310987
     4.5000000       -0.01302724        0.01380414
     4.5500000       -0.01968275        0.01342854
     4.6000000       -0.02234511        0.01179208
     4.6500000       -0.02332390        0.01200784
     4.7000000       -0.01731250        0.00986679
     4.7500000       -0.01120180        0.00854091
     4.8000000       -0.01034549        0.00882051
     4.8500000       -0.01190486        0.00896167
     4.9000000       -0.00787689        0.00868660
     4.9500000       -0.00668734        0.01081562
     5.0000000       -0.00259116        0.00992915
     5.0500000        0.00066099        0.00910341
     5.1000000        0.00558211        0.00779065
     5.1500000        0.01042822        0.00855422
     5.2000000        0.00969376        0.00821613
     5.2500000        0.01043510        0.00915987
     5.3000000        0.01079760        0.01007366
     5.3500000        0.01103962        0.01025950
     5.4000000        0.00993533        0.01053635
     5.4500000        0.00918335        0.01135611
     5.5000000        0.01255320        0.01155010
     5.5500000        0.01782929        0.01190701
     5.6000000        0.01677784        0.01049825
     5.6500000        0.01655515        0.00970908
     5.7000000        0.01403017        0.00814020
     5.7500000        0.01209291        0.00828296
     5.8000000        0.00774641        0.00668390
     5.8500000        0.00404968        0.00657514
     5.9000000        0.00143280        0.00622088
     5.9500000        0.00366231        0.00688198
     6.0000000        0.00350584        0.00643291
     6.0500000        0.00230023        0.00512840
     6.1000000        0.00195228        0.00494378
     6.1500000       -0.00122046        0.00419258
     6.2000000       -0.00084305        0.00474086
     6.2500000        0.00023700        0.00483944
     6.3000000        0.00032180        0.00496002
     6.3500000       -0.00120030        0.00578190
     6.4000000       -0.00156553        0.00686260
     6.4500000       -0.00366843        0.00785620
     6.5000000       -0.00049047        0.00828623
     6.5500000        0.00239984        0.00844042
     6.6000000        0.00549785        0.00880448
     6.6500000        0.00644013        0.00898729
     6.7000000        0.01024243        0.00866691
     6.7500000        0.01276107        0.00839729
     6.8000000        0.01298806        0.00819230
     6.8500000        0.00917624        0.00778061
     6.9000000        0.00918952        0.00786665
     6.9500000        0.00654695        0.00700140
     7.0000000        0.00499188        0.00605581
     7.0500000        0.00333529        0.00531276
     7.1000000       -0.00012928        0.00618309
     7.1500000       -0.00506077        0.00668777
     7.2000000       -0.00781578        0.00665864
     7.2500000       -0.01020616        0.00685718
     7.3000000       -0.00862966        0.00655861
     7.3500000       -0.00662587        0.00624814
     7.4000000       -0.00262017        0.00763955
     7.4500000       -0.00225866        0.00836502
     7.5000000       -0.00421317        0.00960317
     7.5500000       -0.00161355        0.00827451
     7.6000000        0.00272960        0.00698258
     7.6500000        0.00558545        0.00817066
     7.7000000        0.00816118        0.00761220
     7.7500000        0.00848551        0.00705374
     7.8000000        0.01211067        0.00799627
     7.8500000        0.01106719        0.00761668
     7.9000000        0.00981358        0.00755925
     7.9500000        0.01043230        0.00823873
     8.0000000        0.00999370        0.00803348
     8.0500000        0.00649804        0.00804310
     8.1000000        0.00612575        0.00863991
     8.1500000        0.00829425        0.00761584
     8.2000000        0.00833610        0.00712089
     8.2500000        0.00715899        0.00678403
     8.3000000        0.00772341        0.00653462
     8.3500000        0.00790882        0.00657780
     8.4000000        0.01005711        0.00710880
     8.4500000        0.01108934        0.00820569
     8.5000000        0.00994413        0.00824290
     8.5500000        0.00636695        0.00834557
     8.6000000        0.00404851        0.00765345
     8.6500000        0.00580480        0.00816139
     8.7000000        0.00515725        0.00821194
     8.7500000        0.00397494        0.00839022
     8.8000000        0.00282142        0.00844758
     8.8500000        0.00535533        0.00807053
     8.9000000        0.00423086        0.00786929
     8.9500000        0.00488449        0.00816978
     9.0000000        0.00444537        0.00881757
     9.0500000        0.00328907        0.00834170
     9.1000000        0.00324827        0.00767363
     9.1500000        0.00423906        0.00748735
     9.2000000        0.00295919        0.00713264
     9.2500000        0.00345876        0.00665621
     9.3000000        0.00354450        0.00676161
     9.3500000        0.00390071        0.00736049
     9.4000000        0.00410116        0.00802847
     9.4500000        0.00256626        0.00890959
     9.5000000        0.00642171        0.00975387
     9.5500000        0.00589705        0.01034686
     9.6000000        0.00442568        0.01046130
     9.6500000        0.00230965        0.01043312
     9.7000000        0.00197365        0.01033544
     9.7500000       -0.00017130        0.00925720
     9.8000000       -0.00115684        0.00841598
     9.8500000       -0.00317653        0.00850505
     9.9000000       -0.00377360        0.00745169
     9.9500000       -0.00224211        0.00614716
    10.0000000       -0.00118381        0.00508040
    10.0500000        0.00148797        0.00502566
    10.1000000       -0.00101417        0.00534834
    10.1500000       -0.00304681        0.00584055
    10.2000000       -0.00445715        0.00590464
    10.2500000       -0.00923987        0.00626363
    10.3000000       -0.01026538        0.00775334
    10.3500000       -0.01217724        0.00835111
    10.4000000       -0.01001179        0.00894854
    10.4500000       -0.01107300        0.00929548
    10.5000000       -0.01189886        0.00813166
    10.5500000       -0.01272572        0.00772452
    10.6000000       -0.01460937        0.00706653
    10.6500000       -0.01148979        0.00778296
    10.7000000       -0.01057673        0.00771825
    10.7500000       -0.00871027        0.00767457
    10.8000000       -0.00944908        0.00837577
    10.8500000       -0.01119949        0.00871912
    10.9000000       -0.01110797        0.00769432
    10.9500000       -0.01184145        0.00700177
    11.0000000       -0.01073234        0.00779606
    11.0500000       -0.01189604        0.00781392
    11.1000000       -0.01111876        0.00811116
    11.1500000       -0.01012895        0.00686957
    11.2000000       -0.01551739        0.00624932
    11.2500000       -0.01634827        0.00632067
    11.3000000       -0.01854246        0.00723684
    11.3500000       -0.01855672        0.00769544
    11.4000000       -0.01752198        0.00784763
    11.4500000       -0.01662615        0.00796684
    11.5000000       -0.01462729        0.00810755
    11.5500000       -0.01375388        0.00723077
    11.6000000       -0.00963452        0.00669365
    11.6500000       -0.00805900        0.00729184
    11.7000000       -0.00897997        0.00711310
    11.7500000       -0.00898274        0.00774779
    11.8000000       -0.00829262        0.00805459
    11.8500000       -0.01070186        0.00724968
    11.9000000       -0.01401250        0.00727538
    11.9500000       -0.01579524        0.00657254
    12.0000000       -0.01960156        0.00619460
    12.0500000       -0.02094973        0.00708731
    12.1000000       -0.01959563        0.00785383
    12.1500000       -0.01963329        0.00834296
    12.2000000       -0.01954957        0.00839732
    12.2500000       -0.01919798        0.00858842
    12.3000000       -0.01521995        0.00884878
    12.3500000       -0.01284362        0.00967565
    12.4000000       -0.00986584        0.01182363
    12.4500000       -0.01070218        0.01257613
    12.5000000       -0.01175338        0.01253840
    12.5500000       -0.00959240        0.01288846
    12.6000000       -0.00351771        0.01158567
    12.6500000       -0.00343933        0.01201033
    12.7000000       -0.00672821        0.01243399
    12.7500000       -0.00783004        0.01319152
    12.8000000       -0.00813435        0.01402968
    12.8500000       -0.00900259        0.01362964
    12.9000000       -0.00514909        0.01339257
    12.9500000       -0.00215718        0.01294066
    13.0000000       -0.00357845        0.01217208
    13.0500000       -0.00589014        0.01222144
    13.1000000       -0.00382302        0.01153166
    13.1500000       -0.00574782        0.01147930
    13.2000000       -0.00727673        0.01093003
    13.2500000       -0.00890899        0.01061171
    13.3000000       -0.00773122        0.00958649
    13.3500000       -0.00892995        0.00969854
    13.4000000       -0.00674314        0.00971863
    13.4500000       -0.00397362        0.00935818
    13.5000000       -0.00297366        0.00929515
    13.5500000        0.00075694        0.00982493
    13.6000000        0.00290124        0.00945556
    13.6500000        0.00184160        0.00848608
    13.7000000        0.00370137        0.00788826
    13.7500000        0.00545587        0.00664006
    13.8000000        0.00421993        0.00624630
    13.8500000        0.00198482        0.00747126
    13.9000000       -0.00337626        0.00765327
    13.9500000       -0.00199616        0.00856540
    14.0000000        0.00215966        0.00915659
    14.0500000        0.00372289        0.00906395
    14.1000000        0.00626093        0.00915191
    14.1500000        0.00578379        0.00895223
    14.2000000        0.00656492        0.00855283
    14.2500000        0.00421334        0.00776874
    14.3000000        0.00222659        0.00831265
    14.3500000       -0.00026476        0.00855268
    14.4000000       -0.00094822        0.00776208
    14.4500000       -0.00445227        0.00753258
    14.5000000       -0.00628924        0.00774995
    14.5500000       -0.00751508        0.00854020
    14.6000000       -0.00926225        0.01006130
    14.6500000       -0.00883709        0.01179154
    14.7000000       -0.00917824        0.01345635
    14.7500000       -0.00717009        0.01398914
    14.8000000       -0.00531997        0.01422535
    14.8500000       -0.00542181        0.01437643
    14.9000000       -0.00634983        0.01183141
    14.9500000       -0.00499308        0.01173623
    15.0000000       -0.00732019        0.01216473
    15.0500000       -0.00819446        0.01361593
    15.1000000       -0.01035093        0.01322627
    15.1500000       -0.01432693        0.01234369
    15.2000000       -0.01625035        0.01232612
    15.2500000       -0.01684908        0.01220110
    15.3000000       -0.01785996        0.01141897
    15.3500000       -0.02091616        0.01038321
    15.4000000       -0.02073959        0.00968143
    15.4500000       -0.02420127        0.01000048
    15.5000000       -0.02387204        0.01010873
    15.5500000       -0.02336131        0.00945799
    15.6000000       -0.01898857        0.00833383
    15.6500000       -0.01751528        0.00718907
    15.7000000       -0.01511812        0.00693829
    15.7500000       -0.01949071        0.00739693
    15.8000000       -0.02468246        0.00725293
    15.8500000       -0.02563247        0.00917837
    15.9000000       -0.02497086        0.01065518
    15.9500000       -0.02286886        0.01139539
    16.0000000       -0.01734201        0.01416132
    16.0500000       -0.01431866        0.01445278
    16.1000000       -0.01293492        0.01494730
    16.1500000       -0.01079186        0.01465116
    16.2000000       -0.01713216        0.01594510
    16.2500000       -0.02108225        0.01652783
    16.3000000       -0.02364107        0.01752103
    16.3500000       -0.02404390        0.01790022
    16.4000000       -0.02414227        0.01839346
    16.4500000       -0.02513068        0.01984991
    16.5000000       -0.02340414        0.01962514
    16.5500000       -0.02461545        0.01984998
    16.6000000       -0.02646676        0.02118276
    16.6500000       -0.02559858        0.02276341
    16.7000000       -0.02057345        0.02258957
    16.7500000       -0.01864951        0.02340467
    16.8000000       -0.02284267        0.02512603
    16.8500000       -0.02644427        0.02603372
    16.9000000       -0.02604586        0.02741525
    16.9500000       -0.02582597        0.02965195
    17.0000000       -0.02525176        0.03063859
    17.0500000       -0.01811414        0.02939758
    17.1000000       -0.01857046        0.02624694
    17.1500000       -0.00871435        0.02518064
    17.2000000        0.00294673        0.02267299
    17.2500000        0.00971113        0.02098345
    17.3000000        0.01574720        0.01909574
    17.3500000        0.01680506        0.02007880
    17.4000000        0.02085734        0.01949417
    17.4500000        0.02283329        0.01878978
    17.5000000        0.02407185        0.01890667
    17.5500000        0.02600935        0.01790107
    17.6000000        0.02795219        0.01787542
    17.6500000        0.02913178        0.01764141
    17.7000000        0.02901270        0.01690282
    17.7500000        0.02641978        0.01720154
    17.8000000        0.03320353        0.01707436
    17.8500000        0.03751553        0.01758106
    17.9000000        0.04099996        0.01863749
    17.9500000        0.04374666        0.01915864
    18.0000000        0.05139205        0.02100955
    18.0500000        0.05155559        0.02059956
    18.1000000        0.05176944        0.01833509
    18.1500000        0.05921530        0.01847285
    18.2000000        0.06430054        0.01674263
    18.2500000        0.07347865        0.01516126
    18.3000000        0.07612486        0.01515857
    18.3500000        0.07921216        0.01631673
    18.4000000        0.08667451        0.01915628
    18.4500000        0.09524523        0.02214968
    18.5000000        0.09802438        0.02353726
    18.5500000        0.10203067        0.02544653
    18.6000000        0.11014567        0.02493565
    18.6500000        0.11960333        0.02568822
    18.7000000        0.13187916        0.02570799
    18.7500000        0.14523025        0.02548996
    18.8000000        0.15878151        0.02389847
    18.8500000        0.17324473        0.02401518
    18.9000000        0.19327579        0.02282587
    18.9500000        0.21453566        0.02157056
    19.0000000        0.23710832        0.02142648
    19.0500000        0.26508315        0.02073939
    19.1000000        0.29651703        0.01909853
    19.1500000        0.32955812        0.02077818
    19.2000000        0.36004089        0.02171217
    19.2500000        0.39733902        0.02133134
    19.3000000        0.43624015        0.02043142
    19.3500000        0.47996997        0.01981958
    19.4000000        0.52535024        0.01944057
    19.4500000        0.57213453        0.01993736
    19.5000000        0.63049571        0.02080242
    19.5500000        0.68951643        0.02213639
    19.6000000        0.76278248        0.02152662
    19.6500000        0.84208544        0.02162584
    19.7000000        0.93508261        0.02135420
    19.7500000        1.04064343        0.02044908
    19.8000000        1.16218879        0.01796235
    19.8500000        1.30297154        0.01568173
    19.9000000        1.46376759        0.01687579
    19.9500000        1.64649136        0.01763267
    20.0000000        1.85548890        0.01763442
