   -1.570796     -1.570796
  1    1        0.42007573        0.00017838       -0.00000000        0.00000000
   -1.570796      0.000000
  1    1        0.25801717        0.00023976        0.00000000        0.00000000
   -1.570796      1.570796
  1    1        0.42013222        0.00017616       -0.00000000        0.00000000
   -1.570796      3.141593
  1    1        0.64813469        0.00038271        0.00000000        0.00000000
    0.000000     -1.570796
  1    1        0.25854860        0.00022305        0.00000000        0.00000000
    0.000000      0.000000
  1    1        0.03162734        0.00011105        0.00000000        0.00000000
    0.000000      1.570796
  1    1        0.25854860        0.00022305       -0.00000000        0.00000000
    0.000000      3.141593
  1    1        0.42071606        0.00037290        0.00000000        0.00000000
    1.570796     -1.570796
  1    1        0.42013222        0.00017616        0.00000000        0.00000000
    1.570796      0.000000
  1    1        0.25801717        0.00023976       -0.00000000        0.00000000
    1.570796      1.570796
  1    1        0.42007573        0.00017838        0.00000000        0.00000000
    1.570796      3.141593
  1    1        0.64813469        0.00038271       -0.00000000        0.00000000
    3.141593     -1.570796
  1    1        0.64740633        0.00039929        0.00000000        0.00000000
    3.141593      0.000000
  1    1        0.41951229        0.00038021        0.00000000        0.00000000
    3.141593      1.570796
  1    1        0.64740633        0.00039929       -0.00000000        0.00000000
    3.141593      3.141593
  1    1        1.82351484        0.00228046        0.00000000        0.00000000
