   -1.000000     -1.000000
  1    1        0.06343918        0.00015843       -0.00000000        0.00000000
   -1.000000      0.000000
  1    1       -0.16052495        0.00017044       -0.00000000        0.00000000
   -1.000000      1.000000
  1    1        0.06342505        0.00015783       -0.00000000        0.00000000
   -1.000000      2.000000
  1    1       -0.06331052        0.00016475       -0.00000000        0.00000000
    0.000000     -1.000000
  1    1       -0.16083289        0.00018157       -0.00000000        0.00000000
    0.000000      0.000000
  1    1        0.50000000        0.00000000        0.00000000        0.00000000
    0.000000      1.000000
  1    1       -0.16083289        0.00018157        0.00000000        0.00000000
    0.000000      2.000000
  1    1        0.06345928        0.00016390        0.00000000        0.00000000
    1.000000     -1.000000
  1    1        0.06342505        0.00015783       -0.00000000        0.00000000
    1.000000      0.000000
  1    1       -0.16052495        0.00017044        0.00000000        0.00000000
    1.000000      1.000000
  1    1        0.06343918        0.00015843       -0.00000000        0.00000000
    1.000000      2.000000
  1    1       -0.06331052        0.00016475        0.00000000        0.00000000
    2.000000     -1.000000
  1    1       -0.06330351        0.00015938        0.00000000        0.00000000
    2.000000      0.000000
  1    1        0.06341005        0.00016049        0.00000000        0.00000000
    2.000000      1.000000
  1    1       -0.06330351        0.00015938        0.00000000        0.00000000
    2.000000      2.000000
  1    1        0.04697330        0.00014580        0.00000000        0.00000000
