   -1.570796     -1.570796
  1    1        1.00000000        0.00000000       -0.00000000        0.00000000
   -1.570796      0.000000
  1    1        1.84615749        0.00030192        0.00027238        0.00012039
   -1.570796      1.570796
  1    1        1.00000000        0.00000000       -0.00000000        0.00000000
   -1.570796      3.141593
  1    1        0.15384251        0.00030192       -0.00027238        0.00012039
    0.000000     -1.570796
  1    1        1.84609707        0.00032700       -0.00013109        0.00010703
    0.000000      0.000000
  1    1        1.96161523        0.00011889        0.00000000        0.00000000
    0.000000      1.570796
  1    1        1.84609707        0.00032700        0.00013109        0.00010703
    0.000000      3.141593
  1    1        0.99917450        0.00206443       -0.00000000        0.00000000
    1.570796     -1.570796
  1    1        1.00000000        0.00000000        0.00000000        0.00000000
    1.570796      0.000000
  1    1        1.84615749        0.00030192       -0.00027238        0.00012039
    1.570796      1.570796
  1    1        1.00000000        0.00000000        0.00000000        0.00000000
    1.570796      3.141593
  1    1        0.15384251        0.00030192        0.00027238        0.00012039
    3.141593     -1.570796
  1    1        0.15390293        0.00032700        0.00013109        0.00010703
    3.141593      0.000000
  1    1        1.00082550        0.00206443       -0.00000000        0.00000000
    3.141593      1.570796
  1    1        0.15390293        0.00032700       -0.00013109        0.00010703
    3.141593      3.141593
  1    1        0.03838477        0.00011889        0.00000000        0.00000000
