   -1.000000     -1.000000
  1    1       -0.00003532        0.00003955        0.00000000        0.00000000
   -1.000000      0.000000
  1    1        0.33162298        0.00031481       -0.00000000        0.00000000
   -1.000000      1.000000
  1    1       -0.00010087        0.00004098        0.00000000        0.00000000
   -1.000000      2.000000
  1    1       -0.09142555        0.00022235       -0.00000000        0.00000000
    0.000000     -1.000000
  1    1        0.33184446        0.00029464       -0.00000000        0.00000000
    0.000000      0.000000
  1    1        1.00000000        0.00000000        0.00000000        0.00000000
    0.000000      1.000000
  1    1        0.33184446        0.00029464        0.00000000        0.00000000
    0.000000      2.000000
  1    1        0.00000000        0.00000000       -0.00000000        0.00000000
    1.000000     -1.000000
  1    1        0.00010087        0.00004098        0.00000000        0.00000000
    1.000000      0.000000
  1    1        0.33162298        0.00031481        0.00000000        0.00000000
    1.000000      1.000000
  1    1        0.00003532        0.00003955        0.00000000        0.00000000
    1.000000      2.000000
  1    1       -0.09142555        0.00022235       -0.00000000        0.00000000
    2.000000     -1.000000
  1    1       -0.09123428        0.00023802       -0.00000000        0.00000000
    2.000000      0.000000
  1    1        0.00000000        0.00000000       -0.00000000        0.00000000
    2.000000      1.000000
  1    1       -0.09123428        0.00023802       -0.00000000        0.00000000
    2.000000      2.000000
  1    1        0.00000000        0.00000000       -0.00000000        0.00000000
