     0.0000000       -0.08149440        0.48396080
     0.1000000       -0.25603568        0.47031241
     0.2000000       -0.37038380        0.47652201
     0.3000000       -0.41506801        0.46222678
     0.4000000       -0.45792385        0.46635465
     0.5000000       -0.51172983        0.50702176
     0.6000000       -0.51810181        0.50510565
     0.7000000       -0.49371697        0.46788134
     0.8000000       -0.48633081        0.45343241
     0.9000000       -0.46630781        0.43330908
     1.0000000       -0.46103536        0.43498165
     1.1000000       -0.46176333        0.43664186
     1.2000000       -0.44387589        0.41613793
     1.3000000       -0.47230667        0.44658428
     1.4000000       -0.49890256        0.47771973
     1.5000000       -0.48782080        0.46945421
     1.6000000       -0.45216082        0.43818697
     1.7000000       -0.43702254        0.42638951
     1.8000000       -0.39414630        0.38842890
     1.9000000       -0.37927029        0.37458802
     2.0000000       -0.34909816        0.34189141
     2.1000000       -0.32955080        0.32282536
     2.2000000       -0.31556050        0.30640258
     2.3000000       -0.31031249        0.30150755
     2.4000000       -0.31514819        0.30657649
     2.5000000       -0.32220417        0.31654369
     2.6000000       -0.35045070        0.34488892
     2.7000000       -0.34353827        0.33742564
     2.8000000       -0.34230944        0.33784198
     2.9000000       -0.32832411        0.32706619
     3.0000000       -0.32421685        0.32209859
     3.1000000       -0.31806729        0.31327880
     3.2000000       -0.31044533        0.30454483
     3.3000000       -0.34546902        0.33727655
     3.4000000       -0.38704748        0.37611241
     3.5000000       -0.39190903        0.37985564
     3.6000000       -0.42131031        0.41259168
     3.7000000       -0.47371635        0.46694078
     3.8000000       -0.44643327        0.43914404
     3.9000000       -0.39731844        0.38940696
     4.0000000       -0.37037029        0.35760505
     4.1000000       -0.33301349        0.31679118
     4.2000000       -0.30578213        0.28784329
     4.3000000       -0.27349486        0.25702799
     4.4000000       -0.25382465        0.24164844
     4.5000000       -0.23927329        0.22617466
     4.6000000       -0.24116364        0.22726992
     4.7000000       -0.24317959        0.23601238
     4.8000000       -0.24692629        0.24707725
     4.9000000       -0.26029737        0.26766432
     5.0000000       -0.27474619        0.28569662
     5.1000000       -0.28998942        0.30292842
     5.2000000       -0.31600531        0.32952916
     5.3000000       -0.33139564        0.35012269
     5.4000000       -0.33735475        0.35756600
     5.5000000       -0.33039811        0.35080831
     5.6000000       -0.32583709        0.34193910
     5.7000000       -0.34952746        0.36422269
     5.8000000       -0.36314764        0.38016276
     5.9000000       -0.37672586        0.39483278
     6.0000000       -0.37202210        0.39323442
     6.1000000       -0.38864818        0.41089642
     6.2000000       -0.41132016        0.43214274
     6.3000000       -0.43997862        0.46096777
     6.4000000       -0.47677140        0.49299607
     6.5000000       -0.52563974        0.53696487
     6.6000000       -0.57243676        0.57630202
     6.7000000       -0.58439929        0.57967828
     6.8000000       -0.56860526        0.55454962
     6.9000000       -0.60018018        0.57681379
     7.0000000       -0.60905171        0.57810692
     7.1000000       -0.62368666        0.57853815
     7.2000000       -0.64847247        0.60594303
     7.3000000       -0.58368296        0.54457750
     7.4000000       -0.54539015        0.51231492
     7.5000000       -0.53396638        0.50843449
     7.6000000       -0.50539400        0.48146482
     7.7000000       -0.48104481        0.45840735
     7.8000000       -0.50620418        0.48312424
     7.9000000       -0.48556152        0.46481517
     8.0000000       -0.51766733        0.49767197
     8.1000000       -0.47553009        0.45075621
     8.2000000       -0.40900233        0.38612881
     8.3000000       -0.35452862        0.33067058
     8.4000000       -0.31234470        0.28691114
     8.5000000       -0.28655478        0.25873832
     8.6000000       -0.27477896        0.24571925
     8.7000000       -0.26874819        0.24075026
     8.8000000       -0.29725446        0.27427958
     8.9000000       -0.34310072        0.32126058
     9.0000000       -0.38234374        0.36288797
     9.1000000       -0.42014401        0.40330682
     9.2000000       -0.43105860        0.42103750
     9.3000000       -0.42205795        0.42018716
     9.4000000       -0.41135868        0.41717072
     9.5000000       -0.40437704        0.42181443
     9.6000000       -0.40688067        0.44248959
     9.7000000       -0.39155438        0.45531694
     9.8000000       -0.34976414        0.47047525
     9.9000000       -0.25577086        0.47494572
    10.0000000       -0.08149440        0.48396080
