         201          25   40.0000000000000                2
     0.0000000        1.00000000        0.00000000
     0.2000000        0.72072440        0.00006980
     0.4000000        0.53641828        0.00007172
     0.6000000        0.41001447        0.00007876
     0.8000000        0.32053675        0.00008385
     1.0000000        0.25552919        0.00007272
     1.2000000        0.20728013        0.00006223
     1.4000000        0.17084977        0.00005338
     1.6000000        0.14284550        0.00005012
     1.8000000        0.12100693        0.00004802
     2.0000000        0.10374790        0.00005127
     2.2000000        0.08996907        0.00004774
     2.4000000        0.07886777        0.00005129
     2.6000000        0.06974948        0.00005144
     2.8000000        0.06221438        0.00005469
     3.0000000        0.05595438        0.00005284
     3.2000000        0.05066331        0.00005513
     3.4000000        0.04614005        0.00004634
     3.6000000        0.04227882        0.00005130
     3.8000000        0.03894750        0.00004826
     4.0000000        0.03596713        0.00004994
     4.2000000        0.03333016        0.00005009
     4.4000000        0.03098262        0.00004791
     4.6000000        0.02887509        0.00005432
     4.8000000        0.02691157        0.00005050
     5.0000000        0.02512446        0.00004994
     5.2000000        0.02345259        0.00004924
     5.4000000        0.02191586        0.00004761
     5.6000000        0.02044885        0.00004449
     5.8000000        0.01908238        0.00004708
     6.0000000        0.01777511        0.00004342
     6.2000000        0.01650729        0.00004197
     6.4000000        0.01533440        0.00004145
     6.6000000        0.01416365        0.00004594
     6.8000000        0.01304975        0.00004586
     7.0000000        0.01199154        0.00004702
     7.2000000        0.01097474        0.00004757
     7.4000000        0.00998236        0.00004500
     7.6000000        0.00902574        0.00004366
     7.8000000        0.00810359        0.00003955
     8.0000000        0.00716622        0.00004113
     8.2000000        0.00630403        0.00004083
     8.4000000        0.00545746        0.00003842
     8.6000000        0.00463523        0.00003704
     8.8000000        0.00382083        0.00003997
     9.0000000        0.00300780        0.00004408
     9.2000000        0.00224303        0.00004136
     9.4000000        0.00148233        0.00003826
     9.6000000        0.00076904        0.00004061
     9.8000000        0.00008289        0.00004257
    10.0000000       -0.00057147        0.00004197
    10.2000000       -0.00119792        0.00003986
    10.4000000       -0.00181831        0.00004209
    10.6000000       -0.00242940        0.00004328
    10.8000000       -0.00301328        0.00004761
    11.0000000       -0.00357826        0.00004331
    11.2000000       -0.00409037        0.00004485
    11.4000000       -0.00460046        0.00004830
    11.6000000       -0.00509502        0.00004644
    11.8000000       -0.00558084        0.00004678
    12.0000000       -0.00603839        0.00004955
    12.2000000       -0.00648109        0.00005062
    12.4000000       -0.00694001        0.00004831
    12.6000000       -0.00735427        0.00004798
    12.8000000       -0.00772013        0.00005373
    13.0000000       -0.00809023        0.00005106
    13.2000000       -0.00845669        0.00005128
    13.4000000       -0.00881956        0.00004906
    13.6000000       -0.00914057        0.00004858
    13.8000000       -0.00944728        0.00005126
    14.0000000       -0.00976712        0.00005110
    14.2000000       -0.01005362        0.00005200
    14.4000000       -0.01032100        0.00005085
    14.6000000       -0.01056426        0.00004930
    14.8000000       -0.01082973        0.00005104
    15.0000000       -0.01106797        0.00005280
    15.2000000       -0.01128972        0.00005167
    15.4000000       -0.01150536        0.00005127
    15.6000000       -0.01170395        0.00004925
    15.8000000       -0.01189132        0.00005274
    16.0000000       -0.01206597        0.00005119
    16.2000000       -0.01222571        0.00005021
    16.4000000       -0.01237643        0.00005112
    16.6000000       -0.01251525        0.00005187
    16.8000000       -0.01265902        0.00005079
    17.0000000       -0.01278501        0.00004879
    17.2000000       -0.01290217        0.00005201
    17.4000000       -0.01298982        0.00005134
    17.6000000       -0.01307978        0.00004956
    17.8000000       -0.01317693        0.00004732
    18.0000000       -0.01325516        0.00004610
    18.2000000       -0.01332515        0.00004609
    18.4000000       -0.01340401        0.00004344
    18.6000000       -0.01345167        0.00004333
    18.8000000       -0.01348355        0.00003867
    19.0000000       -0.01353261        0.00004034
    19.2000000       -0.01357328        0.00004208
    19.4000000       -0.01358471        0.00004446
    19.6000000       -0.01361436        0.00004506
    19.8000000       -0.01362629        0.00004743
    20.0000000       -0.01364000        0.00005203
    20.2000000       -0.01363515        0.00004676
    20.4000000       -0.01364606        0.00004836
    20.6000000       -0.01361186        0.00004767
    20.8000000       -0.01358433        0.00004799
    21.0000000       -0.01353296        0.00005111
    21.2000000       -0.01347617        0.00005247
    21.4000000       -0.01341332        0.00005037
    21.6000000       -0.01335579        0.00004708
    21.8000000       -0.01330782        0.00004221
    22.0000000       -0.01326251        0.00004238
    22.2000000       -0.01318246        0.00003965
    22.4000000       -0.01307273        0.00004247
    22.6000000       -0.01300141        0.00004232
    22.8000000       -0.01286799        0.00004375
    23.0000000       -0.01274646        0.00004166
    23.2000000       -0.01261623        0.00004369
    23.4000000       -0.01250690        0.00004603
    23.6000000       -0.01233607        0.00004285
    23.8000000       -0.01218756        0.00004520
    24.0000000       -0.01202393        0.00004434
    24.2000000       -0.01186657        0.00004731
    24.4000000       -0.01168923        0.00005365
    24.6000000       -0.01148336        0.00005014
    24.8000000       -0.01127653        0.00005497
    25.0000000       -0.01105477        0.00005335
    25.2000000       -0.01083333        0.00005209
    25.4000000       -0.01059405        0.00005255
    25.6000000       -0.01033153        0.00005274
    25.8000000       -0.01005406        0.00005531
    26.0000000       -0.00977229        0.00005492
    26.2000000       -0.00946373        0.00005222
    26.4000000       -0.00915570        0.00005102
    26.6000000       -0.00884164        0.00005247
    26.8000000       -0.00848233        0.00005121
    27.0000000       -0.00811835        0.00005107
    27.2000000       -0.00772466        0.00004933
    27.4000000       -0.00733475        0.00005061
    27.6000000       -0.00693625        0.00005426
    27.8000000       -0.00652790        0.00005052
    28.0000000       -0.00608454        0.00004973
    28.2000000       -0.00563448        0.00004710
    28.4000000       -0.00515591        0.00004535
    28.6000000       -0.00466429        0.00004381
    28.8000000       -0.00412821        0.00004341
    29.0000000       -0.00357141        0.00004206
    29.2000000       -0.00302944        0.00003975
    29.4000000       -0.00247745        0.00004012
    29.6000000       -0.00188055        0.00003941
    29.8000000       -0.00127652        0.00003858
    30.0000000       -0.00063815        0.00004173
    30.2000000        0.00003068        0.00004171
    30.4000000        0.00072147        0.00003752
    30.6000000        0.00144500        0.00003643
    30.8000000        0.00217757        0.00003815
    31.0000000        0.00292493        0.00003813
    31.2000000        0.00366333        0.00003983
    31.4000000        0.00445649        0.00004177
    31.6000000        0.00530431        0.00004128
    31.8000000        0.00616458        0.00003989
    32.0000000        0.00705176        0.00003973
    32.2000000        0.00797056        0.00004193
    32.4000000        0.00890615        0.00004038
    32.6000000        0.00987276        0.00004233
    32.8000000        0.01087704        0.00003678
    33.0000000        0.01192810        0.00003845
    33.2000000        0.01297506        0.00003971
    33.4000000        0.01408710        0.00003968
    33.6000000        0.01524003        0.00004488
    33.8000000        0.01643877        0.00004672
    34.0000000        0.01767895        0.00004568
    34.2000000        0.01899885        0.00004393
    34.4000000        0.02037171        0.00004296
    34.6000000        0.02182399        0.00004214
    34.8000000        0.02338043        0.00004569
    35.0000000        0.02505587        0.00004244
    35.2000000        0.02684622        0.00004900
    35.4000000        0.02881978        0.00004429
    35.6000000        0.03092997        0.00004361
    35.8000000        0.03331427        0.00003738
    36.0000000        0.03592749        0.00004027
    36.2000000        0.03888878        0.00004112
    36.4000000        0.04225978        0.00004359
    36.6000000        0.04611890        0.00004624
    36.8000000        0.05063504        0.00004779
    37.0000000        0.05591228        0.00005001
    37.2000000        0.06219057        0.00004955
    37.4000000        0.06973617        0.00005087
    37.6000000        0.07884155        0.00005791
    37.8000000        0.08999310        0.00005514
    38.0000000        0.10380293        0.00004353
    38.2000000        0.12103908        0.00005237
    38.4000000        0.14281329        0.00004770
    38.6000000        0.17080258        0.00005046
    38.8000000        0.20724204        0.00005690
    39.0000000        0.25543596        0.00005469
    39.2000000        0.32049323        0.00006526
    39.4000000        0.41001720        0.00006870
    39.6000000        0.53655845        0.00006898
    39.8000000        0.72076025        0.00006718
    40.0000000        1.00000000        0.00000000
