     0.0000000        0.49174251        0.01619536
     0.1000000        0.30172839        0.01423368
     0.2000000        0.18491968        0.01202847
     0.3000000        0.11591256        0.01229564
     0.4000000        0.07208825        0.01194712
     0.5000000        0.04372668        0.01212430
     0.6000000        0.02359820        0.01111581
     0.7000000        0.01010664        0.01039749
     0.8000000        0.00388439        0.01101403
     0.9000000        0.00187206        0.01116836
     1.0000000        0.00275055        0.01144520
     1.1000000        0.00139658        0.01266305
     1.2000000       -0.00063524        0.01266594
     1.3000000       -0.00121163        0.01123003
     1.4000000       -0.00009955        0.01008631
     1.5000000        0.00010887        0.00919316
     1.6000000        0.00233008        0.00822390
     1.7000000        0.00595179        0.00694993
     1.8000000        0.00448510        0.00790415
     1.9000000        0.00523083        0.00761354
     2.0000000        0.00685344        0.00759681
     2.1000000        0.00873406        0.00806500
     2.2000000        0.00764996        0.00841500
     2.3000000        0.00668715        0.00792946
     2.4000000        0.00308998        0.00754844
     2.5000000        0.00035904        0.00805288
     2.6000000        0.00161485        0.00870237
     2.7000000       -0.00020353        0.00990008
     2.8000000       -0.00162732        0.01001325
     2.9000000       -0.00272771        0.00919069
     3.0000000       -0.00234317        0.00895258
     3.1000000       -0.00297123        0.00731176
     3.2000000       -0.00200390        0.00611368
     3.3000000       -0.00112858        0.00653024
     3.4000000       -0.00007695        0.00514250
     3.5000000        0.00071120        0.00464817
     3.6000000        0.00098080        0.00609356
     3.7000000        0.00305685        0.00705357
     3.8000000        0.00444759        0.00759526
     3.9000000        0.00759806        0.00760848
     4.0000000        0.00749755        0.00739397
     4.1000000        0.00792926        0.00632100
     4.2000000        0.00656933        0.00590764
     4.3000000        0.00603676        0.00520462
     4.4000000        0.00611814        0.00469257
     4.5000000        0.00574888        0.00431881
     4.6000000        0.00662815        0.00520974
     4.7000000        0.00603847        0.00492788
     4.8000000        0.00456952        0.00538747
     4.9000000        0.00281324        0.00595218
     5.0000000        0.00160357        0.00580203
     5.1000000        0.00141425        0.00499714
     5.2000000        0.00162774        0.00416622
     5.3000000        0.00271293        0.00465888
     5.4000000        0.00363182        0.00588760
     5.5000000        0.00219685        0.00717992
     5.6000000        0.00103847        0.00770071
     5.7000000        0.00232188        0.00706206
     5.8000000        0.00419117        0.00716932
     5.9000000        0.00384165        0.00743210
     6.0000000        0.00092221        0.00875576
     6.1000000        0.00039044        0.00931481
     6.2000000       -0.00177738        0.00984610
     6.3000000       -0.00203267        0.00944128
     6.4000000       -0.00353130        0.00944476
     6.5000000       -0.00317763        0.00947591
     6.6000000       -0.00358125        0.00899638
     6.7000000       -0.00377648        0.00859917
     6.8000000       -0.00539197        0.00875066
     6.9000000       -0.00725601        0.00729564
     7.0000000       -0.00625734        0.00457053
     7.1000000       -0.00420689        0.00308410
     7.2000000       -0.00432882        0.00372106
     7.3000000       -0.00568374        0.00555638
     7.4000000       -0.00772192        0.00662640
     7.5000000       -0.00653123        0.00858708
     7.6000000       -0.00539373        0.00940025
     7.7000000       -0.00645271        0.01023733
     7.8000000       -0.00601769        0.01015178
     7.9000000       -0.00396735        0.01131123
     8.0000000       -0.00246298        0.01202647
     8.1000000       -0.00046788        0.01178038
     8.2000000        0.00175333        0.01154998
     8.3000000        0.00283180        0.01192768
     8.4000000        0.00340960        0.01118868
     8.5000000        0.00520194        0.00942589
     8.6000000        0.00718773        0.00884225
     8.7000000        0.00711155        0.00821521
     8.8000000        0.00653711        0.00727332
     8.9000000        0.00618973        0.00784458
     9.0000000        0.00882597        0.00810672
     9.1000000        0.01196414        0.01039826
     9.2000000        0.01539445        0.01211987
     9.3000000        0.01969712        0.01487474
     9.4000000        0.02616540        0.01648406
     9.5000000        0.03968371        0.01732645
     9.6000000        0.06506781        0.01873622
     9.7000000        0.10594475        0.01996159
     9.8000000        0.17669307        0.02073982
     9.9000000        0.29533234        0.01903689
    10.0000000        0.49174251        0.01619536
