     0.0000000        0.24877728        0.00614576
     0.1000000        0.14886927        0.00627161
     0.2000000        0.09192769        0.00588851
     0.3000000        0.05845377        0.00580987
     0.4000000        0.03866534        0.00581681
     0.5000000        0.02722679        0.00504987
     0.6000000        0.02142317        0.00456021
     0.7000000        0.01726572        0.00432820
     0.8000000        0.01393456        0.00408566
     0.9000000        0.01115378        0.00399701
     1.0000000        0.01138179        0.00406803
     1.1000000        0.01231025        0.00419873
     1.2000000        0.01254778        0.00429846
     1.3000000        0.01234057        0.00445922
     1.4000000        0.01206027        0.00433523
     1.5000000        0.01126647        0.00412511
     1.6000000        0.01185735        0.00377505
     1.7000000        0.01090279        0.00371472
     1.8000000        0.01025716        0.00361694
     1.9000000        0.00974342        0.00354449
     2.0000000        0.00849169        0.00366346
     2.1000000        0.00750673        0.00357860
     2.2000000        0.00748669        0.00351214
     2.3000000        0.00712986        0.00393724
     2.4000000        0.00748994        0.00443758
     2.5000000        0.00759238        0.00508922
     2.6000000        0.00825579        0.00499213
     2.7000000        0.00843372        0.00513726
     2.8000000        0.00869532        0.00480253
     2.9000000        0.00927729        0.00446582
     3.0000000        0.00862528        0.00444352
     3.1000000        0.00845773        0.00450624
     3.2000000        0.00812667        0.00459444
     3.3000000        0.00780755        0.00461540
     3.4000000        0.00792582        0.00424232
     3.5000000        0.00716480        0.00425955
     3.6000000        0.00658955        0.00455388
     3.7000000        0.00780659        0.00457693
     3.8000000        0.00750141        0.00474498
     3.9000000        0.00768447        0.00471558
     4.0000000        0.00855475        0.00467923
     4.1000000        0.00933016        0.00470461
     4.2000000        0.01082163        0.00497611
     4.3000000        0.01433793        0.00516985
     4.4000000        0.02034921        0.00519288
     4.5000000        0.02866524        0.00509561
     4.6000000        0.04017879        0.00519064
     4.7000000        0.06155436        0.00515246
     4.8000000        0.09526158        0.00554026
     4.9000000        0.15243597        0.00590791
     5.0000000        0.24877728        0.00614576
