     0.0000000        1.26584021        0.01497153
     0.1000000        1.04577795        0.01833486
     0.2000000        0.87616287        0.02160719
     0.3000000        0.73991905        0.02196549
     0.4000000        0.63005882        0.02078362
     0.5000000        0.54105797        0.01932155
     0.6000000        0.46661138        0.01673480
     0.7000000        0.40760918        0.01588498
     0.8000000        0.35844342        0.01494396
     0.9000000        0.31977671        0.01676441
     1.0000000        0.28698047        0.01840456
     1.1000000        0.25958773        0.02032498
     1.2000000        0.23573805        0.02153982
     1.3000000        0.21630855        0.02430718
     1.4000000        0.19848686        0.02513502
     1.5000000        0.17790117        0.02075955
     1.6000000        0.16083184        0.01785279
     1.7000000        0.14796240        0.01733988
     1.8000000        0.13450281        0.01548641
     1.9000000        0.12242226        0.01399150
     2.0000000        0.11524637        0.01635035
     2.1000000        0.10734690        0.01713041
     2.2000000        0.09899904        0.01685987
     2.3000000        0.09226506        0.01687753
     2.4000000        0.08437020        0.01429441
     2.5000000        0.07840833        0.01317017
     2.6000000        0.07157509        0.01084640
     2.7000000        0.06689141        0.01013888
     2.8000000        0.06705749        0.01413011
     2.9000000        0.06720889        0.01754762
     3.0000000        0.06454136        0.01780163
     3.1000000        0.06015546        0.01636266
     3.2000000        0.05914641        0.01780899
     3.3000000        0.05842463        0.01979962
     3.4000000        0.05632190        0.02015091
     3.5000000        0.05288612        0.01858390
     3.6000000        0.05146898        0.01910179
     3.7000000        0.05183250        0.02140723
     3.8000000        0.04466992        0.01617732
     3.9000000        0.03864086        0.01196686
     4.0000000        0.03461388        0.01013069
     4.1000000        0.02989189        0.00656155
     4.2000000        0.02497722        0.00406955
     4.3000000        0.02299055        0.00270586
     4.4000000        0.02211642        0.00224325
     4.5000000        0.02320953        0.00215498
     4.6000000        0.02378090        0.00233642
     4.7000000        0.02151978        0.00250405
     4.8000000        0.01785826        0.00436901
     4.9000000        0.01603930        0.00529132
     5.0000000        0.01401398        0.00667539
     5.1000000        0.01184509        0.00840172
     5.2000000        0.01410358        0.00587123
     5.3000000        0.01556684        0.00434405
     5.4000000        0.01589777        0.00432163
     5.5000000        0.01527222        0.00551799
     5.6000000        0.01598018        0.00594628
     5.7000000        0.01315751        0.01006037
     5.8000000        0.01431664        0.01014582
     5.9000000        0.01758537        0.00750718
     6.0000000        0.02021593        0.00611942
     6.1000000        0.02152848        0.00603263
     6.2000000        0.02465576        0.00432488
     6.3000000        0.02469135        0.00593404
     6.4000000        0.02796051        0.00562643
     6.5000000        0.03008733        0.00630272
     6.6000000        0.03574281        0.00502147
     6.7000000        0.03810557        0.00538552
     6.8000000        0.04056455        0.00633581
     6.9000000        0.04773126        0.00676996
     7.0000000        0.05163203        0.00782812
     7.1000000        0.06103004        0.01036683
     7.2000000        0.06911262        0.01339717
     7.3000000        0.07277273        0.01322305
     7.4000000        0.07555503        0.01192753
     7.5000000        0.07975340        0.01176606
     7.6000000        0.08628214        0.01282582
     7.7000000        0.08863442        0.01039525
     7.8000000        0.09384934        0.01003836
     7.9000000        0.09901353        0.00859505
     8.0000000        0.10853418        0.01018561
     8.1000000        0.11488635        0.00777304
     8.2000000        0.12421958        0.00769889
     8.3000000        0.13355575        0.00580757
     8.4000000        0.14584043        0.00611128
     8.5000000        0.16056227        0.00633332
     8.6000000        0.17703983        0.00695595
     8.7000000        0.19520714        0.00671668
     8.8000000        0.21799689        0.00764706
     8.9000000        0.24455798        0.00934747
     9.0000000        0.27633575        0.01129861
     9.1000000        0.31284719        0.01229860
     9.2000000        0.35682502        0.01540158
     9.3000000        0.40451599        0.01448080
     9.4000000        0.46344710        0.01546118
     9.5000000        0.53419295        0.01422760
     9.6000000        0.62279097        0.01452275
     9.7000000        0.73228382        0.01476428
     9.8000000        0.86903100        0.01527642
     9.9000000        1.04299614        0.01626406
    10.0000000        1.26584021        0.01497153
