     0.0000000        1.84896115        0.00300209
     0.1000000        1.44733990        0.00319195
     0.2000000        1.14542145        0.00387527
     0.3000000        0.90743249        0.00324333
     0.4000000        0.72245815        0.00287715
     0.5000000        0.57809970        0.00328802
     0.6000000        0.46597612        0.00322290
     0.7000000        0.37612031        0.00199407
     0.8000000        0.30081171        0.00275850
     0.9000000        0.24282178        0.00377718
     1.0000000        0.19608377        0.00413371
     1.1000000        0.16118284        0.00428328
     1.2000000        0.12812207        0.00481202
     1.3000000        0.10856737        0.00441282
     1.4000000        0.09143985        0.00338528
     1.5000000        0.07233704        0.00329968
     1.6000000        0.06055740        0.00345378
     1.7000000        0.05493332        0.00339476
     1.8000000        0.04073368        0.00354854
     1.9000000        0.03430962        0.00380524
     2.0000000        0.02579833        0.00358099
     2.1000000        0.02226736        0.00325529
     2.2000000        0.01720163        0.00308830
     2.3000000        0.01234964        0.00312299
     2.4000000        0.01098003        0.00313444
     2.5000000        0.00853412        0.00297565
     2.6000000        0.00811629        0.00329926
     2.7000000        0.00521284        0.00382199
     2.8000000        0.00360446        0.00386102
     2.9000000        0.00181405        0.00321722
     3.0000000       -0.00378525        0.00282257
     3.1000000        0.00062527        0.00342671
     3.2000000       -0.00007484        0.00323127
     3.3000000       -0.00119584        0.00374792
     3.4000000        0.00022232        0.00387688
     3.5000000        0.00058342        0.00316718
     3.6000000       -0.00015528        0.00329554
     3.7000000        0.00421770        0.00371826
     3.8000000        0.00194856        0.00388560
     3.9000000        0.00099755        0.00442424
     4.0000000        0.00505254        0.00277210
     4.1000000        0.00425274        0.00267138
     4.2000000        0.00000730        0.00240682
     4.3000000       -0.00020432        0.00282205
     4.4000000       -0.00089465        0.00235500
     4.5000000       -0.00159934        0.00240593
     4.6000000        0.00103712        0.00317200
     4.7000000        0.00246405        0.00348639
     4.8000000        0.00012812        0.00356471
     4.9000000        0.00044252        0.00285755
     5.0000000       -0.00092419        0.00300748
     5.1000000       -0.00303145        0.00236184
     5.2000000       -0.00414949        0.00197505
     5.3000000       -0.00208893        0.00245423
     5.4000000       -0.00019461        0.00281538
     5.5000000        0.00229983        0.00311189
     5.6000000        0.00178999        0.00286772
     5.7000000        0.00151898        0.00288380
     5.8000000       -0.00233843        0.00236763
     5.9000000        0.00210766        0.00329450
     6.0000000       -0.00314588        0.00311376
     6.1000000       -0.00208621        0.00280122
     6.2000000       -0.00025380        0.00244682
     6.3000000        0.00124537        0.00266043
     6.4000000        0.00334809        0.00318805
     6.5000000        0.00329744        0.00235117
     6.6000000        0.00198791        0.00234796
     6.7000000        0.00282047        0.00258180
     6.8000000        0.00292864        0.00239851
     6.9000000        0.00372383        0.00269700
     7.0000000        0.00215935        0.00303588
     7.1000000        0.00187086        0.00257377
     7.2000000        0.00575068        0.00240863
     7.3000000        0.00278844        0.00251478
     7.4000000        0.00193075        0.00209887
     7.5000000        0.00357628        0.00195625
     7.6000000        0.00213052        0.00209887
     7.7000000        0.00327067        0.00294488
     7.8000000        0.00392407        0.00255432
     7.9000000        0.00279996        0.00273692
     8.0000000        0.00417365        0.00235869
     8.1000000        0.00364480        0.00169095
     8.2000000        0.00272289        0.00253180
     8.3000000        0.00320692        0.00241823
     8.4000000        0.00345885        0.00307970
     8.5000000        0.00735721        0.00276215
     8.6000000        0.00916967        0.00301244
     8.7000000        0.00896923        0.00252869
     8.8000000        0.00902728        0.00303145
     8.9000000        0.01079458        0.00346635
     9.0000000        0.00837440        0.00319737
     9.1000000        0.00694116        0.00297515
     9.2000000        0.01090379        0.00309527
     9.3000000        0.01427829        0.00325783
     9.4000000        0.01771661        0.00366433
     9.5000000        0.02678025        0.00318893
     9.6000000        0.03674567        0.00296255
     9.7000000        0.05545792        0.00313397
     9.8000000        0.07653770        0.00359818
     9.9000000        0.10473415        0.00279853
    10.0000000        0.15103885        0.00300209
