     0.0000000        0.96520833        0.06924994
     0.0500000        0.92354167        0.06909032
     0.1000000        0.88812500        0.07012063
     0.1500000        0.84197917        0.06749684
     0.2000000        0.81187500        0.06509579
     0.2500000        0.78760417        0.06432470
     0.3000000        0.75833333        0.06109227
     0.3500000        0.72864583        0.06113414
     0.4000000        0.70802083        0.06145920
     0.4500000        0.69593750        0.06489425
     0.5000000        0.68468750        0.06656843
     0.5500000        0.66791667        0.06584604
     0.6000000        0.64333333        0.06448628
     0.6500000        0.63458333        0.06147262
     0.7000000        0.61895833        0.06161708
     0.7500000        0.60979167        0.06255077
     0.8000000        0.59666667        0.06109523
     0.8500000        0.58479167        0.05725826
     0.9000000        0.57489583        0.05823716
     0.9500000        0.56635417        0.06073871
     1.0000000        0.53979167        0.05958379
     1.0500000        0.52489583        0.05706525
     1.1000000        0.50864583        0.05538685
     1.1500000        0.49458333        0.05705685
     1.2000000        0.48187500        0.06108724
     1.2500000        0.46822917        0.06511978
     1.3000000        0.45708333        0.06629517
     1.3500000        0.44145833        0.06838414
     1.4000000        0.42729167        0.07026272
     1.4500000        0.40875000        0.07178293
     1.5000000        0.39854167        0.07067156
     1.5500000        0.39145833        0.07020260
     1.6000000        0.37770833        0.07048933
     1.6500000        0.35989583        0.07033851
     1.7000000        0.33416667        0.06907845
     1.7500000        0.32197917        0.06966761
     1.8000000        0.30708333        0.07194058
     1.8500000        0.28458333        0.07134795
     1.9000000        0.26500000        0.06993725
     1.9500000        0.25093750        0.06697360
     2.0000000        0.24666667        0.06594285
     2.0500000        0.23520833        0.06363653
     2.1000000        0.23052083        0.06434176
     2.1500000        0.22895833        0.06336302
     2.2000000        0.22541667        0.06511896
     2.2500000        0.21854167        0.06811338
     2.3000000        0.20739583        0.07373020
     2.3500000        0.19354167        0.07404468
     2.4000000        0.20541667        0.07304005
     2.4500000        0.20572917        0.07273304
     2.5000000        0.20375000        0.07238859
     2.5500000        0.20260417        0.07202474
     2.6000000        0.18510417        0.07157169
     2.6500000        0.17197917        0.06874680
     2.7000000        0.15718750        0.07036599
     2.7500000        0.14562500        0.07017862
     2.8000000        0.13677083        0.07426733
     2.8500000        0.12281250        0.07740082
     2.9000000        0.11322917        0.07790325
     2.9500000        0.10791667        0.07738984
     3.0000000        0.11770833        0.07786435
     3.0500000        0.12958333        0.07679621
     3.1000000        0.12072917        0.07515453
     3.1500000        0.11583333        0.07405593
     3.2000000        0.12625000        0.07138281
     3.2500000        0.11812500        0.07207225
     3.3000000        0.12031250        0.06842874
     3.3500000        0.12281250        0.06457108
     3.4000000        0.12635417        0.06111724
     3.4500000        0.12739583        0.06055751
     3.5000000        0.12614583        0.05925512
     3.5500000        0.11645833        0.06046156
     3.6000000        0.10270833        0.06246442
     3.6500000        0.09447917        0.06362692
     3.7000000        0.09020833        0.06323837
     3.7500000        0.08197917        0.06482264
     3.8000000        0.07968750        0.06511495
     3.8500000        0.09093750        0.06502227
     3.9000000        0.10250000        0.06403225
     3.9500000        0.10458333        0.06010458
     4.0000000        0.09645833        0.05884056
     4.0500000        0.08000000        0.06032625
     4.1000000        0.07593750        0.06241733
     4.1500000        0.07416667        0.06260040
     4.2000000        0.06614583        0.06051656
     4.2500000        0.06500000        0.05746451
     4.3000000        0.05791667        0.05943700
     4.3500000        0.04864583        0.06084874
     4.4000000        0.03875000        0.06182215
     4.4500000        0.03166667        0.06377326
     4.5000000        0.02645833        0.06753114
     4.5500000        0.02500000        0.06610023
     4.6000000        0.02593750        0.06647448
     4.6500000        0.03260417        0.06698350
     4.7000000        0.03364583        0.06891321
     4.7500000        0.04583333        0.07323109
     4.8000000        0.05583333        0.07880210
     4.8500000        0.05822917        0.08352983
     4.9000000        0.06281250        0.08559332
     4.9500000        0.05895833        0.08752167
     5.0000000        0.06312500        0.08751704
     5.0500000        0.06833333        0.08690134
     5.1000000        0.06531250        0.09197333
     5.1500000        0.06854167        0.09288615
     5.2000000        0.05489583        0.09316289
     5.2500000        0.05687500        0.09174101
     5.3000000        0.06625000        0.08864671
     5.3500000        0.06708333        0.08692704
     5.4000000        0.07666667        0.09039061
     5.4500000        0.07718750        0.09332460
     5.5000000        0.07968750        0.09132761
     5.5500000        0.08322917        0.09142220
     5.6000000        0.09104167        0.08941150
     5.6500000        0.10645833        0.08966303
     5.7000000        0.12114583        0.09085758
     5.7500000        0.12343750        0.09240951
     5.8000000        0.11927083        0.09131125
     5.8500000        0.11875000        0.09026548
     5.9000000        0.10822917        0.08809940
     5.9500000        0.11229167        0.08854422
     6.0000000        0.10729167        0.08933406
     6.0500000        0.11406250        0.09195129
     6.1000000        0.11406250        0.09306646
     6.1500000        0.12000000        0.09745721
     6.2000000        0.12333333        0.09663920
     6.2500000        0.12104167        0.09192653
     6.3000000        0.12145833        0.08663099
     6.3500000        0.12135417        0.08536193
     6.4000000        0.11052083        0.08339879
     6.4500000        0.11385417        0.08127844
     6.5000000        0.11010417        0.08079401
     6.5500000        0.10510417        0.08350633
     6.6000000        0.09843750        0.08307776
     6.6500000        0.09312500        0.07928358
     6.7000000        0.08791667        0.07801206
     6.7500000        0.09239583        0.07406798
     6.8000000        0.09354167        0.07222569
     6.8500000        0.08375000        0.07143562
     6.9000000        0.08062500        0.06981112
     6.9500000        0.07604167        0.07350891
     7.0000000        0.07250000        0.07432617
     7.0500000        0.06885417        0.07312947
     7.1000000        0.05843750        0.07250554
     7.1500000        0.04239583        0.07294684
     7.2000000        0.03781250        0.06930460
     7.2500000        0.02885417        0.06512910
     7.3000000        0.02187500        0.06021666
     7.3500000        0.01552083        0.05814729
     7.4000000        0.00343750        0.05456963
     7.4500000       -0.00322917        0.04758650
     7.5000000       -0.01145833        0.04573799
     7.5500000       -0.01291667        0.04864070
     7.6000000       -0.01770833        0.04685040
     7.6500000       -0.01927083        0.04292100
     7.7000000       -0.02593750        0.03853668
     7.7500000       -0.03510417        0.03590997
     7.8000000       -0.05104167        0.03375166
     7.8500000       -0.06531250        0.03319315
     7.9000000       -0.08479167        0.03434858
     7.9500000       -0.09729167        0.03847353
     8.0000000       -0.10625000        0.04386629
     8.0500000       -0.12427083        0.04674930
     8.1000000       -0.12770833        0.04836982
     8.1500000       -0.13937500        0.05110390
     8.2000000       -0.14427083        0.05395405
     8.2500000       -0.14041667        0.05515669
     8.3000000       -0.13677083        0.05379082
     8.3500000       -0.14531250        0.05213176
     8.4000000       -0.15020833        0.05350809
     8.4500000       -0.15062500        0.05276167
     8.5000000       -0.15604167        0.05081232
     8.5500000       -0.16625000        0.04863344
     8.6000000       -0.18197917        0.05075755
     8.6500000       -0.19104167        0.05368517
     8.7000000       -0.19375000        0.05406846
     8.7500000       -0.19187500        0.05745473
     8.8000000       -0.19197917        0.05994067
     8.8500000       -0.19104167        0.05944036
     8.9000000       -0.19375000        0.06203505
     8.9500000       -0.19562500        0.06378928
     9.0000000       -0.19687500        0.06146677
     9.0500000       -0.19354167        0.06015816
     9.1000000       -0.19500000        0.05956887
     9.1500000       -0.19187500        0.06005883
     9.2000000       -0.18656250        0.05883075
     9.2500000       -0.18604167        0.05803355
     9.3000000       -0.17958333        0.05710458
     9.3500000       -0.18312500        0.05833199
     9.4000000       -0.18802083        0.05754545
     9.4500000       -0.19583333        0.05999039
     9.5000000       -0.20708333        0.06286840
     9.5500000       -0.20916667        0.06514077
     9.6000000       -0.20145833        0.06714339
     9.6500000       -0.20968750        0.06739376
     9.7000000       -0.21677083        0.07001816
     9.7500000       -0.22468750        0.06713767
     9.8000000       -0.23010417        0.06327749
     9.8500000       -0.21843750        0.05917174
     9.9000000       -0.21260417        0.05630300
     9.9500000       -0.20062500        0.05211154
    10.0000000       -0.19239583        0.05439811
    10.0500000       -0.18739583        0.05268647
    10.1000000       -0.17031250        0.04993904
    10.1500000       -0.16677083        0.05073872
    10.2000000       -0.16322917        0.04930259
    10.2500000       -0.15895833        0.04636220
    10.3000000       -0.15656250        0.04263443
    10.3500000       -0.16239583        0.03915245
    10.4000000       -0.15739583        0.03749258
    10.4500000       -0.14958333        0.03962157
    10.5000000       -0.14760417        0.04409631
    10.5500000       -0.15291667        0.04613226
    10.6000000       -0.15791667        0.04364948
    10.6500000       -0.15697917        0.04242046
    10.7000000       -0.15260417        0.03926772
    10.7500000       -0.14541667        0.03826605
    10.8000000       -0.14822917        0.03588947
    10.8500000       -0.14187500        0.03500129
    10.9000000       -0.13479167        0.03492348
    10.9500000       -0.13145833        0.03631809
    11.0000000       -0.13625000        0.03172022
    11.0500000       -0.13750000        0.03165665
    11.1000000       -0.13739583        0.03220883
    11.1500000       -0.12708333        0.03393157
    11.2000000       -0.11291667        0.03479290
    11.2500000       -0.10395833        0.03315022
    11.3000000       -0.10427083        0.03470710
    11.3500000       -0.10906250        0.03454625
    11.4000000       -0.11760417        0.03249223
    11.4500000       -0.12479167        0.03140636
    11.5000000       -0.12958333        0.03326629
    11.5500000       -0.13885417        0.03425546
    11.6000000       -0.14656250        0.03572310
    11.6500000       -0.15302083        0.03738186
    11.7000000       -0.15468750        0.03892875
    11.7500000       -0.14854167        0.04303499
    11.8000000       -0.13666667        0.04481779
    11.8500000       -0.12354167        0.04550816
    11.9000000       -0.12447917        0.04681472
    11.9500000       -0.11885417        0.05123159
    12.0000000       -0.12125000        0.05218694
    12.0500000       -0.11177083        0.05371635
    12.1000000       -0.11520833        0.05294134
    12.1500000       -0.11531250        0.05449551
    12.2000000       -0.11947917        0.06034668
    12.2500000       -0.11218750        0.06721015
    12.3000000       -0.10968750        0.06864391
    12.3500000       -0.09958333        0.07033427
    12.4000000       -0.09489583        0.06559791
    12.4500000       -0.09541667        0.06208942
    12.5000000       -0.10854167        0.06147608
    12.5500000       -0.10062500        0.06077230
    12.6000000       -0.08979167        0.06339317
    12.6500000       -0.07968750        0.06798136
    12.7000000       -0.07979167        0.07227520
    12.7500000       -0.07916667        0.07441687
    12.8000000       -0.07520833        0.07150696
    12.8500000       -0.07604167        0.07251137
    12.9000000       -0.08135417        0.07435544
    12.9500000       -0.06604167        0.07447229
    13.0000000       -0.06208333        0.07537824
    13.0500000       -0.04927083        0.07650360
    13.1000000       -0.03718750        0.07660560
    13.1500000       -0.03250000        0.07925808
    13.2000000       -0.03812500        0.08008397
    13.2500000       -0.03177083        0.08010025
    13.3000000       -0.03031250        0.07954320
    13.3500000       -0.03937500        0.07848786
    13.4000000       -0.04812500        0.07412950
    13.4500000       -0.05041667        0.07241844
    13.5000000       -0.04750000        0.07012165
    13.5500000       -0.04166667        0.06902234
    13.6000000       -0.05229167        0.06733678
    13.6500000       -0.05427083        0.06354325
    13.7000000       -0.05604167        0.06486215
    13.7500000       -0.06760417        0.06824097
    13.8000000       -0.07718750        0.06758033
    13.8500000       -0.08458333        0.06610499
    13.9000000       -0.09833333        0.06378014
    13.9500000       -0.11020833        0.05931292
    14.0000000       -0.11489583        0.05483457
    14.0500000       -0.11218750        0.05182170
    14.1000000       -0.10312500        0.05161556
    14.1500000       -0.09947917        0.04757591
    14.2000000       -0.09218750        0.04831300
    14.2500000       -0.09208333        0.04964500
    14.3000000       -0.09895833        0.05085042
    14.3500000       -0.10427083        0.04884869
    14.4000000       -0.10197917        0.04981253
    14.4500000       -0.09135417        0.05134011
    14.5000000       -0.07968750        0.05132720
    14.5500000       -0.06958333        0.04867626
    14.6000000       -0.05677083        0.04932825
    14.6500000       -0.05750000        0.04761838
    14.7000000       -0.05541667        0.04915251
    14.7500000       -0.05072917        0.04942710
    14.8000000       -0.04791667        0.04778955
    14.8500000       -0.03291667        0.04847742
    14.9000000       -0.02364583        0.04783037
    14.9500000       -0.02645833        0.04666868
    15.0000000       -0.02468750        0.04666738
    15.0500000       -0.02520833        0.04525120
    15.1000000       -0.01875000        0.04490434
    15.1500000       -0.02500000        0.04937287
    15.2000000       -0.02458333        0.04919558
    15.2500000       -0.01666667        0.04864999
    15.3000000       -0.01427083        0.04599970
    15.3500000       -0.00385417        0.04405647
    15.4000000       -0.01187500        0.04108312
    15.4500000       -0.02520833        0.04459205
    15.5000000       -0.02187500        0.04690072
    15.5500000       -0.00791667        0.04745168
    15.6000000        0.00125000        0.04924796
    15.6500000        0.01364583        0.04834809
    15.7000000        0.02062500        0.04918118
    15.7500000        0.03093750        0.04967641
    15.8000000        0.04208333        0.05002410
    15.8500000        0.05510417        0.04927796
    15.9000000        0.07364583        0.05108519
    15.9500000        0.08208333        0.05182873
    16.0000000        0.08604167        0.05291645
    16.0500000        0.08541667        0.05313988
    16.1000000        0.06916667        0.05006461
    16.1500000        0.06177083        0.05324187
    16.2000000        0.05312500        0.05595746
    16.2500000        0.04187500        0.05704760
    16.3000000        0.04697917        0.05643358
    16.3500000        0.04656250        0.05214513
    16.4000000        0.05239583        0.05132099
    16.4500000        0.06531250        0.05291945
    16.5000000        0.08489583        0.05328333
    16.5500000        0.09833333        0.05172698
    16.6000000        0.12010417        0.05426644
    16.6500000        0.13604167        0.05191897
    16.7000000        0.14208333        0.05095684
    16.7500000        0.14635417        0.05020965
    16.8000000        0.16010417        0.05243440
    16.8500000        0.17218750        0.05083983
    16.9000000        0.18135417        0.05039346
    16.9500000        0.18416667        0.05004010
    17.0000000        0.19406250        0.04958847
    17.0500000        0.19968750        0.04727303
    17.1000000        0.20895833        0.04302148
    17.1500000        0.21697917        0.04265391
    17.2000000        0.22114583        0.04268084
    17.2500000        0.23416667        0.04423136
    17.3000000        0.25343750        0.04848775
    17.3500000        0.26520833        0.04918416
    17.4000000        0.27072917        0.05112309
    17.4500000        0.28354167        0.04788228
    17.5000000        0.29833333        0.04599321
    17.5500000        0.31645833        0.04435862
    17.6000000        0.32864583        0.04056785
    17.6500000        0.33833333        0.03725205
    17.7000000        0.35052083        0.03540770
    17.7500000        0.36354167        0.03445669
    17.8000000        0.38281250        0.03711584
    17.8500000        0.40770833        0.04425077
    17.9000000        0.40843750        0.04930329
    17.9500000        0.41416667        0.04774359
    18.0000000        0.41875000        0.04773782
    18.0500000        0.42364583        0.04962422
    18.1000000        0.41427083        0.05028649
    18.1500000        0.41739583        0.05323920
    18.2000000        0.42572917        0.05461347
    18.2500000        0.42802083        0.05591913
    18.3000000        0.42822917        0.05869876
    18.3500000        0.42989583        0.05946787
    18.4000000        0.43635417        0.06161553
    18.4500000        0.43906250        0.06235254
    18.5000000        0.44802083        0.06106778
    18.5500000        0.45781250        0.06088113
    18.6000000        0.46614583        0.06013918
    18.6500000        0.47458333        0.06322050
    18.7000000        0.47958333        0.06455392
    18.7500000        0.48083333        0.06662277
    18.8000000        0.47791667        0.06568365
    18.8500000        0.48083333        0.06557445
    18.9000000        0.47541667        0.06822202
    18.9500000        0.48166667        0.07218268
    19.0000000        0.48416667        0.07202203
    19.0500000        0.49927083        0.07274014
    19.1000000        0.51312500        0.07532274
    19.1500000        0.53500000        0.07266332
    19.2000000        0.55270833        0.07241871
    19.2500000        0.56197917        0.07162850
    19.3000000        0.57479167        0.07044077
    19.3500000        0.59187500        0.07080129
    19.4000000        0.60687500        0.07222420
    19.4500000        0.62572917        0.07154354
    19.5000000        0.64739583        0.06799282
    19.5500000        0.65843750        0.06194758
    19.6000000        0.67875000        0.06271163
    19.6500000        0.70218750        0.06390328
    19.7000000        0.72562500        0.06533636
    19.7500000        0.75260417        0.06611360
    19.8000000        0.78916667        0.06329134
    19.8500000        0.83114583        0.06449351
    19.9000000        0.87135417        0.06469921
    19.9500000        0.91260417        0.06687082
    20.0000000        0.96520833        0.06924994
