     0.0000000        0.98041667        0.06815100
     0.0500000        0.93614583        0.06628390
     0.1000000        0.86947917        0.06661310
     0.1500000        0.81572917        0.06983737
     0.2000000        0.78739583        0.07407304
     0.2500000        0.75625000        0.07754231
     0.3000000        0.72614583        0.08010476
     0.3500000        0.70989583        0.07892035
     0.4000000        0.69968750        0.08178237
     0.4500000        0.68031250        0.07643025
     0.5000000        0.67406250        0.07422640
     0.5500000        0.65937500        0.07228890
     0.6000000        0.64416667        0.07411815
     0.6500000        0.62947917        0.06623011
     0.7000000        0.63062500        0.06699256
     0.7500000        0.62208333        0.06785135
     0.8000000        0.60666667        0.07050719
     0.8500000        0.59489583        0.07158991
     0.9000000        0.58375000        0.07508862
     0.9500000        0.56083333        0.08110108
     1.0000000        0.55697917        0.08618140
     1.0500000        0.55531250        0.09248899
     1.1000000        0.56458333        0.09405170
     1.1500000        0.56552083        0.09589569
     1.2000000        0.56322917        0.09391885
     1.2500000        0.55208333        0.08888069
     1.3000000        0.53625000        0.08396628
     1.3500000        0.52135417        0.08304781
     1.4000000        0.50083333        0.07584686
     1.4500000        0.48541667        0.07068553
     1.5000000        0.48218750        0.06816707
     1.5500000        0.46281250        0.06837230
     1.6000000        0.44302083        0.06744554
     1.6500000        0.43854167        0.06872658
     1.7000000        0.42718750        0.06701755
     1.7500000        0.41260417        0.06438730
     1.8000000        0.38729167        0.05745188
     1.8500000        0.36812500        0.05199494
     1.9000000        0.34729167        0.05006010
     1.9500000        0.32906250        0.04613528
     2.0000000        0.31239583        0.04824676
     2.0500000        0.30406250        0.04812232
     2.1000000        0.28520833        0.04859967
     2.1500000        0.26895833        0.04723060
     2.2000000        0.25718750        0.04602038
     2.2500000        0.23989583        0.04536168
     2.3000000        0.21947917        0.04458007
     2.3500000        0.20781250        0.04720962
     2.4000000        0.17864583        0.04705354
     2.4500000        0.15947917        0.04403507
     2.5000000        0.16354167        0.04538001
     2.5500000        0.14947917        0.04492747
     2.6000000        0.15343750        0.04521532
     2.6500000        0.16031250        0.04968733
     2.7000000        0.15791667        0.05376341
     2.7500000        0.16104167        0.05584041
     2.8000000        0.15406250        0.06033847
     2.8500000        0.14322917        0.06144890
     2.9000000        0.12739583        0.06272201
     2.9500000        0.11437500        0.05917509
     3.0000000        0.09697917        0.05877482
     3.0500000        0.08187500        0.05623806
     3.1000000        0.07520833        0.05577655
     3.1500000        0.07354167        0.05613978
     3.2000000        0.05916667        0.05795640
     3.2500000        0.06635417        0.05655655
     3.3000000        0.06447917        0.05524328
     3.3500000        0.05020833        0.05375200
     3.4000000        0.03489583        0.05417379
     3.4500000        0.01239583        0.05212218
     3.5000000        0.00802083        0.05027673
     3.5500000        0.00687500        0.04708894
     3.6000000       -0.00427083        0.04117918
     3.6500000       -0.01958333        0.03512314
     3.7000000       -0.02781250        0.03638747
     3.7500000       -0.03104167        0.03604363
     3.8000000       -0.02666667        0.04234303
     3.8500000       -0.02645833        0.03863464
     3.9000000       -0.02562500        0.03620616
     3.9500000       -0.02395833        0.03714217
     4.0000000       -0.02614583        0.03400271
     4.0500000       -0.03447917        0.03162092
     4.1000000       -0.02958333        0.03516355
     4.1500000       -0.03552083        0.03755693
     4.2000000       -0.04135417        0.04249102
     4.2500000       -0.04593750        0.04909147
     4.3000000       -0.04635417        0.05307790
     4.3500000       -0.04406250        0.06535901
     4.4000000       -0.04270833        0.07092618
     4.4500000       -0.03989583        0.07929741
     4.5000000       -0.03520833        0.08559479
     4.5500000       -0.00812500        0.09272191
     4.6000000        0.01843750        0.09857208
     4.6500000        0.03114583        0.10044136
     4.7000000        0.03739583        0.10082850
     4.7500000        0.03614583        0.10958747
     4.8000000        0.03770833        0.10944944
     4.8500000        0.03354167        0.11098042
     4.9000000        0.04072917        0.10818939
     4.9500000        0.04187500        0.10255044
     5.0000000        0.05666667        0.10139820
     5.0500000        0.07302083        0.10630892
     5.1000000        0.08395833        0.10685201
     5.1500000        0.09395833        0.10613707
     5.2000000        0.09760417        0.10854759
     5.2500000        0.09864583        0.10894005
     5.3000000        0.09479167        0.10738496
     5.3500000        0.08854167        0.09998810
     5.4000000        0.08812500        0.09724292
     5.4500000        0.09916667        0.09493682
     5.5000000        0.09739583        0.08761717
     5.5500000        0.11000000        0.08351507
     5.6000000        0.12510417        0.08044098
     5.6500000        0.12750000        0.08479192
     5.7000000        0.12958333        0.08660274
     5.7500000        0.14208333        0.08569317
     5.8000000        0.13833333        0.08948448
     5.8500000        0.14239583        0.09159901
     5.9000000        0.14166667        0.08998900
     5.9500000        0.14104167        0.08642758
     6.0000000        0.13666667        0.08540865
     6.0500000        0.12385417        0.08305449
     6.1000000        0.11708333        0.08318746
     6.1500000        0.12447917        0.08015150
     6.2000000        0.13770833        0.07742996
     6.2500000        0.14572917        0.07598874
     6.3000000        0.14062500        0.07444864
     6.3500000        0.13416667        0.07309024
     6.4000000        0.13875000        0.07236094
     6.4500000        0.13395833        0.07783184
     6.5000000        0.13343750        0.07971267
     6.5500000        0.12916667        0.07872275
     6.6000000        0.13020833        0.07736139
     6.6500000        0.12989583        0.07536524
     6.7000000        0.13958333        0.07170848
     6.7500000        0.13145833        0.07434612
     6.8000000        0.12531250        0.07465868
     6.8500000        0.12281250        0.07744752
     6.9000000        0.10593750        0.07849306
     6.9500000        0.10135417        0.07693483
     7.0000000        0.08864583        0.07937148
     7.0500000        0.07854167        0.07594495
     7.1000000        0.08312500        0.07871589
     7.1500000        0.07791667        0.07778960
     7.2000000        0.06635417        0.07241917
     7.2500000        0.06822917        0.07080748
     7.3000000        0.06760417        0.07122171
     7.3500000        0.07750000        0.07176206
     7.4000000        0.07218750        0.07488975
     7.4500000        0.06479167        0.07765910
     7.5000000        0.04927083        0.07518786
     7.5500000        0.04041667        0.07631311
     7.6000000        0.02031250        0.07461629
     7.6500000        0.02333333        0.07410160
     7.7000000        0.02302083        0.07080730
     7.7500000        0.01812500        0.06954945
     7.8000000        0.00083333        0.06679930
     7.8500000       -0.01572917        0.06656055
     7.9000000       -0.02239583        0.06312323
     7.9500000       -0.04187500        0.06587666
     8.0000000       -0.04927083        0.06251827
     8.0500000       -0.03864583        0.06314961
     8.1000000       -0.03947917        0.06494206
     8.1500000       -0.03250000        0.06505183
     8.2000000       -0.03218750        0.06347690
     8.2500000       -0.03041667        0.07094374
     8.3000000       -0.02343750        0.07344745
     8.3500000       -0.01989583        0.07387875
     8.4000000       -0.02166667        0.07644853
     8.4500000       -0.01697917        0.07575796
     8.5000000       -0.03197917        0.07749774
     8.5500000       -0.05020833        0.07985732
     8.6000000       -0.07166667        0.08573791
     8.6500000       -0.08614583        0.08627469
     8.7000000       -0.09854167        0.08985969
     8.7500000       -0.10614583        0.09077497
     8.8000000       -0.10708333        0.08937113
     8.8500000       -0.10791667        0.08624923
     8.9000000       -0.10364583        0.08773131
     8.9500000       -0.10479167        0.08463397
     9.0000000       -0.10416667        0.08474627
     9.0500000       -0.11291667        0.08740525
     9.1000000       -0.11322917        0.08669307
     9.1500000       -0.10177083        0.08292394
     9.2000000       -0.09697917        0.07869865
     9.2500000       -0.10447917        0.07762478
     9.3000000       -0.11510417        0.07775409
     9.3500000       -0.11572917        0.07854886
     9.4000000       -0.13312500        0.07709899
     9.4500000       -0.16000000        0.07564137
     9.5000000       -0.16218750        0.07873436
     9.5500000       -0.16156250        0.07520669
     9.6000000       -0.16312500        0.07735966
     9.6500000       -0.16802083        0.07939181
     9.7000000       -0.17791667        0.07481957
     9.7500000       -0.16697917        0.07602238
     9.8000000       -0.16843750        0.07680912
     9.8500000       -0.17895833        0.07430703
     9.9000000       -0.18437500        0.07632329
     9.9500000       -0.18802083        0.07811431
    10.0000000       -0.19427083        0.08078746
    10.0500000       -0.17760417        0.08512122
    10.1000000       -0.16625000        0.08218117
    10.1500000       -0.17322917        0.08091044
    10.2000000       -0.18812500        0.07813167
    10.2500000       -0.19427083        0.07949226
    10.3000000       -0.18854167        0.08441826
    10.3500000       -0.19864583        0.08008864
    10.4000000       -0.20062500        0.07953303
    10.4500000       -0.20322917        0.08347014
    10.5000000       -0.19979167        0.08006467
    10.5500000       -0.19072917        0.07639026
    10.6000000       -0.17989583        0.07126213
    10.6500000       -0.17958333        0.06756221
    10.7000000       -0.18739583        0.06369568
    10.7500000       -0.19562500        0.06331075
    10.8000000       -0.19395833        0.06257843
    10.8500000       -0.18989583        0.06312343
    10.9000000       -0.18208333        0.06137444
    10.9500000       -0.18604167        0.06005375
    11.0000000       -0.18395833        0.06217952
    11.0500000       -0.18406250        0.06159471
    11.1000000       -0.15937500        0.07026670
    11.1500000       -0.15093750        0.07216887
    11.2000000       -0.13968750        0.07201016
    11.2500000       -0.11916667        0.07330635
    11.3000000       -0.10062500        0.07677505
    11.3500000       -0.07854167        0.08028662
    11.4000000       -0.06166667        0.08347909
    11.4500000       -0.06177083        0.08826488
    11.5000000       -0.06281250        0.08436964
    11.5500000       -0.06750000        0.08088195
    11.6000000       -0.07489583        0.07911988
    11.6500000       -0.09697917        0.07843090
    11.7000000       -0.10625000        0.07826518
    11.7500000       -0.11302083        0.07561105
    11.8000000       -0.11218750        0.07538317
    11.8500000       -0.10052083        0.08142146
    11.9000000       -0.09635417        0.08500189
    11.9500000       -0.08843750        0.08939783
    12.0000000       -0.08312500        0.09611574
    12.0500000       -0.07510417        0.09775812
    12.1000000       -0.08687500        0.09829940
    12.1500000       -0.08510417        0.10061709
    12.2000000       -0.08000000        0.10333439
    12.2500000       -0.09562500        0.10756911
    12.3000000       -0.11468750        0.10696739
    12.3500000       -0.10968750        0.10820165
    12.4000000       -0.10437500        0.10912967
    12.4500000       -0.10989583        0.11623944
    12.5000000       -0.09895833        0.11830652
    12.5500000       -0.08385417        0.11319453
    12.6000000       -0.08364583        0.10895440
    12.6500000       -0.06093750        0.10908714
    12.7000000       -0.05781250        0.11130809
    12.7500000       -0.03395833        0.11324932
    12.8000000       -0.01718750        0.10958012
    12.8500000        0.00656250        0.10538351
    12.9000000        0.01145833        0.10439649
    12.9500000        0.01958333        0.10695836
    13.0000000        0.02322917        0.10943630
    13.0500000        0.01406250        0.11488992
    13.1000000        0.01125000        0.11630270
    13.1500000        0.00072917        0.12009697
    13.2000000       -0.00010417        0.12149800
    13.2500000        0.00437500        0.11915156
    13.3000000        0.02010417        0.11368606
    13.3500000        0.02385417        0.10796967
    13.4000000        0.03468750        0.10839005
    13.4500000        0.03697917        0.10760043
    13.5000000        0.02958333        0.10418420
    13.5500000        0.00937500        0.10011892
    13.6000000        0.00520833        0.10134642
    13.6500000        0.00031250        0.10084754
    13.7000000       -0.00458333        0.09821592
    13.7500000       -0.00427083        0.09736116
    13.8000000       -0.01166667        0.09810910
    13.8500000       -0.02447917        0.09971841
    13.9000000       -0.04989583        0.09919530
    13.9500000       -0.07531250        0.09447934
    14.0000000       -0.06958333        0.08846900
    14.0500000       -0.06593750        0.08403286
    14.1000000       -0.05802083        0.08451023
    14.1500000       -0.06385417        0.08140671
    14.2000000       -0.05156250        0.07745335
    14.2500000       -0.03604167        0.07631337
    14.3000000       -0.04395833        0.07184979
    14.3500000       -0.03666667        0.07159584
    14.4000000       -0.04531250        0.07467252
    14.4500000       -0.03927083        0.07320095
    14.5000000       -0.03364583        0.07234799
    14.5500000       -0.03302083        0.07281501
    14.6000000       -0.01770833        0.06946516
    14.6500000       -0.00760417        0.07146173
    14.7000000       -0.00447917        0.07705089
    14.7500000       -0.01250000        0.08073878
    14.8000000       -0.01677083        0.07854278
    14.8500000       -0.02677083        0.07869291
    14.9000000       -0.03708333        0.07622440
    14.9500000       -0.05031250        0.07440087
    15.0000000       -0.05760417        0.06707385
    15.0500000       -0.05968750        0.06580009
    15.1000000       -0.05177083        0.06133090
    15.1500000       -0.03697917        0.06453414
    15.2000000       -0.03333333        0.06796943
    15.2500000       -0.02500000        0.06588989
    15.3000000       -0.01864583        0.06561719
    15.3500000       -0.02864583        0.06374189
    15.4000000       -0.02260417        0.06688066
    15.4500000       -0.01166667        0.07166326
    15.5000000       -0.00697917        0.07396976
    15.5500000       -0.00239583        0.07515677
    15.6000000        0.03239583        0.07033907
    15.6500000        0.04552083        0.07018505
    15.7000000        0.06427083        0.07026339
    15.7500000        0.07927083        0.07088604
    15.8000000        0.08479167        0.07220996
    15.8500000        0.10156250        0.07562961
    15.9000000        0.12729167        0.07727704
    15.9500000        0.13781250        0.08050800
    16.0000000        0.14343750        0.08392245
    16.0500000        0.14833333        0.08832014
    16.1000000        0.14812500        0.08762837
    16.1500000        0.14437500        0.08593877
    16.2000000        0.15645833        0.08666482
    16.2500000        0.16385417        0.08457133
    16.3000000        0.16625000        0.07944539
    16.3500000        0.16416667        0.08084560
    16.4000000        0.18697917        0.08437704
    16.4500000        0.19093750        0.08637113
    16.5000000        0.17989583        0.08069021
    16.5500000        0.18010417        0.07878147
    16.6000000        0.17437500        0.08143828
    16.6500000        0.17645833        0.08343244
    16.7000000        0.17270833        0.08081181
    16.7500000        0.17385417        0.08393851
    16.8000000        0.18625000        0.08325428
    16.8500000        0.19604167        0.08016219
    16.9000000        0.20135417        0.07508079
    16.9500000        0.21479167        0.07218814
    17.0000000        0.22677083        0.07484531
    17.0500000        0.23750000        0.07646452
    17.1000000        0.24979167        0.06948970
    17.1500000        0.26677083        0.07281626
    17.2000000        0.27510417        0.07188476
    17.2500000        0.28677083        0.06646347
    17.3000000        0.30989583        0.06738386
    17.3500000        0.31843750        0.06898226
    17.4000000        0.31885417        0.06775290
    17.4500000        0.32041667        0.07079196
    17.5000000        0.32010417        0.07644180
    17.5500000        0.34135417        0.07605719
    17.6000000        0.35000000        0.07957256
    17.6500000        0.35968750        0.07679635
    17.7000000        0.34843750        0.07724835
    17.7500000        0.34395833        0.07976266
    17.8000000        0.36322917        0.07826097
    17.8500000        0.38604167        0.07355878
    17.9000000        0.40697917        0.07400624
    17.9500000        0.41125000        0.07417870
    18.0000000        0.40968750        0.07487543
    18.0500000        0.40666667        0.07913552
    18.1000000        0.39687500        0.07789398
    18.1500000        0.38541667        0.07763174
    18.2000000        0.38052083        0.07599044
    18.2500000        0.38479167        0.07402741
    18.3000000        0.39385417        0.07244681
    18.3500000        0.40208333        0.06612959
    18.4000000        0.40895833        0.06448237
    18.4500000        0.40729167        0.06614687
    18.5000000        0.41916667        0.06710443
    18.5500000        0.42125000        0.06788667
    18.6000000        0.41906250        0.07208579
    18.6500000        0.41822917        0.07444950
    18.7000000        0.42156250        0.07331265
    18.7500000        0.41906250        0.07134176
    18.8000000        0.43614583        0.06525606
    18.8500000        0.43177083        0.05922307
    18.9000000        0.44875000        0.05449382
    18.9500000        0.45614583        0.05205500
    19.0000000        0.46270833        0.05182437
    19.0500000        0.47937500        0.04763370
    19.1000000        0.51437500        0.04882517
    19.1500000        0.53916667        0.04834351
    19.2000000        0.56208333        0.04315948
    19.2500000        0.58312500        0.04038410
    19.3000000        0.60104167        0.04048034
    19.3500000        0.62937500        0.04222367
    19.4000000        0.65447917        0.04715306
    19.4500000        0.67135417        0.04793393
    19.5000000        0.69979167        0.05471867
    19.5500000        0.71927083        0.05779936
    19.6000000        0.73104167        0.05881180
    19.6500000        0.74791667        0.05568074
    19.7000000        0.77145833        0.04843545
    19.7500000        0.79854167        0.04951282
    19.8000000        0.82479167        0.05012918
    19.8500000        0.85854167        0.05662235
    19.9000000        0.90229167        0.06442086
    19.9500000        0.93822917        0.06546272
    20.0000000        0.98041667        0.06815100
