     0.0000000        2.00000000        0.00000005
     0.1000000        1.75922529        0.00665098
     0.2000000        1.57043377        0.01578027
     0.3000000        1.41299574        0.01586950
     0.4000000        1.28532086        0.01870667
     0.5000000        1.17483010        0.02249827
     0.6000000        1.08370740        0.02522417
     0.7000000        1.00991188        0.02988343
     0.8000000        0.93796335        0.02455927
     0.9000000        0.86931202        0.02254818
     1.0000000        0.80592653        0.02327810
     1.1000000        0.73987867        0.02593728
     1.2000000        0.68597696        0.02762452
     1.3000000        0.64097141        0.02108333
     1.4000000        0.59124431        0.02263327
     1.5000000        0.55026297        0.02695492
     1.6000000        0.51170461        0.02358977
     1.7000000        0.48532484        0.02107594
     1.8000000        0.45679352        0.01845242
     1.9000000        0.42455759        0.01241456
     2.0000000        0.38997029        0.02211020
     2.1000000        0.36293540        0.01556432
     2.2000000        0.34611130        0.02058710
     2.3000000        0.31413140        0.01450913
     2.4000000        0.28830852        0.01469743
     2.5000000        0.26367837        0.01164241
     2.6000000        0.24387808        0.00858185
     2.7000000        0.22892186        0.01158225
     2.8000000        0.22118469        0.01481517
     2.9000000        0.20335096        0.02588566
     3.0000000        0.19800257        0.02926651
     3.1000000        0.18271246        0.02358735
     3.2000000        0.16794840        0.01533734
     3.3000000        0.16206530        0.01617837
     3.4000000        0.14932999        0.01232139
     3.5000000        0.14503792        0.01591789
     3.6000000        0.13964718        0.01371980
     3.7000000        0.13371158        0.00964933
     3.8000000        0.12988518        0.00469696
     3.9000000        0.12607028        0.00512683
     4.0000000        0.12822118        0.00509580
     4.1000000        0.12591024        0.01041984
     4.2000000        0.12399043        0.00777869
     4.3000000        0.11813873        0.01102113
     4.4000000        0.11270231        0.01161534
     4.5000000        0.10972265        0.01306158
     4.6000000        0.10534183        0.00899951
     4.7000000        0.10669628        0.00689897
     4.8000000        0.10109103        0.00370515
     4.9000000        0.09529558        0.00658663
     5.0000000        0.09508160        0.00923505
     5.1000000        0.09551113        0.00398970
     5.2000000        0.09355668        0.00713638
     5.3000000        0.10334932        0.00707738
     5.4000000        0.11115797        0.00746940
     5.5000000        0.10355143        0.00892401
     5.6000000        0.10987261        0.00818177
     5.7000000        0.10946233        0.00996266
     5.8000000        0.11494475        0.00918697
     5.9000000        0.12386912        0.00801173
     6.0000000        0.12394224        0.01056938
     6.1000000        0.13279437        0.01653008
     6.2000000        0.14150422        0.01267077
     6.3000000        0.14815344        0.01704726
     6.4000000        0.16075157        0.01618722
     6.5000000        0.17215516        0.01685126
     6.6000000        0.18062347        0.01295141
     6.7000000        0.18682737        0.01088846
     6.8000000        0.19535108        0.01004367
     6.9000000        0.20430626        0.01446993
     7.0000000        0.21130972        0.00879197
     7.1000000        0.22890221        0.01114209
     7.2000000        0.24334367        0.00863237
     7.3000000        0.25730717        0.01356312
     7.4000000        0.27891612        0.01401937
     7.5000000        0.29614335        0.00531669
     7.6000000        0.31552347        0.00530328
     7.7000000        0.33771509        0.01271449
     7.8000000        0.36153670        0.01171866
     7.9000000        0.39304239        0.01971332
     8.0000000        0.41503094        0.01936474
     8.1000000        0.44939689        0.01687757
     8.2000000        0.47598682        0.01841635
     8.3000000        0.50366750        0.01585748
     8.4000000        0.54103003        0.01693436
     8.5000000        0.57308700        0.02398870
     8.6000000        0.62348285        0.01912554
     8.7000000        0.66722641        0.02586508
     8.8000000        0.70913376        0.02403309
     8.9000000        0.76860119        0.01541642
     9.0000000        0.81803906        0.00144476
     9.1000000        0.88376994        0.00802706
     9.2000000        0.94712162        0.00910319
     9.3000000        1.01204857        0.01443221
     9.4000000        1.11534928        0.01494593
     9.5000000        1.20529181        0.00811174
     9.6000000        1.30955482        0.01468268
     9.7000000        1.42732868        0.00087376
     9.8000000        1.57708240        0.00368403
     9.9000000        1.76459463        0.00231858
    10.0000000        2.00000000        0.00000005
