     0.0000000        0.17069593        0.01839337
     0.0500000        0.14245827        0.01746360
     0.1000000        0.11979099        0.01724018
     0.1500000        0.09900418        0.01610377
     0.2000000        0.08337285        0.01370613
     0.2500000        0.07077976        0.01204688
     0.3000000        0.05616273        0.01300494
     0.3500000        0.04146842        0.01481795
     0.4000000        0.03343871        0.01396017
     0.4500000        0.02763897        0.01269410
     0.5000000        0.01887188        0.01069134
     0.5500000        0.01456589        0.01098206
     0.6000000        0.01001779        0.00952320
     0.6500000        0.00708309        0.00963783
     0.7000000        0.00131260        0.01082605
     0.7500000       -0.00033577        0.01329617
     0.8000000       -0.00200522        0.01186274
     0.8500000       -0.00293399        0.01061994
     0.9000000       -0.00316124        0.01219149
     0.9500000       -0.00045456        0.01168568
     1.0000000        0.00015133        0.01174524
     1.0500000       -0.00042982        0.01296607
     1.1000000       -0.00137630        0.01353906
     1.1500000       -0.00055528        0.01332667
     1.2000000        0.00167021        0.01241568
     1.2500000        0.01003931        0.01095427
     1.3000000        0.01748717        0.00917223
     1.3500000        0.02081218        0.00925196
     1.4000000        0.01885323        0.00892250
     1.4500000        0.01928082        0.00877337
     1.5000000        0.02085640        0.00785780
     1.5500000        0.01976733        0.00797644
     1.6000000        0.02173439        0.00800141
     1.6500000        0.02112063        0.00793899
     1.7000000        0.01858981        0.00867679
     1.7500000        0.01200128        0.00894958
     1.8000000        0.01214886        0.00896983
     1.8500000        0.00596371        0.00892777
     1.9000000        0.00228686        0.00942861
     1.9500000        0.00104624        0.00942273
     2.0000000       -0.00211353        0.01022376
     2.0500000       -0.00354674        0.00919502
     2.1000000       -0.00400626        0.00849052
     2.1500000       -0.00639608        0.00809394
     2.2000000       -0.00846310        0.00786676
     2.2500000       -0.01085191        0.00795169
     2.3000000       -0.00952538        0.00808337
     2.3500000       -0.01025044        0.00874687
     2.4000000       -0.00955002        0.00895176
     2.4500000       -0.00938250        0.00961554
     2.5000000       -0.00950611        0.01056992
     2.5500000       -0.00750828        0.01060324
     2.6000000       -0.00601062        0.01147307
     2.6500000       -0.00911745        0.01166453
     2.7000000       -0.00878446        0.01168695
     2.7500000       -0.00748245        0.01069732
     2.8000000       -0.00935861        0.01039386
     2.8500000       -0.00886339        0.01124612
     2.9000000       -0.00542474        0.01252148
     2.9500000       -0.00768761        0.01275849
     3.0000000       -0.01015239        0.01166791
     3.0500000       -0.01128858        0.01186927
     3.1000000       -0.01564417        0.01175777
     3.1500000       -0.02027589        0.01293945
     3.2000000       -0.01771664        0.01139907
     3.2500000       -0.01550858        0.01151575
     3.3000000       -0.01286559        0.01207390
     3.3500000       -0.01292045        0.01250263
     3.4000000       -0.01463118        0.01169481
     3.4500000       -0.01745314        0.01207528
     3.5000000       -0.02056214        0.01306676
     3.5500000       -0.02382139        0.01291878
     3.6000000       -0.02147036        0.01189882
     3.6500000       -0.01972640        0.01055319
     3.7000000       -0.01909695        0.00898818
     3.7500000       -0.01719467        0.00944762
     3.8000000       -0.01690262        0.00991632
     3.8500000       -0.01417184        0.00992585
     3.9000000       -0.01340625        0.00893933
     3.9500000       -0.01329557        0.00910775
     4.0000000       -0.01408201        0.00859475
     4.0500000       -0.01609675        0.00846305
     4.1000000       -0.01663530        0.00961770
     4.1500000       -0.01585540        0.01113079
     4.2000000       -0.01645570        0.01057055
     4.2500000       -0.01873173        0.01070898
     4.3000000       -0.01666589        0.01139984
     4.3500000       -0.01733228        0.01210709
     4.4000000       -0.01687309        0.01280252
     4.4500000       -0.01532974        0.01323957
     4.5000000       -0.01620972        0.01163184
     4.5500000       -0.01784737        0.01152613
     4.6000000       -0.01317537        0.01140103
     4.6500000       -0.00953003        0.01207167
     4.7000000       -0.00576090        0.01220129
     4.7500000       -0.00051140        0.01383670
     4.8000000        0.00153079        0.01490286
     4.8500000        0.00616887        0.01355074
     4.9000000        0.00668031        0.01157036
     4.9500000        0.00666147        0.01042286
     5.0000000        0.00364445        0.00886186
     5.0500000        0.00253815        0.00697844
     5.1000000        0.00699881        0.00698396
     5.1500000        0.00955565        0.00721849
     5.2000000        0.00770292        0.00743697
     5.2500000        0.00864250        0.00806132
     5.3000000        0.00953296        0.00852335
     5.3500000        0.01033520        0.00947099
     5.4000000        0.00963027        0.00987752
     5.4500000        0.00976844        0.01039913
     5.5000000        0.00673018        0.00896214
     5.5500000        0.00450337        0.00841221
     5.6000000        0.00181535        0.00521152
     5.6500000        0.00092711        0.00388393
     5.7000000        0.00078238        0.00269878
     5.7500000        0.00264401        0.00366286
     5.8000000        0.00645281        0.00490789
     5.8500000        0.00731672        0.00596459
     5.9000000        0.00820548        0.00709713
     5.9500000        0.00651425        0.00721309
     6.0000000        0.00723848        0.00726420
     6.0500000        0.00581847        0.00649662
     6.1000000        0.00646457        0.00687066
     6.1500000        0.00812605        0.00591950
     6.2000000        0.00651797        0.00679121
     6.2500000        0.01012354        0.00817553
     6.3000000        0.01149696        0.00936836
     6.3500000        0.01192332        0.00945950
     6.4000000        0.01167814        0.00950767
     6.4500000        0.01231296        0.00949628
     6.5000000        0.00791271        0.00903952
     6.5500000        0.00338945        0.00973150
     6.6000000        0.00084514        0.01109631
     6.6500000       -0.00089611        0.01156356
     6.7000000        0.00199031        0.01203377
     6.7500000        0.00124449        0.01243243
     6.8000000       -0.00114572        0.01232830
     6.8500000        0.00062772        0.01017448
     6.9000000        0.00227252        0.01120324
     6.9500000        0.00445283        0.01234500
     7.0000000        0.00763055        0.01295427
     7.0500000        0.00751107        0.01222469
     7.1000000        0.00961103        0.01274486
     7.1500000        0.00811406        0.01227041
     7.2000000        0.00064025        0.00983958
     7.2500000       -0.00209497        0.00884419
     7.3000000       -0.00528626        0.00642522
     7.3500000       -0.00571627        0.00625849
     7.4000000       -0.00733505        0.00723736
     7.4500000       -0.00498027        0.00720904
     7.5000000       -0.00454378        0.00786787
     7.5500000       -0.00013318        0.00827001
     7.6000000        0.00168973        0.00868439
     7.6500000        0.00052502        0.00844605
     7.7000000        0.00327270        0.00905464
     7.7500000        0.00278364        0.00911695
     7.8000000        0.00261431        0.00871979
     7.8500000        0.00162740        0.00812587
     7.9000000        0.00363282        0.00746846
     7.9500000        0.00463148        0.00700803
     8.0000000        0.00282361        0.00703530
     8.0500000        0.00153135        0.00619560
     8.1000000        0.00167088        0.00569377
     8.1500000        0.00105160        0.00551049
     8.2000000        0.00222289        0.00613543
     8.2500000        0.00225609        0.00646024
     8.3000000        0.00143016        0.00673942
     8.3500000        0.00435254        0.00636924
     8.4000000        0.00721947        0.00681248
     8.4500000        0.01137056        0.00767862
     8.5000000        0.01215648        0.00812872
     8.5500000        0.01052699        0.00796818
     8.6000000        0.00720236        0.00752762
     8.6500000        0.00773779        0.00707329
     8.7000000        0.00634713        0.00684755
     8.7500000        0.00601207        0.00716423
     8.8000000        0.00336164        0.00727786
     8.8500000        0.00381226        0.00765447
     8.9000000        0.00492028        0.00634443
     8.9500000        0.00493556        0.00548348
     9.0000000        0.00434501        0.00616436
     9.0500000        0.00239318        0.00666161
     9.1000000        0.00019629        0.00599537
     9.1500000        0.00411997        0.00585825
     9.2000000        0.00585373        0.00659394
     9.2500000        0.00519402        0.00690505
     9.3000000        0.00406588        0.00748086
     9.3500000        0.00415425        0.00768020
     9.4000000        0.00573091        0.00719863
     9.4500000        0.00445626        0.00681880
     9.5000000        0.00719706        0.00747478
     9.5500000        0.01062076        0.00840317
     9.6000000        0.00861554        0.00951784
     9.6500000        0.01047114        0.01009935
     9.7000000        0.01067081        0.01108780
     9.7500000        0.00717249        0.01075961
     9.8000000        0.00680575        0.01167585
     9.8500000        0.00530949        0.01270341
     9.9000000        0.00110893        0.01333863
     9.9500000        0.00093021        0.01361577
    10.0000000       -0.00134357        0.01328983
    10.0500000       -0.00417505        0.01387639
    10.1000000       -0.00747650        0.01412909
    10.1500000       -0.01077009        0.01268730
    10.2000000       -0.01091255        0.01052850
    10.2500000       -0.00669285        0.00987096
    10.3000000       -0.00460513        0.00919128
    10.3500000       -0.00578518        0.00805191
    10.4000000       -0.00866841        0.00788329
    10.4500000       -0.00744820        0.00856075
    10.5000000       -0.00730660        0.00875619
    10.5500000       -0.00609962        0.00832675
    10.6000000       -0.00632671        0.00678868
    10.6500000       -0.00664826        0.00504742
    10.7000000       -0.00780494        0.00497222
    10.7500000       -0.00876628        0.00558323
    10.8000000       -0.01065176        0.00557582
    10.8500000       -0.01145510        0.00523403
    10.9000000       -0.01054118        0.00494059
    10.9500000       -0.01213667        0.00590180
    11.0000000       -0.01436732        0.00678463
    11.0500000       -0.01465176        0.00752079
    11.1000000       -0.01254448        0.00801517
    11.1500000       -0.01094293        0.00811856
    11.2000000       -0.00572892        0.00752323
    11.2500000       -0.00163964        0.00755019
    11.3000000        0.00104518        0.00834375
    11.3500000        0.00164480        0.00946583
    11.4000000        0.00141235        0.00981148
    11.4500000        0.00094839        0.01035782
    11.5000000        0.00056376        0.01243248
    11.5500000        0.00064282        0.01283194
    11.6000000       -0.00019434        0.01228316
    11.6500000        0.00096047        0.01156816
    11.7000000        0.00191294        0.01132021
    11.7500000        0.00403954        0.01171265
    11.8000000        0.00348538        0.01204924
    11.8500000        0.00075713        0.01086836
    11.9000000        0.00037038        0.01108041
    11.9500000        0.00108410        0.01148545
    12.0000000        0.00154021        0.01162503
    12.0500000        0.00053083        0.01086905
    12.1000000        0.00132180        0.01011693
    12.1500000        0.00650584        0.00988983
    12.2000000        0.00993129        0.01054662
    12.2500000        0.01114114        0.01107302
    12.3000000        0.01170882        0.01101407
    12.3500000        0.01142813        0.01114896
    12.4000000        0.00908217        0.01137124
    12.4500000        0.00432828        0.01178277
    12.5000000        0.00451955        0.01193675
    12.5500000       -0.00132243        0.01212064
    12.6000000       -0.00195756        0.01219963
    12.6500000       -0.00377971        0.01246482
    12.7000000       -0.00696022        0.01313473
    12.7500000       -0.00809211        0.01313040
    12.8000000       -0.00747811        0.01225677
    12.8500000       -0.00805323        0.01250844
    12.9000000       -0.00741767        0.01136449
    12.9500000       -0.00888913        0.01074422
    13.0000000       -0.01096305        0.01012086
    13.0500000       -0.00998142        0.00985046
    13.1000000       -0.00588696        0.00922918
    13.1500000       -0.00891934        0.01019546
    13.2000000       -0.00937908        0.01016181
    13.2500000       -0.01050436        0.01062063
    13.3000000       -0.00992240        0.00996952
    13.3500000       -0.01238905        0.01091536
    13.4000000       -0.01272949        0.01035032
    13.4500000       -0.01243914        0.01019747
    13.5000000       -0.00738311        0.00855691
    13.5500000       -0.00458353        0.00756076
    13.6000000       -0.00264102        0.00752123
    13.6500000       -0.00064484        0.00786203
    13.7000000       -0.00008478        0.00835003
    13.7500000       -0.00181601        0.00909703
    13.8000000       -0.00179073        0.01011183
    13.8500000       -0.00113503        0.01069774
    13.9000000       -0.00239396        0.01114675
    13.9500000       -0.00606327        0.01312535
    14.0000000       -0.00696141        0.01186564
    14.0500000       -0.00907354        0.01184149
    14.1000000       -0.01037515        0.01252242
    14.1500000       -0.00668295        0.01178191
    14.2000000       -0.00535682        0.01115182
    14.2500000       -0.00388635        0.01113206
    14.3000000        0.00017343        0.01035818
    14.3500000        0.00718384        0.00920492
    14.4000000        0.00907906        0.00874285
    14.4500000        0.00944927        0.00891019
    14.5000000        0.01216606        0.00766132
    14.5500000        0.01384308        0.00768059
    14.6000000        0.01525142        0.00831479
    14.6500000        0.01630526        0.00904861
    14.7000000        0.01388933        0.01004152
    14.7500000        0.00848385        0.01118461
    14.8000000        0.00633705        0.01170056
    14.8500000        0.00866150        0.01099734
    14.9000000        0.00691353        0.01180915
    14.9500000        0.00637332        0.01214538
    15.0000000        0.00446932        0.01239506
    15.0500000        0.00334978        0.01258803
    15.1000000        0.00415172        0.01348967
    15.1500000        0.00529447        0.01453531
    15.2000000        0.00072777        0.01634609
    15.2500000       -0.00334523        0.01734998
    15.3000000       -0.00100213        0.01782879
    15.3500000       -0.00084150        0.01849863
    15.4000000       -0.00146867        0.01799422
    15.4500000       -0.00147857        0.01760203
    15.5000000       -0.00163252        0.01680430
    15.5500000       -0.00129115        0.01631406
    15.6000000       -0.00233014        0.01738160
    15.6500000       -0.00439587        0.01716078
    15.7000000       -0.00571844        0.01488621
    15.7500000       -0.00866571        0.01456626
    15.8000000       -0.00948792        0.01512392
    15.8500000       -0.01222867        0.01545338
    15.9000000       -0.01200636        0.01558544
    15.9500000       -0.00949877        0.01587541
    16.0000000       -0.00878403        0.01646773
    16.0500000       -0.01027226        0.01615517
    16.1000000       -0.00816180        0.01554906
    16.1500000       -0.00615177        0.01546118
    16.2000000       -0.00295070        0.01486977
    16.2500000       -0.00018580        0.01401895
    16.3000000        0.00095939        0.01292200
    16.3500000       -0.00079809        0.01170870
    16.4000000        0.00112963        0.01144811
    16.4500000        0.00252394        0.01098520
    16.5000000        0.00485058        0.01037488
    16.5500000        0.00702682        0.00934449
    16.6000000        0.01196985        0.00908397
    16.6500000        0.01282410        0.01008789
    16.7000000        0.01586242        0.01147869
    16.7500000        0.01483992        0.01105651
    16.8000000        0.01832488        0.01150410
    16.8500000        0.02278208        0.01269738
    16.9000000        0.02783051        0.01339938
    16.9500000        0.03064630        0.01468745
    17.0000000        0.02850481        0.01603992
    17.0500000        0.03034233        0.01711851
    17.1000000        0.02987676        0.01807258
    17.1500000        0.03631393        0.01925094
    17.2000000        0.03780589        0.02073359
    17.2500000        0.03294252        0.02146129
    17.3000000        0.02784484        0.02257501
    17.3500000        0.02582287        0.02368754
    17.4000000        0.02265729        0.02438864
    17.4500000        0.02168434        0.02297684
    17.5000000        0.02031937        0.02341114
    17.5500000        0.02366656        0.02161013
    17.6000000        0.02493140        0.02047795
    17.6500000        0.02237422        0.01928834
    17.7000000        0.02328249        0.01989726
    17.7500000        0.02163543        0.02066997
    17.8000000        0.02610384        0.02101027
    17.8500000        0.02906858        0.02170467
    17.9000000        0.03473971        0.02209540
    17.9500000        0.03907273        0.02219309
    18.0000000        0.04102559        0.02328824
    18.0500000        0.03750429        0.02200703
    18.1000000        0.03916337        0.02192500
    18.1500000        0.04175049        0.02408133
    18.2000000        0.04190598        0.02317262
    18.2500000        0.05051534        0.02066815
    18.3000000        0.05724551        0.02074141
    18.3500000        0.06301955        0.02060170
    18.4000000        0.07212647        0.02295633
    18.4500000        0.07880451        0.02505089
    18.5000000        0.08599783        0.02815662
    18.5500000        0.09117633        0.02885642
    18.6000000        0.10118103        0.02993885
    18.6500000        0.11621873        0.03228469
    18.7000000        0.12782530        0.03420780
    18.7500000        0.13259718        0.03540458
    18.8000000        0.13366742        0.03734402
    18.8500000        0.13624322        0.03903434
    18.9000000        0.14485841        0.04027855
    18.9500000        0.15804628        0.03978243
    19.0000000        0.17734733        0.03817726
    19.0500000        0.20459981        0.03591783
    19.1000000        0.23140506        0.03691840
    19.1500000        0.26935073        0.03623533
    19.2000000        0.30385603        0.03704445
    19.2500000        0.34219976        0.03626108
    19.3000000        0.38189406        0.03348596
    19.3500000        0.42329779        0.03043153
    19.4000000        0.47252797        0.02684654
    19.4500000        0.52056957        0.02567696
    19.5000000        0.57960324        0.02492221
    19.5500000        0.64304562        0.02537703
    19.6000000        0.71456804        0.02648615
    19.6500000        0.79017966        0.02840676
    19.7000000        0.88800886        0.02646315
    19.7500000        1.00169890        0.02280809
    19.8000000        1.12056261        0.02034657
    19.8500000        1.26052257        0.02014789
    19.9000000        1.42758090        0.01961300
    19.9500000        1.61207136        0.02026416
    20.0000000        1.82930407        0.01839337
