     0.0000000        1.00000000        0.00000000
     0.1000000        0.79579545        0.00100985
     0.2000000        0.64519810        0.00176011
     0.3000000        0.53059741        0.00185710
     0.4000000        0.44431046        0.00204808
     0.5000000        0.37523203        0.00228401
     0.6000000        0.32171632        0.00247893
     0.7000000        0.27682167        0.00228524
     0.8000000        0.23954825        0.00231801
     0.9000000        0.20786057        0.00264613
     1.0000000        0.18146303        0.00266111
     1.1000000        0.15922884        0.00274482
     1.2000000        0.14149446        0.00205620
     1.3000000        0.12420767        0.00196897
     1.4000000        0.11050677        0.00158189
     1.5000000        0.09787203        0.00150883
     1.6000000        0.08723432        0.00153765
     1.7000000        0.07787954        0.00186463
     1.8000000        0.06930853        0.00196407
     1.9000000        0.06171885        0.00173027
     2.0000000        0.05488545        0.00141730
     2.1000000        0.04884392        0.00163476
     2.2000000        0.04461840        0.00173391
     2.3000000        0.04059023        0.00185089
     2.4000000        0.03698724        0.00156060
     2.5000000        0.03343316        0.00135381
     2.6000000        0.02981170        0.00116626
     2.7000000        0.02741120        0.00115855
     2.8000000        0.02502203        0.00128284
     2.9000000        0.02299370        0.00127054
     3.0000000        0.02090898        0.00115943
     3.1000000        0.01923901        0.00116522
     3.2000000        0.01821357        0.00098046
     3.3000000        0.01682461        0.00064823
     3.4000000        0.01598271        0.00073462
     3.5000000        0.01505409        0.00097476
     3.6000000        0.01380344        0.00108348
     3.7000000        0.01295648        0.00089697
     3.8000000        0.01274036        0.00099775
     3.9000000        0.01167489        0.00094615
     4.0000000        0.01096701        0.00091801
     4.1000000        0.01148660        0.00094757
     4.2000000        0.01077430        0.00088217
     4.3000000        0.01032310        0.00092111
     4.4000000        0.00883469        0.00083564
     4.5000000        0.00904228        0.00082965
     4.6000000        0.00846386        0.00078482
     4.7000000        0.00755655        0.00089076
     4.8000000        0.00671048        0.00086971
     4.9000000        0.00700612        0.00097089
     5.0000000        0.00675931        0.00091353
     5.1000000        0.00622626        0.00109605
     5.2000000        0.00684489        0.00107809
     5.3000000        0.00726624        0.00098991
     5.4000000        0.00812410        0.00085725
     5.5000000        0.00952475        0.00093894
     5.6000000        0.00952523        0.00118877
     5.7000000        0.00923794        0.00128082
     5.8000000        0.00984986        0.00139378
     5.9000000        0.01023976        0.00122999
     6.0000000        0.01089165        0.00121707
     6.1000000        0.01172335        0.00131528
     6.2000000        0.01243360        0.00121494
     6.3000000        0.01459992        0.00135216
     6.4000000        0.01627464        0.00129768
     6.5000000        0.01715198        0.00117466
     6.6000000        0.01804750        0.00121284
     6.7000000        0.01873064        0.00105608
     6.8000000        0.01972513        0.00103716
     6.9000000        0.02142844        0.00107759
     7.0000000        0.02321303        0.00088907
     7.1000000        0.02488774        0.00112470
     7.2000000        0.02782748        0.00112853
     7.3000000        0.02948702        0.00134239
     7.4000000        0.03250783        0.00149997
     7.5000000        0.03487134        0.00133820
     7.6000000        0.03850432        0.00123743
     7.7000000        0.04315232        0.00112978
     7.8000000        0.04775605        0.00140137
     7.9000000        0.05362668        0.00133261
     8.0000000        0.06057944        0.00133177
     8.1000000        0.06589510        0.00121406
     8.2000000        0.07207305        0.00144785
     8.3000000        0.08114422        0.00145171
     8.4000000        0.09117294        0.00111309
     8.5000000        0.10114092        0.00133642
     8.6000000        0.11328853        0.00111712
     8.7000000        0.12559346        0.00106315
     8.8000000        0.14117269        0.00141265
     8.9000000        0.16091199        0.00142674
     9.0000000        0.18267164        0.00161110
     9.1000000        0.20824058        0.00184603
     9.2000000        0.23937547        0.00199880
     9.3000000        0.27513575        0.00147750
     9.4000000        0.32003336        0.00149804
     9.5000000        0.37561557        0.00178881
     9.6000000        0.44342796        0.00143045
     9.7000000        0.53086033        0.00156844
     9.8000000        0.64463047        0.00146270
     9.9000000        0.79425234        0.00122700
    10.0000000        1.00000000        0.00000000
