     0.0000000        1.29487351        0.01196130
     0.1000000        1.07164381        0.01321844
     0.2000000        0.89186119        0.01385561
     0.3000000        0.74473013        0.00786710
     0.4000000        0.62515570        0.00242718
     0.5000000        0.52922812        0.00066100
     0.6000000        0.45050100        0.00177223
     0.7000000        0.38791288        0.00592475
     0.8000000        0.33551834        0.00723429
     0.9000000        0.29144100        0.01086178
     1.0000000        0.25147021        0.01135917
     1.1000000        0.21812783        0.01129918
     1.2000000        0.18974473        0.00986095
     1.3000000        0.16325819        0.00841662
     1.4000000        0.14079055        0.00725494
     1.5000000        0.11583038        0.00508120
     1.6000000        0.09716825        0.00757319
     1.7000000        0.08378760        0.01134686
     1.8000000        0.07075543        0.01387035
     1.9000000        0.06382954        0.01422102
     2.0000000        0.05528541        0.01294394
     2.1000000        0.04585402        0.00871330
     2.2000000        0.03970741        0.00366546
     2.3000000        0.03574163        0.00323276
     2.4000000        0.03122418        0.00376245
     2.5000000        0.03044137        0.00423212
     2.6000000        0.02856990        0.00770522
     2.7000000        0.02918113        0.00818080
     2.8000000        0.02477546        0.01025362
     2.9000000        0.01900417        0.00972596
     3.0000000        0.01457074        0.01136698
     3.1000000        0.01567904        0.01207724
     3.2000000        0.01710776        0.01129708
     3.3000000        0.01516954        0.01270087
     3.4000000        0.01466523        0.01517439
     3.5000000        0.01292080        0.01661643
     3.6000000        0.01200674        0.01672001
     3.7000000        0.00762528        0.01625235
     3.8000000        0.00359484        0.01424144
     3.9000000        0.00057624        0.00996345
     4.0000000       -0.00378259        0.00544571
     4.1000000       -0.01191145        0.00610522
     4.2000000       -0.01677396        0.00890856
     4.3000000       -0.01797933        0.01325642
     4.4000000       -0.01336347        0.01661547
     4.5000000       -0.00765663        0.01389860
     4.6000000       -0.00604928        0.01026952
     4.7000000       -0.00178419        0.01136879
     4.8000000       -0.00021925        0.01319667
     4.9000000        0.00404731        0.01383707
     5.0000000        0.00826370        0.01109302
     5.1000000        0.00593804        0.01164029
     5.2000000        0.00671648        0.00912291
     5.3000000        0.00693924        0.00647880
     5.4000000        0.00940671        0.00213655
     5.5000000        0.00835298        0.00371399
     5.6000000        0.00780315        0.00741362
     5.7000000        0.00912818        0.00710655
     5.8000000        0.01196497        0.00485238
     5.9000000        0.01731045        0.00387048
     6.0000000        0.01908240        0.00510291
     6.1000000        0.01935552        0.00453050
     6.2000000        0.02087819        0.00156551
     6.3000000        0.02548918        0.00335798
     6.4000000        0.02788963        0.00942409
     6.5000000        0.02604464        0.01137594
     6.6000000        0.02703460        0.01312330
     6.7000000        0.02812643        0.00779990
     6.8000000        0.03145921        0.00403582
     6.9000000        0.03277267        0.00379961
     7.0000000        0.03516099        0.00798578
     7.1000000        0.03947480        0.00985041
     7.2000000        0.04494538        0.01124594
     7.3000000        0.04537062        0.00977636
     7.4000000        0.04555235        0.00953503
     7.5000000        0.05029394        0.00892746
     7.6000000        0.05141321        0.01124664
     7.7000000        0.05216910        0.00827792
     7.8000000        0.05423022        0.00556251
     7.9000000        0.06237960        0.00557177
     8.0000000        0.07453180        0.00741562
     8.1000000        0.08666144        0.01084215
     8.2000000        0.10162682        0.01139989
     8.3000000        0.11578901        0.01328236
     8.4000000        0.13077489        0.01048361
     8.5000000        0.14900689        0.00619225
     8.6000000        0.16976922        0.00374007
     8.7000000        0.19511895        0.00566849
     8.8000000        0.21945252        0.00845595
     8.9000000        0.24847932        0.01070422
     9.0000000        0.28289234        0.01385890
     9.1000000        0.32591462        0.01533824
     9.2000000        0.37198887        0.01629853
     9.3000000        0.42519590        0.01742272
     9.4000000        0.48214895        0.01740441
     9.5000000        0.55482047        0.01767316
     9.6000000        0.64291621        0.01690219
     9.7000000        0.75140871        0.01350315
     9.8000000        0.88941787        0.01186165
     9.9000000        1.06693525        0.01015224
    10.0000000        1.29487351        0.01196130
