   1.0000000000000000                1          16
               (1.0000000000000004,0.0000000000000000)
  -1.5707963267948966       -1.5707963267948966     
        (0.37044666872932197,1.76791135625195541E-016)
  -1.5707963267948966        0.0000000000000000     
       (0.18775214456860745,-1.73531728332627688E-016)
  -1.5707963267948966        1.5707963267948966     
       (0.34548220442039346,-2.22044604925031308E-016)
  -1.5707963267948966        3.1415926535897931     
        (0.59670601130471956,7.82120466835617097E-016)
   0.0000000000000000       -1.5707963267948966     
        (0.29618155818161473,2.26267346499178836E-017)
   0.0000000000000000        0.0000000000000000     
               (15.988131029683844,0.0000000000000000)
   0.0000000000000000        1.5707963267948966     
       (0.29618155818161473,-2.26267346499178836E-017)
   0.0000000000000000        3.1415926535897931     
        (0.45156434126546330,9.70369236030172439E-016)
   1.5707963267948966       -1.5707963267948966     
        (0.34548220442039346,2.22044604925031308E-016)
   1.5707963267948966        0.0000000000000000     
        (0.18775214456860745,1.73531728332627688E-016)
   1.5707963267948966        1.5707963267948966     
       (0.37044666872932197,-1.76791135625195541E-016)
   1.5707963267948966        3.1415926535897931     
       (0.59670601130471956,-8.72627405435288533E-016)
   3.1415926535897931       -1.5707963267948966     
        (0.55405145713057635,8.83955678125977704E-017)
   3.1415926535897931        0.0000000000000000     
        (0.47697841860407453,9.85204172884932521E-016)
   3.1415926535897931        1.5707963267948966     
       (0.55405145713057657,-1.78902506412269280E-016)
   3.1415926535897931        3.1415926535897931     
         (2.3820861217761662,2.07651115338515526E-016)
   1.0000000000000000                1          16
               (1.0000000000000000,0.0000000000000000)
  -1.5707963267948966       -1.5707963267948966     
       (0.45426189740137624,-1.48795956723659659E-016)
  -1.5707963267948966        0.0000000000000000     
        (0.31206053511988885,1.26246633719534690E-015)
  -1.5707963267948966        1.5707963267948966     
        (0.40999636960609576,3.33066907387546962E-016)
  -1.5707963267948966        3.1415926535897931     
       (0.58316354256440284,-2.25653401292683792E-016)
   0.0000000000000000       -1.5707963267948966     
        (0.28595930201188446,6.85020641905665902E-016)
   0.0000000000000000        0.0000000000000000     
               (16.006009187823835,0.0000000000000000)
   0.0000000000000000        1.5707963267948966     
       (0.28595930201188446,-6.85020641905665902E-016)
   0.0000000000000000        3.1415926535897931     
        (0.38032044274937982,9.68353392203219511E-016)
   1.5707963267948966       -1.5707963267948966     
       (0.40999636960609576,-3.33066907387546962E-016)
   1.5707963267948966        0.0000000000000000     
       (0.31206053511988885,-1.26246633719534690E-015)
   1.5707963267948966        1.5707963267948966     
        (0.45426189740137624,1.48795956723659659E-016)
   1.5707963267948966        3.1415926535897931     
        (0.58316354256440284,1.50106092770395832E-016)
   3.1415926535897931       -1.5707963267948966     
       (0.57566244120384358,-5.73998339443150248E-016)
   3.1415926535897931        0.0000000000000000     
        (0.46954660777933899,9.70620439915474444E-016)
   3.1415926535897931        1.5707963267948966     
        (0.57566244120384358,4.98451030920862239E-016)
   3.1415926535897931        3.1415926535897931     
         (1.9019155858324592,1.43041578421301890E-016)
   1.0000000000000000                1          16
               (1.0000000000000000,0.0000000000000000)
  -1.5707963267948966       -1.5707963267948966     
       (0.45376631798282874,-4.82863251252564614E-016)
  -1.5707963267948966        0.0000000000000000     
       (0.30463275599677186,-6.97651809009821768E-017)
  -1.5707963267948966        1.5707963267948966     
        (0.41287337557801562,2.22044604925031308E-016)
  -1.5707963267948966        3.1415926535897931     
        (0.56394791845763970,4.41929919632444982E-016)
   0.0000000000000000       -1.5707963267948966     
        (0.28170952108092040,3.52453928088797961E-016)
   0.0000000000000000        0.0000000000000000     
               (16.020642752249131,0.0000000000000000)
   0.0000000000000000        1.5707963267948966     
       (0.28170952108092040,-3.52453928088797961E-016)
   0.0000000000000000        3.1415926535897931     
        (0.42779078916306335,9.72676608045812150E-016)
   1.5707963267948966       -1.5707963267948966     
       (0.41287337557801562,-2.22044604925031308E-016)
   1.5707963267948966        0.0000000000000000     
        (0.30463275599677186,6.97651809009821768E-017)
   1.5707963267948966        1.5707963267948966     
        (0.45376631798282874,4.82863251252564614E-016)
   1.5707963267948966        3.1415926535897931     
       (0.56394791845764014,-2.97433397512417670E-016)
   3.1415926535897931       -1.5707963267948966     
        (0.59021806351331163,8.68791398998874184E-016)
   3.1415926535897931        0.0000000000000000     
        (0.44123697470053169,9.70692662823192285E-016)
   3.1415926535897931        1.5707963267948966     
       (0.59021806351331163,-9.46339481803878179E-016)
   3.1415926535897931        3.1415926535897931     
         (1.8960335786682982,1.44065181237941050E-016)
   1.0000000000000000                1          16
               (1.0000000000000000,0.0000000000000000)
  -1.5707963267948966       -1.5707963267948966     
       (0.44877471297669558,-2.59764648053512395E-016)
  -1.5707963267948966        0.0000000000000000     
        (0.39497426972450156,3.73054217401937241E-016)
  -1.5707963267948966        1.5707963267948966     
       (0.40229062711697661,-6.66133814775093924E-016)
  -1.5707963267948966        3.1415926535897931     
        (0.45668856700567617,1.12122396689033139E-016)
   0.0000000000000000       -1.5707963267948966     
        (0.18374186509139245,6.84993836339334468E-016)
   0.0000000000000000        0.0000000000000000     
               (16.007596165492373,0.0000000000000000)
   0.0000000000000000        1.5707963267948966     
       (0.18374186509139245,-6.84993836339334468E-016)
   0.0000000000000000        3.1415926535897931     
        (0.24996709211544699,9.72986751572897781E-016)
   1.5707963267948966       -1.5707963267948966     
        (0.40229062711697661,6.66133814775093924E-016)
   1.5707963267948966        0.0000000000000000     
       (0.39497426972450156,-3.73054217401937241E-016)
   1.5707963267948966        1.5707963267948966     
        (0.44877471297669558,2.59764648053512395E-016)
   1.5707963267948966        3.1415926535897931     
        (0.45668856700567617,3.44821219790359946E-017)
   3.1415926535897931       -1.5707963267948966     
        (0.72231665531796230,3.14206885823306419E-016)
   3.1415926535897931        0.0000000000000000     
        (0.59349139629305581,9.68153039728905789E-016)
   3.1415926535897931        1.5707963267948966     
       (0.72231665531796230,-3.89646972080268593E-016)
   3.1415926535897931        3.1415926535897931     
         (1.9313719516327117,1.43785287585488685E-016)
   1.0000000000000000                1          16
               (1.0000000000000000,0.0000000000000000)
  -1.5707963267948966       -1.5707963267948966     
        (0.41367099627141546,2.93323632671647000E-016)
  -1.5707963267948966        0.0000000000000000     
        (0.30134094499261810,1.15423796306182809E-015)
  -1.5707963267948966        1.5707963267948966     
        (0.42347168663425250,3.33066907387546962E-016)
  -1.5707963267948966        3.1415926535897931     
       (0.54521120133009515,-1.00096279994791200E-015)
   0.0000000000000000       -1.5707963267948966     
        (0.29680168735793622,2.41916242282981289E-016)
   0.0000000000000000        0.0000000000000000     
               (16.013030830158321,0.0000000000000000)
   0.0000000000000000        1.5707963267948966     
       (0.29680168735793622,-2.41916242282981289E-016)
   0.0000000000000000        3.1415926535897931     
        (0.38229766078559690,9.67576604229750746E-016)
   1.5707963267948966       -1.5707963267948966     
       (0.42347168663425250,-3.33066907387546962E-016)
   1.5707963267948966        0.0000000000000000     
       (0.30134094499261810,-1.15423796306182809E-015)
   1.5707963267948966        1.5707963267948966     
       (0.41367099627141546,-2.93323632671647000E-016)
   1.5707963267948966        3.1415926535897931     
        (0.54521120133009493,1.14352085544114338E-015)
   3.1415926535897931       -1.5707963267948966     
        (0.58132564413780230,3.13195270029596981E-016)
   3.1415926535897931        0.0000000000000000     
        (0.53234240974335467,9.76208296573468324E-016)
   3.1415926535897931        1.5707963267948966     
       (0.58132564413780208,-3.92681819461396856E-016)
   3.1415926535897931        3.1415926535897931     
         (1.9486847778644880,1.56689635120769580E-016)
   1.0000000000000000                1          16
               (1.0000000000000000,0.0000000000000000)
  -1.5707963267948966       -1.5707963267948966     
       (0.37674756010768462,-3.83173911944419915E-016)
  -1.5707963267948966        0.0000000000000000     
        (0.24809161411071323,2.67510316648231159E-016)
  -1.5707963267948966        1.5707963267948966     
       (0.38903793609173964,-1.11022302462515654E-016)
  -1.5707963267948966        3.1415926535897931     
        (0.54437468315292814,4.48557529389529129E-016)
   0.0000000000000000       -1.5707963267948966     
        (0.22983889822487180,3.58120409665983439E-016)
   0.0000000000000000        0.0000000000000000     
               (16.017389239481457,0.0000000000000000)
   0.0000000000000000        1.5707963267948966     
       (0.22983889822487180,-3.58120409665983439E-016)
   0.0000000000000000        3.1415926535897931     
        (0.39558891465107149,9.76857910943627371E-016)
   1.5707963267948966       -1.5707963267948966     
        (0.38903793609173964,1.11022302462515654E-016)
   1.5707963267948966        0.0000000000000000     
       (0.24809161411071323,-2.67510316648231159E-016)
   1.5707963267948966        1.5707963267948966     
        (0.37674756010768462,3.83173911944419915E-016)
   1.5707963267948966        3.1415926535897931     
       (0.54437468315292814,-5.48771538503274936E-016)
   3.1415926535897931       -1.5707963267948966     
       (0.53312172970515403,-4.69142712128499044E-016)
   3.1415926535897931        0.0000000000000000     
        (0.46887119023544543,9.79109843146525033E-016)
   3.1415926535897931        1.5707963267948966     
        (0.53312172970515403,3.68928703014753236E-016)
   3.1415926535897931        3.1415926535897931     
         (2.4757258128458446,2.24166630938866620E-016)
   1.0000000000000000                1          16
               (1.0000000000000000,0.0000000000000000)
  -1.5707963267948966       -1.5707963267948966     
       (0.44417511995838443,-4.12557571661729764E-017)
  -1.5707963267948966        0.0000000000000000     
        (0.36952064838241716,3.74189230916685178E-016)
  -1.5707963267948966        1.5707963267948966     
              (0.43788664339109706,0.0000000000000000)
  -1.5707963267948966        3.1415926535897931     
        (0.45669261327997335,1.10647736680344328E-016)
   0.0000000000000000       -1.5707963267948966     
       (0.22424280241117955,-4.23461331266976128E-016)
   0.0000000000000000        0.0000000000000000     
               (16.014534919805346,0.0000000000000000)
   0.0000000000000000        1.5707963267948966     
        (0.22424280241117955,4.23461331266976128E-016)
   0.0000000000000000        3.1415926535897931     
        (0.35398317292296999,9.74820841431795341E-016)
   1.5707963267948966       -1.5707963267948966     
              (0.43788664339109706,0.0000000000000000)
   1.5707963267948966        0.0000000000000000     
       (0.36952064838241716,-3.74189230916685178E-016)
   1.5707963267948966        1.5707963267948966     
        (0.44417511995838443,4.12557571661729764E-017)
   1.5707963267948966        3.1415926535897931     
        (0.45669261327997335,2.88853539123409778E-017)
   3.1415926535897931       -1.5707963267948966     
        (0.64952270083196484,9.03944238794291658E-017)
   3.1415926535897931        0.0000000000000000     
        (0.57271775405283620,9.70423066758401861E-016)
   3.1415926535897931        1.5707963267948966     
       (0.64952270083196484,-1.72905938211775119E-016)
   3.1415926535897931        3.1415926535897931     
         (1.8946830967088166,1.53303520818198153E-016)
   1.0000000000000000                1          16
               (1.0000000000000000,0.0000000000000000)
  -1.5707963267948966       -1.5707963267948966     
       (0.43317147086844132,-1.54294406420570447E-016)
  -1.5707963267948966        0.0000000000000000     
        (0.27355750469688256,4.83834567675785111E-016)
  -1.5707963267948966        1.5707963267948966     
       (0.46346238788671135,-1.11022302462515654E-016)
  -1.5707963267948966        3.1415926535897931     
       (0.55420388433409618,-1.11006981502373125E-016)
   0.0000000000000000       -1.5707963267948966     
        (0.29126478003093048,4.65725261829090013E-016)
   0.0000000000000000        0.0000000000000000     
               (16.005819732380903,0.0000000000000000)
   0.0000000000000000        1.5707963267948966     
       (0.29126478003093048,-4.65725261829090013E-016)
   0.0000000000000000        3.1415926535897931     
        (0.46586407148380615,9.72930094291587325E-016)
   1.5707963267948966       -1.5707963267948966     
        (0.46346238788671135,1.11022302462515654E-016)
   1.5707963267948966        0.0000000000000000     
       (0.27355750469688256,-4.83834567675785111E-016)
   1.5707963267948966        1.5707963267948966     
        (0.43317147086844132,1.54294406420570447E-016)
   1.5707963267948966        3.1415926535897931     
        (0.55420388433409662,2.44627735862635874E-017)
   3.1415926535897931       -1.5707963267948966     
        (0.54802315376635646,8.93862504834882574E-017)
   3.1415926535897931        0.0000000000000000     
        (0.34453154113895945,9.67669135351570222E-016)
   3.1415926535897931        1.5707963267948966     
       (0.54802315376635669,-1.75930458399597795E-016)
   3.1415926535897931        3.1415926535897931     
         (2.0564182918294933,1.66477146117443527E-016)
   1.0000000000000000                1          16
               (1.0000000000000000,0.0000000000000000)
  -1.5707963267948966       -1.5707963267948966     
       (0.44948118883440380,-1.14566876396189471E-015)
  -1.5707963267948966        0.0000000000000000     
       (0.37019432487692372,-5.14464618579049935E-016)
  -1.5707963267948966        1.5707963267948966     
       (0.47343951919270078,-2.22044604925031308E-016)
  -1.5707963267948966        3.1415926535897931     
        (0.52783420640966439,5.48313070531458618E-016)
   0.0000000000000000       -1.5707963267948966     
        (0.26670938113983711,1.12794589429352562E-015)
   0.0000000000000000        0.0000000000000000     
               (16.014981860312286,0.0000000000000000)
   0.0000000000000000        1.5707963267948966     
       (0.26670938113983711,-1.12794589429352562E-015)
   0.0000000000000000        3.1415926535897931     
        (0.31523749489819275,9.67275064145086107E-016)
   1.5707963267948966       -1.5707963267948966     
        (0.47343951919270078,2.22044604925031308E-016)
   1.5707963267948966        0.0000000000000000     
        (0.37019432487692372,5.14464618579049935E-016)
   1.5707963267948966        1.5707963267948966     
        (0.44948118883440380,1.14566876396189471E-015)
   1.5707963267948966        3.1415926535897931     
       (0.52783420640966483,-3.97159944279903399E-016)
   3.1415926535897931       -1.5707963267948966     
        (0.63012564429794238,3.15344037719177878E-016)
   3.1415926535897931        0.0000000000000000     
        (0.55808945095941576,9.69472207167182099E-016)
   3.1415926535897931        1.5707963267948966     
       (0.63012564429794238,-3.86235516392654164E-016)
   3.1415926535897931        3.1415926535897931     
         (1.6761226643271607,1.16932495556319949E-016)
   1.0000000000000000                1          16
               (1.0000000000000000,0.0000000000000000)
  -1.5707963267948966       -1.5707963267948966     
        (0.47927962991140005,3.99382015176544729E-016)
  -1.5707963267948966        0.0000000000000000     
        (0.27730211855519782,3.78781141642665628E-016)
  -1.5707963267948966        1.5707963267948966     
       (0.46079280007208756,-4.44089209850062616E-016)
  -1.5707963267948966        3.1415926535897931     
        (0.52931749639129322,3.25748066855620716E-016)
   0.0000000000000000       -1.5707963267948966     
        (0.29712974767480738,2.44398202261790252E-016)
   0.0000000000000000        0.0000000000000000     
               (16.015879564334639,0.0000000000000000)
   0.0000000000000000        1.5707963267948966     
       (0.29712974767480738,-2.44398202261790252E-016)
   0.0000000000000000        3.1415926535897931     
        (0.38928152453655951,9.68138501406999949E-016)
   1.5707963267948966       -1.5707963267948966     
        (0.46079280007208756,4.44089209850062616E-016)
   1.5707963267948966        0.0000000000000000     
       (0.27730211855519782,-3.78781141642665628E-016)
   1.5707963267948966        1.5707963267948966     
       (0.47927962991140005,-3.99382015176544729E-016)
   1.5707963267948966        3.1415926535897931     
       (0.52931749639129322,-1.93117851277625280E-016)
   3.1415926535897931       -1.5707963267948966     
       (0.53986315023919040,-5.77465109649337214E-016)
   3.1415926535897931        0.0000000000000000     
        (0.53691923617808479,9.79606888210362663E-016)
   3.1415926535897931        1.5707963267948966     
        (0.53986315023919018,4.88050720302301440E-016)
   3.1415926535897931        3.1415926535897931     
         (1.8905497892627621,1.57302148993154166E-016)
   1.0000000000000000                1          16
               (1.0000000000000000,0.0000000000000000)
  -1.5707963267948966       -1.5707963267948966     
        (0.41020214076789896,6.77719933121143563E-017)
  -1.5707963267948966        0.0000000000000000     
        (0.25433425202279847,2.66811111006285158E-016)
  -1.5707963267948966        1.5707963267948966     
        (0.46794045372434478,1.11022302462515654E-016)
  -1.5707963267948966        3.1415926535897931     
        (0.61233757139100731,3.26810766525727929E-016)
   0.0000000000000000       -1.5707963267948966     
        (0.34801931324787061,6.87758969350294598E-016)
   0.0000000000000000        0.0000000000000000     
               (16.032203743512010,0.0000000000000000)
   0.0000000000000000        1.5707963267948966     
       (0.34801931324787061,-6.87758969350294598E-016)
   0.0000000000000000        3.1415926535897931     
        (0.40845223192836644,9.64079762009246596E-016)
   1.5707963267948966       -1.5707963267948966     
       (0.46794045372434478,-1.11022302462515654E-016)
   1.5707963267948966        0.0000000000000000     
       (0.25433425202279847,-2.66811111006285158E-016)
   1.5707963267948966        1.5707963267948966     
       (0.41020214076789896,-6.77719933121143563E-017)
   1.5707963267948966        3.1415926535897931     
       (0.61233757139100731,-4.13311384826530524E-016)
   3.1415926535897931       -1.5707963267948966     
       (0.45271412238703479,-1.32647457037716303E-016)
   3.1415926535897931        0.0000000000000000     
        (0.44370417263761130,9.77711431862632933E-016)
   3.1415926535897931        1.5707963267948966     
        (0.45271412238703479,4.61468387369137321E-017)
   3.1415926535897931        3.1415926535897931     
         (2.0245441448401018,1.69683466561152078E-016)
   1.0000000000000000                1          16
               (1.0000000000000000,0.0000000000000000)
  -1.5707963267948966       -1.5707963267948966     
       (0.47054011495357873,-7.03191652518615729E-016)
  -1.5707963267948966        0.0000000000000000     
        (0.28595270443545195,3.76206834957133231E-016)
  -1.5707963267948966        1.5707963267948966     
       (0.44949440521616602,-2.22044604925031308E-016)
  -1.5707963267948966        3.1415926535897931     
       (0.59024900318035711,-2.29822845018947685E-016)
   0.0000000000000000       -1.5707963267948966     
        (0.34392087634739599,2.40573523796792210E-016)
   0.0000000000000000        0.0000000000000000     
               (16.023619823805909,0.0000000000000000)
   0.0000000000000000        1.5707963267948966     
       (0.34392087634739599,-2.40573523796792210E-016)
   0.0000000000000000        3.1415926535897931     
        (0.42612174240041489,9.65138007754908277E-016)
   1.5707963267948966       -1.5707963267948966     
        (0.44949440521616602,2.22044604925031308E-016)
   1.5707963267948966        0.0000000000000000     
       (0.28595270443545195,-3.76206834957133231E-016)
   1.5707963267948966        1.5707963267948966     
        (0.47054011495357873,7.03191652518615729E-016)
   1.5707963267948966        3.1415926535897931     
        (0.59024900318035711,3.77751774456935433E-016)
   3.1415926535897931       -1.5707963267948966     
       (0.54841340781907366,-1.01772964103440189E-015)
   3.1415926535897931        0.0000000000000000     
        (0.46239691116740100,9.74458274839297770E-016)
   3.1415926535897931        1.5707963267948966     
        (0.54841340781907388,9.43613965547358278E-016)
   3.1415926535897931        3.1415926535897931     
         (1.7107204987222246,1.24462986859334908E-016)
   1.0000000000000000                1          16
               (1.0000000000000000,0.0000000000000000)
  -1.5707963267948966       -1.5707963267948966     
        (0.39036226239573490,7.05043772541369666E-017)
  -1.5707963267948966        0.0000000000000000     
        (0.25318375009509664,7.08366864490835333E-016)
  -1.5707963267948966        1.5707963267948966     
       (0.41785600517523669,-5.55111512312578270E-016)
  -1.5707963267948966        3.1415926535897931     
       (0.63448474229990781,-7.77882846749611753E-016)
   0.0000000000000000       -1.5707963267948966     
        (0.33171484471610646,5.75370474916767614E-016)
   0.0000000000000000        0.0000000000000000     
               (16.025357880833361,0.0000000000000000)
   0.0000000000000000        1.5707963267948966     
       (0.33171484471610646,-5.75370474916767614E-016)
   0.0000000000000000        3.1415926535897931     
        (0.47312149305305295,9.69617145520306904E-016)
   1.5707963267948966       -1.5707963267948966     
        (0.41785600517523669,5.55111512312578270E-016)
   1.5707963267948966        0.0000000000000000     
       (0.25318375009509664,-7.08366864490835333E-016)
   1.5707963267948966        1.5707963267948966     
       (0.39036226239573490,-7.05043772541369666E-017)
   1.5707963267948966        3.1415926535897931     
        (0.63448474229990737,9.18891601257885785E-016)
   3.1415926535897931       -1.5707963267948966     
       (0.49264513809960064,-6.86392777379283268E-016)
   3.1415926535897931        0.0000000000000000     
        (0.36550006686873593,9.72644519131608050E-016)
   3.1415926535897931        1.5707963267948966     
        (0.49264513809960064,6.05356926962525992E-016)
   3.1415926535897931        3.1415926535897931     
         (2.0955270736814882,1.69945212758314875E-016)
   1.0000000000000000                1          16
               (1.0000000000000002,0.0000000000000000)
  -1.5707963267948966       -1.5707963267948966     
        (0.42151717670384714,2.96175204748505511E-016)
  -1.5707963267948966        0.0000000000000000     
        (0.25738069081733705,1.52244580414587400E-016)
  -1.5707963267948966        1.5707963267948966     
       (0.41211127503430722,-1.11022302462515654E-016)
  -1.5707963267948966        3.1415926535897931     
       (0.64463895693733675,-2.24195242532432382E-016)
   0.0000000000000000       -1.5707963267948966     
        (0.34878788165322150,2.40490456244552034E-016)
   0.0000000000000000        0.0000000000000000     
               (16.007021739016828,0.0000000000000000)
   0.0000000000000000        1.5707963267948966     
       (0.34878788165322150,-2.40490456244552034E-016)
   0.0000000000000000        3.1415926535897931     
        (0.49552680688186979,9.67775466440632130E-016)
   1.5707963267948966       -1.5707963267948966     
        (0.41211127503430722,1.11022302462515654E-016)
   1.5707963267948966        0.0000000000000000     
       (0.25738069081733705,-1.52244580414587400E-016)
   1.5707963267948966        1.5707963267948966     
       (0.42151717670384714,-2.96175204748505511E-016)
   1.5707963267948966        3.1415926535897931     
        (0.64463895693733675,3.72456442179380838E-016)
   3.1415926535897931       -1.5707963267948966     
       (0.52044165453062052,-1.29468153782036380E-016)
   3.1415926535897931        0.0000000000000000     
        (0.35921577892187062,9.70622975604268873E-016)
   3.1415926535897931        1.5707963267948966     
        (0.52044165453062030,5.56847485039535268E-017)
   3.1415926535897931        3.1415926535897931     
         (1.9284804038260939,1.45827399808088847E-016)
