   -1.000000     -1.000000
  1    1        0.06656177        0.00240263       -0.00000000        0.00000000
   -1.000000      0.000000
  1    1       -0.15313760        0.00300870       -0.00000000        0.00000000
   -1.000000      1.000000
  1    1        0.06600099        0.00228371       -0.00000000        0.00000000
   -1.000000      2.000000
  1    1       -0.08534709        0.00223643       -0.00000000        0.00000000
    0.000000     -1.000000
  1    1       -0.15302929        0.00308903       -0.00000000        0.00000000
    0.000000      0.000000
  1    1        0.50000000        0.00000000        0.00000000        0.00000000
    0.000000      1.000000
  1    1       -0.15302929        0.00308903        0.00000000        0.00000000
    0.000000      2.000000
  1    1        0.06796034        0.00259050        0.00000000        0.00000000
    1.000000     -1.000000
  1    1        0.06600099        0.00228371       -0.00000000        0.00000000
    1.000000      0.000000
  1    1       -0.15313760        0.00300870        0.00000000        0.00000000
    1.000000      1.000000
  1    1        0.06656177        0.00240263       -0.00000000        0.00000000
    1.000000      2.000000
  1    1       -0.08534709        0.00223643        0.00000000        0.00000000
    2.000000     -1.000000
  1    1       -0.08674552        0.00243543        0.00000000        0.00000000
    2.000000      0.000000
  1    1        0.06766051        0.00261021        0.00000000        0.00000000
    2.000000      1.000000
  1    1       -0.08674552        0.00243543        0.00000000        0.00000000
    2.000000      2.000000
  1    1        0.06683286        0.00251288        0.00000000        0.00000000
