   -1.570796     -1.570796
  1    1        0.42494194        0.00806098       -0.00000000        0.00000000
   -1.570796      0.000000
  1    1        0.28856761        0.00730911        0.00000000        0.00000000
   -1.570796      1.570796
  1    1        0.42904438        0.00754145        0.00000000        0.00000000
   -1.570796      3.141593
  1    1        0.54996925        0.01333173        0.00000000        0.00000000
    0.000000     -1.570796
  1    1        0.29377267        0.00893894        0.00000000        0.00000000
    0.000000      0.000000
  1    1        0.01226780        0.00240056        0.00000000        0.00000000
    0.000000      1.570796
  1    1        0.29377267        0.00893894       -0.00000000        0.00000000
    0.000000      3.141593
  1    1        0.44661821        0.01429816        0.00000000        0.00000000
    1.570796     -1.570796
  1    1        0.42904438        0.00754145       -0.00000000        0.00000000
    1.570796      0.000000
  1    1        0.28856761        0.00730911       -0.00000000        0.00000000
    1.570796      1.570796
  1    1        0.42494194        0.00806098        0.00000000        0.00000000
    1.570796      3.141593
  1    1        0.54996925        0.01333173       -0.00000000        0.00000000
    3.141593     -1.570796
  1    1        0.56692685        0.01192874        0.00000000        0.00000000
    3.141593      0.000000
  1    1        0.42783124        0.01612356        0.00000000        0.00000000
    3.141593      1.570796
  1    1        0.56692685        0.01192874       -0.00000000        0.00000000
    3.141593      3.141593
  1    1        2.00683736        0.04260574        0.00000000        0.00000000
