           2 ( -29.702274057532243     ,  0.0000000000000000     )   1.0000000000000000     
           2 ( -29.281985505818209     ,  0.0000000000000000     )   1.0000000000000000     
           2 ( -29.541418191989671     ,  0.0000000000000000     )   1.0000000000000000     
           2 ( -29.834497845700366     ,  0.0000000000000000     )   1.0000000000000000     
           2 ( -29.154335274168517     ,  0.0000000000000000     )   1.0000000000000000     
           2 ( -28.546522371511781     ,  0.0000000000000000     )   1.0000000000000000     
           2 ( -29.314503268688391     ,  0.0000000000000000     )   1.0000000000000000     
           2 ( -28.828837510124714     ,  0.0000000000000000     )   1.0000000000000000     
           2 ( -29.796167215308881     ,  0.0000000000000000     )   1.0000000000000000     
           2 ( -29.537410554232192     ,  0.0000000000000000     )   1.0000000000000000     
           2 ( -28.946076820328209     ,  0.0000000000000000     )   1.0000000000000000     
           2 ( -29.677528516412604     ,  0.0000000000000000     )   1.0000000000000000     
           2 ( -28.639874407357226     ,  0.0000000000000000     )   1.0000000000000000     
           2 ( -29.374361802152162     ,  0.0000000000000000     )   1.0000000000000000     
           2 ( -28.616014206197587     ,  0.0000000000000000     )   1.0000000000000000     
           2 ( -29.382332281014868     ,  0.0000000000000000     )   1.0000000000000000     
           2 ( -30.191452482213954     ,  0.0000000000000000     )   1.0000000000000000     
           2 ( -30.490679230644368     ,  0.0000000000000000     )   1.0000000000000000     
           2 ( -29.867860682255991     ,  0.0000000000000000     )   1.0000000000000000     
           2 ( -29.565414268790054     ,  0.0000000000000000     )   1.0000000000000000     
           2 ( -29.443992177719814     ,  0.0000000000000000     )   1.0000000000000000     
           2 ( -29.216691829085612     ,  0.0000000000000000     )   1.0000000000000000     
           2 ( -29.197380515612714     ,  0.0000000000000000     )   1.0000000000000000     
           2 ( -29.150490995164542     ,  0.0000000000000000     )   1.0000000000000000     
           2 ( -29.843144011763037     ,  0.0000000000000000     )   1.0000000000000000     
           2 ( -30.113659222547241     ,  0.0000000000000000     )   1.0000000000000000     
           2 ( -29.608724781342076     ,  0.0000000000000000     )   1.0000000000000000     
           2 ( -30.228305352870397     ,  0.0000000000000000     )   1.0000000000000000     
           2 ( -29.555970322254829     ,  0.0000000000000000     )   1.0000000000000000     
           2 ( -29.331434813127412     ,  0.0000000000000000     )   1.0000000000000000     
           2 ( -29.880464456339087     ,  0.0000000000000000     )   1.0000000000000000     
           2 ( -29.966910108860905     ,  0.0000000000000000     )   1.0000000000000000     
           2 ( -29.508834172253632     ,  0.0000000000000000     )   1.0000000000000000     
           2 ( -30.058942583637876     ,  0.0000000000000000     )   1.0000000000000000     
