   -1.000000     -1.000000
  1    1       -0.00000000        0.00000000       -0.00000000        0.00000000
   -1.000000      0.000000
  1    1       -0.00000000        0.00000000        0.00000000        0.00000000
   -1.000000      1.000000
  1    1       -0.00000000        0.00000000       -0.00000000        0.00000000
   -1.000000      2.000000
  1    1       -0.00000000        0.00000000       -0.00000000        0.00000000
    0.000000     -1.000000
  1    1       -0.00000000        0.00000000       -0.00000000        0.00000000
    0.000000      0.000000
  1    1        0.00000000        0.00000000        0.00000000        0.00000000
    0.000000      1.000000
  1    1        0.00000000        0.00000000        0.00000000        0.00000000
    0.000000      2.000000
  1    1        0.00000000        0.00000000        0.00000000        0.00000000
    1.000000     -1.000000
  1    1        0.00000000        0.00000000       -0.00000000        0.00000000
    1.000000      0.000000
  1    1        0.00000000        0.00000000        0.00000000        0.00000000
    1.000000      1.000000
  1    1        0.00000000        0.00000000       -0.00000000        0.00000000
    1.000000      2.000000
  1    1        0.00000000        0.00000000       -0.00000000        0.00000000
    2.000000     -1.000000
  1    1       -0.00000000        0.00000000       -0.00000000        0.00000000
    2.000000      0.000000
  1    1       -0.00000000        0.00000000        0.00000000        0.00000000
    2.000000      1.000000
  1    1        0.00000000        0.00000000        0.00000000        0.00000000
    2.000000      2.000000
  1    1        0.00000000        0.00000000        0.00000000        0.00000000
