   -1.570796     -1.570796
  1    1        0.00000000        0.00000000       -0.00000000        0.00000000
   -1.570796      0.000000
  1    1        0.00000000        0.00000000        0.00000000        0.00000000
   -1.570796      1.570796
  1    1        0.00000000        0.00000000        0.00000000        0.00000000
   -1.570796      3.141593
  1    1        0.00000000        0.00000000       -0.00000000        0.00000000
    0.000000     -1.570796
  1    1        0.00000000        0.00000000        0.00000000        0.00000000
    0.000000      0.000000
  1    1        0.00000000        0.00000000        0.00000000        0.00000000
    0.000000      1.570796
  1    1        0.00000000        0.00000000       -0.00000000        0.00000000
    0.000000      3.141593
  1    1        0.00000000        0.00000000        0.00000000        0.00000000
    1.570796     -1.570796
  1    1        0.00000000        0.00000000        0.00000000        0.00000000
    1.570796      0.000000
  1    1        0.00000000        0.00000000       -0.00000000        0.00000000
    1.570796      1.570796
  1    1        0.00000000        0.00000000        0.00000000        0.00000000
    1.570796      3.141593
  1    1        0.00000000        0.00000000       -0.00000000        0.00000000
    3.141593     -1.570796
  1    1       -0.00000000        0.00000000        0.00000000        0.00000000
    3.141593      0.000000
  1    1        0.00000000        0.00000000        0.00000000        0.00000000
    3.141593      1.570796
  1    1        0.00000000        0.00000000       -0.00000000        0.00000000
    3.141593      3.141593
  1    1        0.00000000        0.00000000        0.00000000        0.00000000
