   1.0000000000000000                1          16
 (  1.0000000000000000     ,  0.0000000000000000     )
  -1.5707963267948966       -1.5707963267948966     
 (  0.0000000000000000     , -2.2884754904439333E-017)
  -1.5707963267948966        0.0000000000000000     
 (  0.0000000000000000     ,  4.8985871965894128E-016)
  -1.5707963267948966        1.5707963267948966     
 (  1.1102230246251565E-016,  0.0000000000000000     )
  -1.5707963267948966        3.1415926535897931     
 (  0.0000000000000000     , -2.2884754904439333E-017)
   0.0000000000000000       -1.5707963267948966     
 (  0.0000000000000000     ,  4.5553158730228231E-016)
   0.0000000000000000        0.0000000000000000     
 (  16.000000000000000     ,  0.0000000000000000     )
   0.0000000000000000        1.5707963267948966     
 (  0.0000000000000000     , -4.5553158730228231E-016)
   0.0000000000000000        3.1415926535897931     
 (  0.0000000000000000     ,  9.7971743931788257E-016)
   1.5707963267948966       -1.5707963267948966     
 (  1.1102230246251565E-016,  0.0000000000000000     )
   1.5707963267948966        0.0000000000000000     
 (  0.0000000000000000     , -4.8985871965894128E-016)
   1.5707963267948966        1.5707963267948966     
 (  0.0000000000000000     ,  2.2884754904439333E-017)
   1.5707963267948966        3.1415926535897931     
 (  0.0000000000000000     , -2.2884754904439284E-017)
   3.1415926535897931       -1.5707963267948966     
 ( -2.2204460492503131E-016,  9.9579925010295987E-017)
   3.1415926535897931        0.0000000000000000     
 (  0.0000000000000000     ,  9.7971743931788257E-016)
   3.1415926535897931        1.5707963267948966     
 (  0.0000000000000000     , -3.6739403974420594E-016)
   3.1415926535897931        3.1415926535897931     
 (  0.0000000000000000     ,  9.8607613152626476E-032)
   1.0000000000000000                1          16
 (  1.0000000000000000     ,  0.0000000000000000     )
  -1.5707963267948966       -1.5707963267948966     
 (  0.0000000000000000     , -2.2884754904439333E-017)
  -1.5707963267948966        0.0000000000000000     
 (  0.0000000000000000     ,  4.8985871965894128E-016)
  -1.5707963267948966        1.5707963267948966     
 (  1.1102230246251565E-016,  0.0000000000000000     )
  -1.5707963267948966        3.1415926535897931     
 (  0.0000000000000000     , -2.2884754904439333E-017)
   0.0000000000000000       -1.5707963267948966     
 (  0.0000000000000000     ,  4.5553158730228231E-016)
   0.0000000000000000        0.0000000000000000     
 (  16.000000000000000     ,  0.0000000000000000     )
   0.0000000000000000        1.5707963267948966     
 (  0.0000000000000000     , -4.5553158730228231E-016)
   0.0000000000000000        3.1415926535897931     
 (  0.0000000000000000     ,  9.7971743931788257E-016)
   1.5707963267948966       -1.5707963267948966     
 (  1.1102230246251565E-016,  0.0000000000000000     )
   1.5707963267948966        0.0000000000000000     
 (  0.0000000000000000     , -4.8985871965894128E-016)
   1.5707963267948966        1.5707963267948966     
 (  0.0000000000000000     ,  2.2884754904439333E-017)
   1.5707963267948966        3.1415926535897931     
 (  0.0000000000000000     , -2.2884754904439284E-017)
   3.1415926535897931       -1.5707963267948966     
 ( -2.2204460492503131E-016,  9.9579925010295987E-017)
   3.1415926535897931        0.0000000000000000     
 (  0.0000000000000000     ,  9.7971743931788257E-016)
   3.1415926535897931        1.5707963267948966     
 (  0.0000000000000000     , -3.6739403974420594E-016)
   3.1415926535897931        3.1415926535897931     
 (  0.0000000000000000     ,  9.8607613152626476E-032)
   1.0000000000000000                1          16
 (  1.0000000000000000     ,  0.0000000000000000     )
  -1.5707963267948966       -1.5707963267948966     
 (  0.0000000000000000     , -2.2884754904439333E-017)
  -1.5707963267948966        0.0000000000000000     
 (  0.0000000000000000     ,  4.8985871965894128E-016)
  -1.5707963267948966        1.5707963267948966     
 (  1.1102230246251565E-016,  0.0000000000000000     )
  -1.5707963267948966        3.1415926535897931     
 (  0.0000000000000000     , -2.2884754904439333E-017)
   0.0000000000000000       -1.5707963267948966     
 (  0.0000000000000000     ,  4.5553158730228231E-016)
   0.0000000000000000        0.0000000000000000     
 (  16.000000000000000     ,  0.0000000000000000     )
   0.0000000000000000        1.5707963267948966     
 (  0.0000000000000000     , -4.5553158730228231E-016)
   0.0000000000000000        3.1415926535897931     
 (  0.0000000000000000     ,  9.7971743931788257E-016)
   1.5707963267948966       -1.5707963267948966     
 (  1.1102230246251565E-016,  0.0000000000000000     )
   1.5707963267948966        0.0000000000000000     
 (  0.0000000000000000     , -4.8985871965894128E-016)
   1.5707963267948966        1.5707963267948966     
 (  0.0000000000000000     ,  2.2884754904439333E-017)
   1.5707963267948966        3.1415926535897931     
 (  0.0000000000000000     , -2.2884754904439284E-017)
   3.1415926535897931       -1.5707963267948966     
 ( -2.2204460492503131E-016,  9.9579925010295987E-017)
   3.1415926535897931        0.0000000000000000     
 (  0.0000000000000000     ,  9.7971743931788257E-016)
   3.1415926535897931        1.5707963267948966     
 (  0.0000000000000000     , -3.6739403974420594E-016)
   3.1415926535897931        3.1415926535897931     
 (  0.0000000000000000     ,  9.8607613152626476E-032)
   1.0000000000000000                1          16
 (  1.0000000000000000     ,  0.0000000000000000     )
  -1.5707963267948966       -1.5707963267948966     
 (  0.0000000000000000     , -2.2884754904439333E-017)
  -1.5707963267948966        0.0000000000000000     
 (  0.0000000000000000     ,  4.8985871965894128E-016)
  -1.5707963267948966        1.5707963267948966     
 (  1.1102230246251565E-016,  0.0000000000000000     )
  -1.5707963267948966        3.1415926535897931     
 (  0.0000000000000000     , -2.2884754904439333E-017)
   0.0000000000000000       -1.5707963267948966     
 (  0.0000000000000000     ,  4.5553158730228231E-016)
   0.0000000000000000        0.0000000000000000     
 (  16.000000000000000     ,  0.0000000000000000     )
   0.0000000000000000        1.5707963267948966     
 (  0.0000000000000000     , -4.5553158730228231E-016)
   0.0000000000000000        3.1415926535897931     
 (  0.0000000000000000     ,  9.7971743931788257E-016)
   1.5707963267948966       -1.5707963267948966     
 (  1.1102230246251565E-016,  0.0000000000000000     )
   1.5707963267948966        0.0000000000000000     
 (  0.0000000000000000     , -4.8985871965894128E-016)
   1.5707963267948966        1.5707963267948966     
 (  0.0000000000000000     ,  2.2884754904439333E-017)
   1.5707963267948966        3.1415926535897931     
 (  0.0000000000000000     , -2.2884754904439284E-017)
   3.1415926535897931       -1.5707963267948966     
 ( -2.2204460492503131E-016,  9.9579925010295987E-017)
   3.1415926535897931        0.0000000000000000     
 (  0.0000000000000000     ,  9.7971743931788257E-016)
   3.1415926535897931        1.5707963267948966     
 (  0.0000000000000000     , -3.6739403974420594E-016)
   3.1415926535897931        3.1415926535897931     
 (  0.0000000000000000     ,  9.8607613152626476E-032)
   1.0000000000000000                1          16
 (  1.0000000000000000     ,  0.0000000000000000     )
  -1.5707963267948966       -1.5707963267948966     
 (  0.0000000000000000     , -2.2884754904439333E-017)
  -1.5707963267948966        0.0000000000000000     
 (  0.0000000000000000     ,  4.8985871965894128E-016)
  -1.5707963267948966        1.5707963267948966     
 (  1.1102230246251565E-016,  0.0000000000000000     )
  -1.5707963267948966        3.1415926535897931     
 (  0.0000000000000000     , -2.2884754904439333E-017)
   0.0000000000000000       -1.5707963267948966     
 (  0.0000000000000000     ,  4.5553158730228231E-016)
   0.0000000000000000        0.0000000000000000     
 (  16.000000000000000     ,  0.0000000000000000     )
   0.0000000000000000        1.5707963267948966     
 (  0.0000000000000000     , -4.5553158730228231E-016)
   0.0000000000000000        3.1415926535897931     
 (  0.0000000000000000     ,  9.7971743931788257E-016)
   1.5707963267948966       -1.5707963267948966     
 (  1.1102230246251565E-016,  0.0000000000000000     )
   1.5707963267948966        0.0000000000000000     
 (  0.0000000000000000     , -4.8985871965894128E-016)
   1.5707963267948966        1.5707963267948966     
 (  0.0000000000000000     ,  2.2884754904439333E-017)
   1.5707963267948966        3.1415926535897931     
 (  0.0000000000000000     , -2.2884754904439284E-017)
   3.1415926535897931       -1.5707963267948966     
 ( -2.2204460492503131E-016,  9.9579925010295987E-017)
   3.1415926535897931        0.0000000000000000     
 (  0.0000000000000000     ,  9.7971743931788257E-016)
   3.1415926535897931        1.5707963267948966     
 (  0.0000000000000000     , -3.6739403974420594E-016)
   3.1415926535897931        3.1415926535897931     
 (  0.0000000000000000     ,  9.8607613152626476E-032)
   1.0000000000000000                1          16
 (  1.0000000000000000     ,  0.0000000000000000     )
  -1.5707963267948966       -1.5707963267948966     
 (  0.0000000000000000     , -2.2884754904439333E-017)
  -1.5707963267948966        0.0000000000000000     
 (  0.0000000000000000     ,  4.8985871965894128E-016)
  -1.5707963267948966        1.5707963267948966     
 (  1.1102230246251565E-016,  0.0000000000000000     )
  -1.5707963267948966        3.1415926535897931     
 (  0.0000000000000000     , -2.2884754904439333E-017)
   0.0000000000000000       -1.5707963267948966     
 (  0.0000000000000000     ,  4.5553158730228231E-016)
   0.0000000000000000        0.0000000000000000     
 (  16.000000000000000     ,  0.0000000000000000     )
   0.0000000000000000        1.5707963267948966     
 (  0.0000000000000000     , -4.5553158730228231E-016)
   0.0000000000000000        3.1415926535897931     
 (  0.0000000000000000     ,  9.7971743931788257E-016)
   1.5707963267948966       -1.5707963267948966     
 (  1.1102230246251565E-016,  0.0000000000000000     )
   1.5707963267948966        0.0000000000000000     
 (  0.0000000000000000     , -4.8985871965894128E-016)
   1.5707963267948966        1.5707963267948966     
 (  0.0000000000000000     ,  2.2884754904439333E-017)
   1.5707963267948966        3.1415926535897931     
 (  0.0000000000000000     , -2.2884754904439284E-017)
   3.1415926535897931       -1.5707963267948966     
 ( -2.2204460492503131E-016,  9.9579925010295987E-017)
   3.1415926535897931        0.0000000000000000     
 (  0.0000000000000000     ,  9.7971743931788257E-016)
   3.1415926535897931        1.5707963267948966     
 (  0.0000000000000000     , -3.6739403974420594E-016)
   3.1415926535897931        3.1415926535897931     
 (  0.0000000000000000     ,  9.8607613152626476E-032)
   1.0000000000000000                1          16
 (  1.0000000000000000     ,  0.0000000000000000     )
  -1.5707963267948966       -1.5707963267948966     
 (  0.0000000000000000     , -2.2884754904439333E-017)
  -1.5707963267948966        0.0000000000000000     
 (  0.0000000000000000     ,  4.8985871965894128E-016)
  -1.5707963267948966        1.5707963267948966     
 (  1.1102230246251565E-016,  0.0000000000000000     )
  -1.5707963267948966        3.1415926535897931     
 (  0.0000000000000000     , -2.2884754904439333E-017)
   0.0000000000000000       -1.5707963267948966     
 (  0.0000000000000000     ,  4.5553158730228231E-016)
   0.0000000000000000        0.0000000000000000     
 (  16.000000000000000     ,  0.0000000000000000     )
   0.0000000000000000        1.5707963267948966     
 (  0.0000000000000000     , -4.5553158730228231E-016)
   0.0000000000000000        3.1415926535897931     
 (  0.0000000000000000     ,  9.7971743931788257E-016)
   1.5707963267948966       -1.5707963267948966     
 (  1.1102230246251565E-016,  0.0000000000000000     )
   1.5707963267948966        0.0000000000000000     
 (  0.0000000000000000     , -4.8985871965894128E-016)
   1.5707963267948966        1.5707963267948966     
 (  0.0000000000000000     ,  2.2884754904439333E-017)
   1.5707963267948966        3.1415926535897931     
 (  0.0000000000000000     , -2.2884754904439284E-017)
   3.1415926535897931       -1.5707963267948966     
 ( -2.2204460492503131E-016,  9.9579925010295987E-017)
   3.1415926535897931        0.0000000000000000     
 (  0.0000000000000000     ,  9.7971743931788257E-016)
   3.1415926535897931        1.5707963267948966     
 (  0.0000000000000000     , -3.6739403974420594E-016)
   3.1415926535897931        3.1415926535897931     
 (  0.0000000000000000     ,  9.8607613152626476E-032)
   1.0000000000000000                1          16
 (  1.0000000000000000     ,  0.0000000000000000     )
  -1.5707963267948966       -1.5707963267948966     
 (  0.0000000000000000     , -2.2884754904439333E-017)
  -1.5707963267948966        0.0000000000000000     
 (  0.0000000000000000     ,  4.8985871965894128E-016)
  -1.5707963267948966        1.5707963267948966     
 (  1.1102230246251565E-016,  0.0000000000000000     )
  -1.5707963267948966        3.1415926535897931     
 (  0.0000000000000000     , -2.2884754904439333E-017)
   0.0000000000000000       -1.5707963267948966     
 (  0.0000000000000000     ,  4.5553158730228231E-016)
   0.0000000000000000        0.0000000000000000     
 (  16.000000000000000     ,  0.0000000000000000     )
   0.0000000000000000        1.5707963267948966     
 (  0.0000000000000000     , -4.5553158730228231E-016)
   0.0000000000000000        3.1415926535897931     
 (  0.0000000000000000     ,  9.7971743931788257E-016)
   1.5707963267948966       -1.5707963267948966     
 (  1.1102230246251565E-016,  0.0000000000000000     )
   1.5707963267948966        0.0000000000000000     
 (  0.0000000000000000     , -4.8985871965894128E-016)
   1.5707963267948966        1.5707963267948966     
 (  0.0000000000000000     ,  2.2884754904439333E-017)
   1.5707963267948966        3.1415926535897931     
 (  0.0000000000000000     , -2.2884754904439284E-017)
   3.1415926535897931       -1.5707963267948966     
 ( -2.2204460492503131E-016,  9.9579925010295987E-017)
   3.1415926535897931        0.0000000000000000     
 (  0.0000000000000000     ,  9.7971743931788257E-016)
   3.1415926535897931        1.5707963267948966     
 (  0.0000000000000000     , -3.6739403974420594E-016)
   3.1415926535897931        3.1415926535897931     
 (  0.0000000000000000     ,  9.8607613152626476E-032)
   1.0000000000000000                1          16
 (  1.0000000000000000     ,  0.0000000000000000     )
  -1.5707963267948966       -1.5707963267948966     
 (  0.0000000000000000     , -2.2884754904439333E-017)
  -1.5707963267948966        0.0000000000000000     
 (  0.0000000000000000     ,  4.8985871965894128E-016)
  -1.5707963267948966        1.5707963267948966     
 (  1.1102230246251565E-016,  0.0000000000000000     )
  -1.5707963267948966        3.1415926535897931     
 (  0.0000000000000000     , -2.2884754904439333E-017)
   0.0000000000000000       -1.5707963267948966     
 (  0.0000000000000000     ,  4.5553158730228231E-016)
   0.0000000000000000        0.0000000000000000     
 (  16.000000000000000     ,  0.0000000000000000     )
   0.0000000000000000        1.5707963267948966     
 (  0.0000000000000000     , -4.5553158730228231E-016)
   0.0000000000000000        3.1415926535897931     
 (  0.0000000000000000     ,  9.7971743931788257E-016)
   1.5707963267948966       -1.5707963267948966     
 (  1.1102230246251565E-016,  0.0000000000000000     )
   1.5707963267948966        0.0000000000000000     
 (  0.0000000000000000     , -4.8985871965894128E-016)
   1.5707963267948966        1.5707963267948966     
 (  0.0000000000000000     ,  2.2884754904439333E-017)
   1.5707963267948966        3.1415926535897931     
 (  0.0000000000000000     , -2.2884754904439284E-017)
   3.1415926535897931       -1.5707963267948966     
 ( -2.2204460492503131E-016,  9.9579925010295987E-017)
   3.1415926535897931        0.0000000000000000     
 (  0.0000000000000000     ,  9.7971743931788257E-016)
   3.1415926535897931        1.5707963267948966     
 (  0.0000000000000000     , -3.6739403974420594E-016)
   3.1415926535897931        3.1415926535897931     
 (  0.0000000000000000     ,  9.8607613152626476E-032)
   1.0000000000000000                1          16
 (  1.0000000000000000     ,  0.0000000000000000     )
  -1.5707963267948966       -1.5707963267948966     
 (  0.0000000000000000     , -2.2884754904439333E-017)
  -1.5707963267948966        0.0000000000000000     
 (  0.0000000000000000     ,  4.8985871965894128E-016)
  -1.5707963267948966        1.5707963267948966     
 (  1.1102230246251565E-016,  0.0000000000000000     )
  -1.5707963267948966        3.1415926535897931     
 (  0.0000000000000000     , -2.2884754904439333E-017)
   0.0000000000000000       -1.5707963267948966     
 (  0.0000000000000000     ,  4.5553158730228231E-016)
   0.0000000000000000        0.0000000000000000     
 (  16.000000000000000     ,  0.0000000000000000     )
   0.0000000000000000        1.5707963267948966     
 (  0.0000000000000000     , -4.5553158730228231E-016)
   0.0000000000000000        3.1415926535897931     
 (  0.0000000000000000     ,  9.7971743931788257E-016)
   1.5707963267948966       -1.5707963267948966     
 (  1.1102230246251565E-016,  0.0000000000000000     )
   1.5707963267948966        0.0000000000000000     
 (  0.0000000000000000     , -4.8985871965894128E-016)
   1.5707963267948966        1.5707963267948966     
 (  0.0000000000000000     ,  2.2884754904439333E-017)
   1.5707963267948966        3.1415926535897931     
 (  0.0000000000000000     , -2.2884754904439284E-017)
   3.1415926535897931       -1.5707963267948966     
 ( -2.2204460492503131E-016,  9.9579925010295987E-017)
   3.1415926535897931        0.0000000000000000     
 (  0.0000000000000000     ,  9.7971743931788257E-016)
   3.1415926535897931        1.5707963267948966     
 (  0.0000000000000000     , -3.6739403974420594E-016)
   3.1415926535897931        3.1415926535897931     
 (  0.0000000000000000     ,  9.8607613152626476E-032)
   1.0000000000000000                1          16
 (  1.0000000000000000     ,  0.0000000000000000     )
  -1.5707963267948966       -1.5707963267948966     
 (  0.0000000000000000     , -2.2884754904439333E-017)
  -1.5707963267948966        0.0000000000000000     
 (  0.0000000000000000     ,  4.8985871965894128E-016)
  -1.5707963267948966        1.5707963267948966     
 (  1.1102230246251565E-016,  0.0000000000000000     )
  -1.5707963267948966        3.1415926535897931     
 (  0.0000000000000000     , -2.2884754904439333E-017)
   0.0000000000000000       -1.5707963267948966     
 (  0.0000000000000000     ,  4.5553158730228231E-016)
   0.0000000000000000        0.0000000000000000     
 (  16.000000000000000     ,  0.0000000000000000     )
   0.0000000000000000        1.5707963267948966     
 (  0.0000000000000000     , -4.5553158730228231E-016)
   0.0000000000000000        3.1415926535897931     
 (  0.0000000000000000     ,  9.7971743931788257E-016)
   1.5707963267948966       -1.5707963267948966     
 (  1.1102230246251565E-016,  0.0000000000000000     )
   1.5707963267948966        0.0000000000000000     
 (  0.0000000000000000     , -4.8985871965894128E-016)
   1.5707963267948966        1.5707963267948966     
 (  0.0000000000000000     ,  2.2884754904439333E-017)
   1.5707963267948966        3.1415926535897931     
 (  0.0000000000000000     , -2.2884754904439284E-017)
   3.1415926535897931       -1.5707963267948966     
 ( -2.2204460492503131E-016,  9.9579925010295987E-017)
   3.1415926535897931        0.0000000000000000     
 (  0.0000000000000000     ,  9.7971743931788257E-016)
   3.1415926535897931        1.5707963267948966     
 (  0.0000000000000000     , -3.6739403974420594E-016)
   3.1415926535897931        3.1415926535897931     
 (  0.0000000000000000     ,  9.8607613152626476E-032)
   1.0000000000000000                1          16
 (  1.0000000000000000     ,  0.0000000000000000     )
  -1.5707963267948966       -1.5707963267948966     
 (  0.0000000000000000     , -2.2884754904439333E-017)
  -1.5707963267948966        0.0000000000000000     
 (  0.0000000000000000     ,  4.8985871965894128E-016)
  -1.5707963267948966        1.5707963267948966     
 (  1.1102230246251565E-016,  0.0000000000000000     )
  -1.5707963267948966        3.1415926535897931     
 (  0.0000000000000000     , -2.2884754904439333E-017)
   0.0000000000000000       -1.5707963267948966     
 (  0.0000000000000000     ,  4.5553158730228231E-016)
   0.0000000000000000        0.0000000000000000     
 (  16.000000000000000     ,  0.0000000000000000     )
   0.0000000000000000        1.5707963267948966     
 (  0.0000000000000000     , -4.5553158730228231E-016)
   0.0000000000000000        3.1415926535897931     
 (  0.0000000000000000     ,  9.7971743931788257E-016)
   1.5707963267948966       -1.5707963267948966     
 (  1.1102230246251565E-016,  0.0000000000000000     )
   1.5707963267948966        0.0000000000000000     
 (  0.0000000000000000     , -4.8985871965894128E-016)
   1.5707963267948966        1.5707963267948966     
 (  0.0000000000000000     ,  2.2884754904439333E-017)
   1.5707963267948966        3.1415926535897931     
 (  0.0000000000000000     , -2.2884754904439284E-017)
   3.1415926535897931       -1.5707963267948966     
 ( -2.2204460492503131E-016,  9.9579925010295987E-017)
   3.1415926535897931        0.0000000000000000     
 (  0.0000000000000000     ,  9.7971743931788257E-016)
   3.1415926535897931        1.5707963267948966     
 (  0.0000000000000000     , -3.6739403974420594E-016)
   3.1415926535897931        3.1415926535897931     
 (  0.0000000000000000     ,  9.8607613152626476E-032)
   1.0000000000000000                1          16
 (  1.0000000000000000     ,  0.0000000000000000     )
  -1.5707963267948966       -1.5707963267948966     
 (  0.0000000000000000     , -2.2884754904439333E-017)
  -1.5707963267948966        0.0000000000000000     
 (  0.0000000000000000     ,  4.8985871965894128E-016)
  -1.5707963267948966        1.5707963267948966     
 (  1.1102230246251565E-016,  0.0000000000000000     )
  -1.5707963267948966        3.1415926535897931     
 (  0.0000000000000000     , -2.2884754904439333E-017)
   0.0000000000000000       -1.5707963267948966     
 (  0.0000000000000000     ,  4.5553158730228231E-016)
   0.0000000000000000        0.0000000000000000     
 (  16.000000000000000     ,  0.0000000000000000     )
   0.0000000000000000        1.5707963267948966     
 (  0.0000000000000000     , -4.5553158730228231E-016)
   0.0000000000000000        3.1415926535897931     
 (  0.0000000000000000     ,  9.7971743931788257E-016)
   1.5707963267948966       -1.5707963267948966     
 (  1.1102230246251565E-016,  0.0000000000000000     )
   1.5707963267948966        0.0000000000000000     
 (  0.0000000000000000     , -4.8985871965894128E-016)
   1.5707963267948966        1.5707963267948966     
 (  0.0000000000000000     ,  2.2884754904439333E-017)
   1.5707963267948966        3.1415926535897931     
 (  0.0000000000000000     , -2.2884754904439284E-017)
   3.1415926535897931       -1.5707963267948966     
 ( -2.2204460492503131E-016,  9.9579925010295987E-017)
   3.1415926535897931        0.0000000000000000     
 (  0.0000000000000000     ,  9.7971743931788257E-016)
   3.1415926535897931        1.5707963267948966     
 (  0.0000000000000000     , -3.6739403974420594E-016)
   3.1415926535897931        3.1415926535897931     
 (  0.0000000000000000     ,  9.8607613152626476E-032)
   1.0000000000000000                1          16
 (  1.0000000000000000     ,  0.0000000000000000     )
  -1.5707963267948966       -1.5707963267948966     
 (  0.0000000000000000     , -2.2884754904439333E-017)
  -1.5707963267948966        0.0000000000000000     
 (  0.0000000000000000     ,  4.8985871965894128E-016)
  -1.5707963267948966        1.5707963267948966     
 (  1.1102230246251565E-016,  0.0000000000000000     )
  -1.5707963267948966        3.1415926535897931     
 (  0.0000000000000000     , -2.2884754904439333E-017)
   0.0000000000000000       -1.5707963267948966     
 (  0.0000000000000000     ,  4.5553158730228231E-016)
   0.0000000000000000        0.0000000000000000     
 (  16.000000000000000     ,  0.0000000000000000     )
   0.0000000000000000        1.5707963267948966     
 (  0.0000000000000000     , -4.5553158730228231E-016)
   0.0000000000000000        3.1415926535897931     
 (  0.0000000000000000     ,  9.7971743931788257E-016)
   1.5707963267948966       -1.5707963267948966     
 (  1.1102230246251565E-016,  0.0000000000000000     )
   1.5707963267948966        0.0000000000000000     
 (  0.0000000000000000     , -4.8985871965894128E-016)
   1.5707963267948966        1.5707963267948966     
 (  0.0000000000000000     ,  2.2884754904439333E-017)
   1.5707963267948966        3.1415926535897931     
 (  0.0000000000000000     , -2.2884754904439284E-017)
   3.1415926535897931       -1.5707963267948966     
 ( -2.2204460492503131E-016,  9.9579925010295987E-017)
   3.1415926535897931        0.0000000000000000     
 (  0.0000000000000000     ,  9.7971743931788257E-016)
   3.1415926535897931        1.5707963267948966     
 (  0.0000000000000000     , -3.6739403974420594E-016)
   3.1415926535897931        3.1415926535897931     
 (  0.0000000000000000     ,  9.8607613152626476E-032)
   1.0000000000000000                1          16
 (  1.0000000000000000     ,  0.0000000000000000     )
  -1.5707963267948966       -1.5707963267948966     
 (  0.0000000000000000     , -2.2884754904439333E-017)
  -1.5707963267948966        0.0000000000000000     
 (  0.0000000000000000     ,  4.8985871965894128E-016)
  -1.5707963267948966        1.5707963267948966     
 (  1.1102230246251565E-016,  0.0000000000000000     )
  -1.5707963267948966        3.1415926535897931     
 (  0.0000000000000000     , -2.2884754904439333E-017)
   0.0000000000000000       -1.5707963267948966     
 (  0.0000000000000000     ,  4.5553158730228231E-016)
   0.0000000000000000        0.0000000000000000     
 (  16.000000000000000     ,  0.0000000000000000     )
   0.0000000000000000        1.5707963267948966     
 (  0.0000000000000000     , -4.5553158730228231E-016)
   0.0000000000000000        3.1415926535897931     
 (  0.0000000000000000     ,  9.7971743931788257E-016)
   1.5707963267948966       -1.5707963267948966     
 (  1.1102230246251565E-016,  0.0000000000000000     )
   1.5707963267948966        0.0000000000000000     
 (  0.0000000000000000     , -4.8985871965894128E-016)
   1.5707963267948966        1.5707963267948966     
 (  0.0000000000000000     ,  2.2884754904439333E-017)
   1.5707963267948966        3.1415926535897931     
 (  0.0000000000000000     , -2.2884754904439284E-017)
   3.1415926535897931       -1.5707963267948966     
 ( -2.2204460492503131E-016,  9.9579925010295987E-017)
   3.1415926535897931        0.0000000000000000     
 (  0.0000000000000000     ,  9.7971743931788257E-016)
   3.1415926535897931        1.5707963267948966     
 (  0.0000000000000000     , -3.6739403974420594E-016)
   3.1415926535897931        3.1415926535897931     
 (  0.0000000000000000     ,  9.8607613152626476E-032)
   1.0000000000000000                1          16
 (  1.0000000000000000     ,  0.0000000000000000     )
  -1.5707963267948966       -1.5707963267948966     
 (  0.0000000000000000     , -2.2884754904439333E-017)
  -1.5707963267948966        0.0000000000000000     
 (  0.0000000000000000     ,  4.8985871965894128E-016)
  -1.5707963267948966        1.5707963267948966     
 (  1.1102230246251565E-016,  0.0000000000000000     )
  -1.5707963267948966        3.1415926535897931     
 (  0.0000000000000000     , -2.2884754904439333E-017)
   0.0000000000000000       -1.5707963267948966     
 (  0.0000000000000000     ,  4.5553158730228231E-016)
   0.0000000000000000        0.0000000000000000     
 (  16.000000000000000     ,  0.0000000000000000     )
   0.0000000000000000        1.5707963267948966     
 (  0.0000000000000000     , -4.5553158730228231E-016)
   0.0000000000000000        3.1415926535897931     
 (  0.0000000000000000     ,  9.7971743931788257E-016)
   1.5707963267948966       -1.5707963267948966     
 (  1.1102230246251565E-016,  0.0000000000000000     )
   1.5707963267948966        0.0000000000000000     
 (  0.0000000000000000     , -4.8985871965894128E-016)
   1.5707963267948966        1.5707963267948966     
 (  0.0000000000000000     ,  2.2884754904439333E-017)
   1.5707963267948966        3.1415926535897931     
 (  0.0000000000000000     , -2.2884754904439284E-017)
   3.1415926535897931       -1.5707963267948966     
 ( -2.2204460492503131E-016,  9.9579925010295987E-017)
   3.1415926535897931        0.0000000000000000     
 (  0.0000000000000000     ,  9.7971743931788257E-016)
   3.1415926535897931        1.5707963267948966     
 (  0.0000000000000000     , -3.6739403974420594E-016)
   3.1415926535897931        3.1415926535897931     
 (  0.0000000000000000     ,  9.8607613152626476E-032)
   1.0000000000000000                1          16
 (  1.0000000000000000     ,  0.0000000000000000     )
  -1.5707963267948966       -1.5707963267948966     
 (  0.0000000000000000     , -2.2884754904439333E-017)
  -1.5707963267948966        0.0000000000000000     
 (  0.0000000000000000     ,  4.8985871965894128E-016)
  -1.5707963267948966        1.5707963267948966     
 (  1.1102230246251565E-016,  0.0000000000000000     )
  -1.5707963267948966        3.1415926535897931     
 (  0.0000000000000000     , -2.2884754904439333E-017)
   0.0000000000000000       -1.5707963267948966     
 (  0.0000000000000000     ,  4.5553158730228231E-016)
   0.0000000000000000        0.0000000000000000     
 (  16.000000000000000     ,  0.0000000000000000     )
   0.0000000000000000        1.5707963267948966     
 (  0.0000000000000000     , -4.5553158730228231E-016)
   0.0000000000000000        3.1415926535897931     
 (  0.0000000000000000     ,  9.7971743931788257E-016)
   1.5707963267948966       -1.5707963267948966     
 (  1.1102230246251565E-016,  0.0000000000000000     )
   1.5707963267948966        0.0000000000000000     
 (  0.0000000000000000     , -4.8985871965894128E-016)
   1.5707963267948966        1.5707963267948966     
 (  0.0000000000000000     ,  2.2884754904439333E-017)
   1.5707963267948966        3.1415926535897931     
 (  0.0000000000000000     , -2.2884754904439284E-017)
   3.1415926535897931       -1.5707963267948966     
 ( -2.2204460492503131E-016,  9.9579925010295987E-017)
   3.1415926535897931        0.0000000000000000     
 (  0.0000000000000000     ,  9.7971743931788257E-016)
   3.1415926535897931        1.5707963267948966     
 (  0.0000000000000000     , -3.6739403974420594E-016)
   3.1415926535897931        3.1415926535897931     
 (  0.0000000000000000     ,  9.8607613152626476E-032)
   1.0000000000000000                1          16
 (  1.0000000000000000     ,  0.0000000000000000     )
  -1.5707963267948966       -1.5707963267948966     
 (  0.0000000000000000     , -2.2884754904439333E-017)
  -1.5707963267948966        0.0000000000000000     
 (  0.0000000000000000     ,  4.8985871965894128E-016)
  -1.5707963267948966        1.5707963267948966     
 (  1.1102230246251565E-016,  0.0000000000000000     )
  -1.5707963267948966        3.1415926535897931     
 (  0.0000000000000000     , -2.2884754904439333E-017)
   0.0000000000000000       -1.5707963267948966     
 (  0.0000000000000000     ,  4.5553158730228231E-016)
   0.0000000000000000        0.0000000000000000     
 (  16.000000000000000     ,  0.0000000000000000     )
   0.0000000000000000        1.5707963267948966     
 (  0.0000000000000000     , -4.5553158730228231E-016)
   0.0000000000000000        3.1415926535897931     
 (  0.0000000000000000     ,  9.7971743931788257E-016)
   1.5707963267948966       -1.5707963267948966     
 (  1.1102230246251565E-016,  0.0000000000000000     )
   1.5707963267948966        0.0000000000000000     
 (  0.0000000000000000     , -4.8985871965894128E-016)
   1.5707963267948966        1.5707963267948966     
 (  0.0000000000000000     ,  2.2884754904439333E-017)
   1.5707963267948966        3.1415926535897931     
 (  0.0000000000000000     , -2.2884754904439284E-017)
   3.1415926535897931       -1.5707963267948966     
 ( -2.2204460492503131E-016,  9.9579925010295987E-017)
   3.1415926535897931        0.0000000000000000     
 (  0.0000000000000000     ,  9.7971743931788257E-016)
   3.1415926535897931        1.5707963267948966     
 (  0.0000000000000000     , -3.6739403974420594E-016)
   3.1415926535897931        3.1415926535897931     
 (  0.0000000000000000     ,  9.8607613152626476E-032)
   1.0000000000000000                1          16
 (  1.0000000000000000     ,  0.0000000000000000     )
  -1.5707963267948966       -1.5707963267948966     
 (  0.0000000000000000     , -2.2884754904439333E-017)
  -1.5707963267948966        0.0000000000000000     
 (  0.0000000000000000     ,  4.8985871965894128E-016)
  -1.5707963267948966        1.5707963267948966     
 (  1.1102230246251565E-016,  0.0000000000000000     )
  -1.5707963267948966        3.1415926535897931     
 (  0.0000000000000000     , -2.2884754904439333E-017)
   0.0000000000000000       -1.5707963267948966     
 (  0.0000000000000000     ,  4.5553158730228231E-016)
   0.0000000000000000        0.0000000000000000     
 (  16.000000000000000     ,  0.0000000000000000     )
   0.0000000000000000        1.5707963267948966     
 (  0.0000000000000000     , -4.5553158730228231E-016)
   0.0000000000000000        3.1415926535897931     
 (  0.0000000000000000     ,  9.7971743931788257E-016)
   1.5707963267948966       -1.5707963267948966     
 (  1.1102230246251565E-016,  0.0000000000000000     )
   1.5707963267948966        0.0000000000000000     
 (  0.0000000000000000     , -4.8985871965894128E-016)
   1.5707963267948966        1.5707963267948966     
 (  0.0000000000000000     ,  2.2884754904439333E-017)
   1.5707963267948966        3.1415926535897931     
 (  0.0000000000000000     , -2.2884754904439284E-017)
   3.1415926535897931       -1.5707963267948966     
 ( -2.2204460492503131E-016,  9.9579925010295987E-017)
   3.1415926535897931        0.0000000000000000     
 (  0.0000000000000000     ,  9.7971743931788257E-016)
   3.1415926535897931        1.5707963267948966     
 (  0.0000000000000000     , -3.6739403974420594E-016)
   3.1415926535897931        3.1415926535897931     
 (  0.0000000000000000     ,  9.8607613152626476E-032)
   1.0000000000000000                1          16
 (  1.0000000000000000     ,  0.0000000000000000     )
  -1.5707963267948966       -1.5707963267948966     
 (  0.0000000000000000     , -2.2884754904439333E-017)
  -1.5707963267948966        0.0000000000000000     
 (  0.0000000000000000     ,  4.8985871965894128E-016)
  -1.5707963267948966        1.5707963267948966     
 (  1.1102230246251565E-016,  0.0000000000000000     )
  -1.5707963267948966        3.1415926535897931     
 (  0.0000000000000000     , -2.2884754904439333E-017)
   0.0000000000000000       -1.5707963267948966     
 (  0.0000000000000000     ,  4.5553158730228231E-016)
   0.0000000000000000        0.0000000000000000     
 (  16.000000000000000     ,  0.0000000000000000     )
   0.0000000000000000        1.5707963267948966     
 (  0.0000000000000000     , -4.5553158730228231E-016)
   0.0000000000000000        3.1415926535897931     
 (  0.0000000000000000     ,  9.7971743931788257E-016)
   1.5707963267948966       -1.5707963267948966     
 (  1.1102230246251565E-016,  0.0000000000000000     )
   1.5707963267948966        0.0000000000000000     
 (  0.0000000000000000     , -4.8985871965894128E-016)
   1.5707963267948966        1.5707963267948966     
 (  0.0000000000000000     ,  2.2884754904439333E-017)
   1.5707963267948966        3.1415926535897931     
 (  0.0000000000000000     , -2.2884754904439284E-017)
   3.1415926535897931       -1.5707963267948966     
 ( -2.2204460492503131E-016,  9.9579925010295987E-017)
   3.1415926535897931        0.0000000000000000     
 (  0.0000000000000000     ,  9.7971743931788257E-016)
   3.1415926535897931        1.5707963267948966     
 (  0.0000000000000000     , -3.6739403974420594E-016)
   3.1415926535897931        3.1415926535897931     
 (  0.0000000000000000     ,  9.8607613152626476E-032)
