   1.0000000000000000                1          16
 (  0.0000000000000000     ,  0.0000000000000000     )
  -1.5707963267948966       -1.5707963267948966     
 (  1.0000000000000004     ,  1.1934897514720435E-015)
  -1.5707963267948966        0.0000000000000000     
 (  1.8420654689861979     , -2.9667564604712614E-002)
  -1.5707963267948966        1.5707963267948966     
 ( 0.99999999999999578     ,  1.4710455076283324E-015)
  -1.5707963267948966        3.1415926535897931     
 ( 0.15793453101380425     ,  2.9667564604713526E-002)
   0.0000000000000000       -1.5707963267948966     
 (  1.8507339447327322     , -1.3877091496756172E-002)
   0.0000000000000000        0.0000000000000000     
 (  1.9586923752741852     ,  0.0000000000000000     )
   0.0000000000000000        1.5707963267948966     
 (  1.8507339447327322     ,  1.3877091496756172E-002)
   0.0000000000000000        3.1415926535897931     
 (  1.2950459446221334     , -2.5716075644526076E-017)
   1.5707963267948966       -1.5707963267948966     
 ( 0.99999999999999578     , -1.4710455076283324E-015)
   1.5707963267948966        0.0000000000000000     
 (  1.8420654689861979     ,  2.9667564604712614E-002)
   1.5707963267948966        1.5707963267948966     
 (  1.0000000000000004     , -1.1934897514720435E-015)
   1.5707963267948966        3.1415926535897931     
 ( 0.15793453101380425     , -2.9667564604713526E-002)
   3.1415926535897931       -1.5707963267948966     
 ( 0.14926605526726908     ,  1.3877091496757560E-002)
   3.1415926535897931        0.0000000000000000     
 ( 0.70495405537786682     , -5.8853425470300293E-017)
   3.1415926535897931        1.5707963267948966     
 ( 0.14926605526726908     , -1.3877091496757560E-002)
   3.1415926535897931        3.1415926535897931     
 (  4.1307624725815915E-002,  8.4569501114825815E-017)
   1.0000000000000000                1          16
 (  0.0000000000000000     ,  0.0000000000000000     )
  -1.5707963267948966       -1.5707963267948966     
 ( 0.99999999999999645     ,  6.3837823915946560E-016)
  -1.5707963267948966        0.0000000000000000     
 (  1.8574990792418247     ,  8.3863824731353538E-004)
  -1.5707963267948966        1.5707963267948966     
 ( 0.99999999999999489     , -2.9698465908722937E-015)
  -1.5707963267948966        3.1415926535897931     
 ( 0.14250092075818144     , -8.3863824731697707E-004)
   0.0000000000000000       -1.5707963267948966     
 (  1.8569968058751658     ,  7.2742613412708629E-003)
   0.0000000000000000        0.0000000000000000     
 (  1.9612767998482350     ,  0.0000000000000000     )
   0.0000000000000000        1.5707963267948966     
 (  1.8569968058751658     , -7.2742613412708629E-003)
   0.0000000000000000        3.1415926535897931     
 (  1.0908513892339931     , -4.1418408653615095E-017)
   1.5707963267948966       -1.5707963267948966     
 ( 0.99999999999999489     ,  2.9698465908722937E-015)
   1.5707963267948966        0.0000000000000000     
 (  1.8574990792418247     , -8.3863824731353538E-004)
   1.5707963267948966        1.5707963267948966     
 ( 0.99999999999999645     , -6.3837823915946560E-016)
   1.5707963267948966        3.1415926535897931     
 ( 0.14250092075818155     ,  8.3863824731697707E-004)
   3.1415926535897931       -1.5707963267948966     
 ( 0.14300319412483761     , -7.2742613412678098E-003)
   3.1415926535897931        0.0000000000000000     
 ( 0.90914861076599862     , -5.1817869180789747E-017)
   3.1415926535897931        1.5707963267948966     
 ( 0.14300319412483761     ,  7.2742613412678098E-003)
   3.1415926535897931        3.1415926535897931     
 (  3.8723200151771532E-002,  9.3236277834403442E-017)
   1.0000000000000000                1          16
 (  0.0000000000000000     ,  0.0000000000000000     )
  -1.5707963267948966       -1.5707963267948966     
 ( 0.99999999999999523     ,  8.3960616237277463E-015)
  -1.5707963267948966        0.0000000000000000     
 (  1.8029240366757779     ,  1.7248651896677646E-002)
  -1.5707963267948966        1.5707963267948966     
 ( 0.99999999999999800     , -2.1233015345956119E-015)
  -1.5707963267948966        3.1415926535897931     
 ( 0.19707596332422531     , -1.7248651896678367E-002)
   0.0000000000000000       -1.5707963267948966     
 (  1.8803412724705511     ,  4.7831375572563631E-002)
   0.0000000000000000        0.0000000000000000     
 (  1.9371655014257863     ,  0.0000000000000000     )
   0.0000000000000000        1.5707963267948966     
 (  1.8803412724705511     , -4.7831375572563631E-002)
   0.0000000000000000        3.1415926535897931     
 (  1.0134840600364348     , -5.5457869120435110E-017)
   1.5707963267948966       -1.5707963267948966     
 ( 0.99999999999999800     ,  2.1233015345956119E-015)
   1.5707963267948966        0.0000000000000000     
 (  1.8029240366757779     , -1.7248651896677646E-002)
   1.5707963267948966        1.5707963267948966     
 ( 0.99999999999999523     , -8.3960616237277463E-015)
   1.5707963267948966        3.1415926535897931     
 ( 0.19707596332422520     ,  1.7248651896678367E-002)
   3.1415926535897931       -1.5707963267948966     
 ( 0.11965872752945211     , -4.7831375572560383E-002)
   3.1415926535897931        0.0000000000000000     
 ( 0.98651593996356424     , -4.3883009749369601E-017)
   3.1415926535897931        1.5707963267948966     
 ( 0.11965872752945211     ,  4.7831375572560383E-002)
   3.1415926535897931        3.1415926535897931     
 (  6.2834498574215900E-002,  9.9340878869803768E-017)
   1.0000000000000000                1          16
 (  0.0000000000000000     ,  0.0000000000000000     )
  -1.5707963267948966       -1.5707963267948966     
 ( 0.99999999999999478     ,  6.4670491184415376E-015)
  -1.5707963267948966        0.0000000000000000     
 (  1.8456096334282510     , -1.9557364988865476E-002)
  -1.5707963267948966        1.5707963267948966     
 ( 0.99999999999999223     ,  1.8041124150158794E-015)
  -1.5707963267948966        3.1415926535897931     
 ( 0.15439036657175415     ,  1.9557364988866469E-002)
   0.0000000000000000       -1.5707963267948966     
 (  1.8041230802663126     ,  1.6225417448660198E-002)
   0.0000000000000000        0.0000000000000000     
 (  1.9381350210217840     ,  0.0000000000000000     )
   0.0000000000000000        1.5707963267948966     
 (  1.8041230802663126     , -1.6225417448660198E-002)
   0.0000000000000000        3.1415926535897931     
 (  1.1999639036858549     , -3.0775255928385349E-017)
   1.5707963267948966       -1.5707963267948966     
 ( 0.99999999999999223     , -1.8041124150158794E-015)
   1.5707963267948966        0.0000000000000000     
 (  1.8456096334282510     ,  1.9557364988865476E-002)
   1.5707963267948966        1.5707963267948966     
 ( 0.99999999999999478     , -6.4670491184415376E-015)
   1.5707963267948966        3.1415926535897931     
 ( 0.15439036657175426     , -1.9557364988866469E-002)
   3.1415926535897931       -1.5707963267948966     
 ( 0.19587691973369165     , -1.6225417448658033E-002)
   3.1415926535897931        0.0000000000000000     
 ( 0.80003609631414585     , -5.5962281843846734E-017)
   3.1415926535897931        1.5707963267948966     
 ( 0.19587691973369165     ,  1.6225417448658006E-002)
   3.1415926535897931        3.1415926535897931     
 (  6.1864978978221581E-002,  8.6737537772231454E-017)
   1.0000000000000000                1          16
 (  0.0000000000000000     ,  0.0000000000000000     )
  -1.5707963267948966       -1.5707963267948966     
 ( 0.99999999999999822     , -1.1102230246251565E-015)
  -1.5707963267948966        0.0000000000000000     
 (  1.8921679249441763     ,  1.8109325139434606E-003)
  -1.5707963267948966        1.5707963267948966     
 (  1.0000000000000027     , -3.8857805861880479E-015)
  -1.5707963267948966        3.1415926535897931     
 ( 0.10783207505582328     , -1.8109325139468468E-003)
   0.0000000000000000       -1.5707963267948966     
 (  1.8400495092846541     ,  6.1110362724255268E-003)
   0.0000000000000000        0.0000000000000000     
 (  1.9442734198176050     ,  0.0000000000000000     )
   0.0000000000000000        1.5707963267948966     
 (  1.8400495092846541     , -6.1110362724255268E-003)
   0.0000000000000000        3.1415926535897931     
 ( 0.99623658085485511     , -4.6035152273645425E-017)
   1.5707963267948966       -1.5707963267948966     
 (  1.0000000000000027     ,  3.8857805861880479E-015)
   1.5707963267948966        0.0000000000000000     
 (  1.8921679249441763     , -1.8109325139434606E-003)
   1.5707963267948966        1.5707963267948966     
 ( 0.99999999999999822     ,  1.1102230246251565E-015)
   1.5707963267948966        3.1415926535897931     
 ( 0.10783207505582333     ,  1.8109325139468468E-003)
   3.1415926535897931       -1.5707963267948966     
 ( 0.15995049071534709     , -6.1110362724266926E-003)
   3.1415926535897931        0.0000000000000000     
 (  1.0037634191451406     , -5.1430320613674338E-017)
   3.1415926535897931        1.5707963267948966     
 ( 0.15995049071534709     ,  6.1110362724266926E-003)
   3.1415926535897931        3.1415926535897931     
 (  5.5726580182396485E-002,  9.7465472887319893E-017)
   1.0000000000000000                1          16
 (  0.0000000000000000     ,  0.0000000000000000     )
  -1.5707963267948966       -1.5707963267948966     
 (  1.0000000000000056     , -5.0931481254679056E-015)
  -1.5707963267948966        0.0000000000000000     
 (  1.8786514052331345     , -2.0857623746977347E-002)
  -1.5707963267948966        1.5707963267948966     
 ( 0.99999999999999856     ,  2.0955459589799830E-015)
  -1.5707963267948966        3.1415926535897931     
 ( 0.12134859476686558     ,  2.0857623746978540E-002)
   0.0000000000000000       -1.5707963267948966     
 (  1.8573613355255993     ,  1.5659777011092946E-002)
   0.0000000000000000        0.0000000000000000     
 (  1.9482399895596418     ,  0.0000000000000000     )
   0.0000000000000000        1.5707963267948966     
 (  1.8573613355255993     , -1.5659777011092946E-002)
   0.0000000000000000        3.1415926535897931     
 (  1.0900180494135956     , -4.3339281899733044E-017)
   1.5707963267948966       -1.5707963267948966     
 ( 0.99999999999999856     , -2.0955459589799830E-015)
   1.5707963267948966        0.0000000000000000     
 (  1.8786514052331345     ,  2.0857623746977347E-002)
   1.5707963267948966        1.5707963267948966     
 (  1.0000000000000056     ,  5.0931481254679056E-015)
   1.5707963267948966        3.1415926535897931     
 ( 0.12134859476686569     , -2.0857623746978540E-002)
   3.1415926535897931       -1.5707963267948966     
 ( 0.14263866447439938     , -1.5659777011094861E-002)
   3.1415926535897931        0.0000000000000000     
 ( 0.90998195058639808     , -5.2498503284658687E-017)
   3.1415926535897931        1.5707963267948966     
 ( 0.14263866447439938     ,  1.5659777011094861E-002)
   3.1415926535897931        3.1415926535897931     
 (  5.1760010440358745E-002,  9.5837785184391232E-017)
   1.0000000000000000                1          16
 (  0.0000000000000000     ,  0.0000000000000000     )
  -1.5707963267948966       -1.5707963267948966     
 ( 0.99999999999999856     , -5.7870375158586285E-015)
  -1.5707963267948966        0.0000000000000000     
 (  1.9011296899604926     , -3.1661418019012871E-002)
  -1.5707963267948966        1.5707963267948966     
 ( 0.99999999999999678     ,  9.5756735873919752E-016)
  -1.5707963267948966        3.1415926535897931     
 (  9.8870310039507969E-002,  3.1661418019012420E-002)
   0.0000000000000000       -1.5707963267948966     
 (  1.8787321762081426     ,  8.9188443079973867E-004)
   0.0000000000000000        0.0000000000000000     
 (  1.9308826671743913     ,  0.0000000000000000     )
   0.0000000000000000        1.5707963267948966     
 (  1.8787321762081426     , -8.9188443079973867E-004)
   0.0000000000000000        3.1415926535897931     
 ( 0.73925062672719277     , -6.6689049362515392E-017)
   1.5707963267948966       -1.5707963267948966     
 ( 0.99999999999999678     , -9.5756735873919752E-016)
   1.5707963267948966        0.0000000000000000     
 (  1.9011296899604926     ,  3.1661418019012871E-002)
   1.5707963267948966        1.5707963267948966     
 ( 0.99999999999999856     ,  5.7870375158586285E-015)
   1.5707963267948966        3.1415926535897931     
 (  9.8870310039508025E-002, -3.1661418019012420E-002)
   3.1415926535897931       -1.5707963267948966     
 ( 0.12126782379185777     , -8.9188443079914193E-004)
   3.1415926535897931        0.0000000000000000     
 (  1.2607493732728159     , -3.3512735414576255E-017)
   3.1415926535897931        1.5707963267948966     
 ( 0.12126782379185777     ,  8.9188443079915580E-004)
   3.1415926535897931        3.1415926535897931     
 (  6.9117332825607614E-002,  1.0020178477709245E-016)
   1.0000000000000000                1          16
 (  0.0000000000000000     ,  0.0000000000000000     )
  -1.5707963267948966       -1.5707963267948966     
 ( 0.99999999999999689     , -8.2850393212652307E-015)
  -1.5707963267948966        0.0000000000000000     
 (  1.8946653523878427     ,  1.1285797533067528E-002)
  -1.5707963267948966        1.5707963267948966     
 (  1.0000000000000002     ,  9.6173069508154185E-015)
  -1.5707963267948966        3.1415926535897931     
 ( 0.10533464761215902     , -1.1285797533071316E-002)
   0.0000000000000000       -1.5707963267948966     
 (  1.8939675103700289     ,  8.7726985608335001E-003)
   0.0000000000000000        0.0000000000000000     
 (  1.9431374947002220     ,  0.0000000000000000     )
   0.0000000000000000        1.5707963267948966     
 (  1.8939675103700289     , -8.7726985608335001E-003)
   0.0000000000000000        3.1415926535897931     
 ( 0.83316106160971748     , -6.3019213624495403E-017)
   1.5707963267948966       -1.5707963267948966     
 (  1.0000000000000002     , -9.6173069508154185E-015)
   1.5707963267948966        0.0000000000000000     
 (  1.8946653523878427     , -1.1285797533067528E-002)
   1.5707963267948966        1.5707963267948966     
 ( 0.99999999999999689     ,  8.2850393212652307E-015)
   1.5707963267948966        3.1415926535897931     
 ( 0.10533464761215897     ,  1.1285797533071316E-002)
   3.1415926535897931       -1.5707963267948966     
 ( 0.10603248962997092     , -8.7726985608353597E-003)
   3.1415926535897931        0.0000000000000000     
 (  1.1668389383902846     , -4.2980563297786381E-017)
   3.1415926535897931        1.5707963267948966     
 ( 0.10603248962997092     ,  8.7726985608353597E-003)
   3.1415926535897931        3.1415926535897931     
 (  5.6862505299777329E-002,  1.0599977692228254E-016)
   1.0000000000000000                1          16
 (  0.0000000000000000     ,  0.0000000000000000     )
  -1.5707963267948966       -1.5707963267948966     
 ( 0.99999999999999956     , -3.4278135885301704E-015)
  -1.5707963267948966        0.0000000000000000     
 (  1.8673552831232605     ,  1.8607919067563809E-002)
  -1.5707963267948966        1.5707963267948966     
 ( 0.99999999999999933     , -2.4563684419831588E-015)
  -1.5707963267948966        3.1415926535897931     
 ( 0.13264471687674384     , -1.8607919067566831E-002)
   0.0000000000000000       -1.5707963267948966     
 (  1.8507241381331903     ,  1.9996581412585236E-002)
   0.0000000000000000        0.0000000000000000     
 (  1.9522890195927680     ,  0.0000000000000000     )
   0.0000000000000000        1.5707963267948966     
 (  1.8507241381331903     , -1.9996581412585236E-002)
   0.0000000000000000        3.1415926535897931     
 ( 0.54677914369359282     , -7.6073422778051883E-017)
   1.5707963267948966       -1.5707963267948966     
 ( 0.99999999999999933     ,  2.4563684419831588E-015)
   1.5707963267948966        0.0000000000000000     
 (  1.8673552831232605     , -1.8607919067563809E-002)
   1.5707963267948966        1.5707963267948966     
 ( 0.99999999999999956     ,  3.4278135885301704E-015)
   1.5707963267948966        3.1415926535897931     
 ( 0.13264471687674387     ,  1.8607919067566831E-002)
   3.1415926535897931       -1.5707963267948966     
 ( 0.14927586186681277     , -1.9996581412582589E-002)
   3.1415926535897931        0.0000000000000000     
 (  1.4532208563063918     , -2.2436541438038214E-017)
   3.1415926535897931        1.5707963267948966     
 ( 0.14927586186681277     ,  1.9996581412582540E-002)
   3.1415926535897931        3.1415926535897931     
 (  4.7710980407235169E-002,  9.8509964216087795E-017)
   1.0000000000000000                1          16
 (  0.0000000000000000     ,  0.0000000000000000     )
  -1.5707963267948966       -1.5707963267948966     
 ( 0.99999999999999478     ,  1.4988010832439625E-015)
  -1.5707963267948966        0.0000000000000000     
 (  1.8743609028970996     ,  1.7096614315222004E-002)
  -1.5707963267948966        1.5707963267948966     
 ( 0.99999999999998679     , -6.6613381477509392E-016)
  -1.5707963267948966        3.1415926535897931     
 ( 0.12563909710291046     , -1.7096614315223729E-002)
   0.0000000000000000       -1.5707963267948966     
 (  1.9087341255179682     ,  1.4394540102805053E-004)
   0.0000000000000000        0.0000000000000000     
 (  1.9657422002372493     ,  0.0000000000000000     )
   0.0000000000000000        1.5707963267948966     
 (  1.9087341255179682     , -1.4394540102805053E-004)
   0.0000000000000000        3.1415926535897931     
 ( 0.81415340269883973     , -6.3550629346378156E-017)
   1.5707963267948966       -1.5707963267948966     
 ( 0.99999999999998679     ,  6.6613381477509392E-016)
   1.5707963267948966        0.0000000000000000     
 (  1.8743609028970996     , -1.7096614315222004E-002)
   1.5707963267948966        1.5707963267948966     
 ( 0.99999999999999478     , -1.4988010832439625E-015)
   1.5707963267948966        3.1415926535897931     
 ( 0.12563909710291052     ,  1.7096614315223729E-002)
   3.1415926535897931       -1.5707963267948966     
 (  9.1265874482042209E-002, -1.4394540102621867E-004)
   3.1415926535897931        0.0000000000000000     
 (  1.1858465973011461     , -3.8657582761024330E-017)
   3.1415926535897931        1.5707963267948966     
 (  9.1265874482042209E-002,  1.4394540102621867E-004)
   3.1415926535897931        3.1415926535897931     
 (  3.4257799762760735E-002,  1.0220821210739950E-016)
   1.0000000000000000                1          16
 (  0.0000000000000000     ,  0.0000000000000000     )
  -1.5707963267948966       -1.5707963267948966     
 ( 0.99999999999999323     ,  4.5796699765787766E-016)
  -1.5707963267948966        0.0000000000000000     
 (  1.8552241323205876     ,  2.7103602467292966E-002)
  -1.5707963267948966        1.5707963267948966     
 ( 0.99999999999999534     , -6.2450045135165055E-016)
  -1.5707963267948966        3.1415926535897931     
 ( 0.14477586767941950     , -2.7103602467284819E-002)
   0.0000000000000000       -1.5707963267948966     
 (  1.8482558229488442     , -5.2301969697838430E-003)
   0.0000000000000000        0.0000000000000000     
 (  1.9441648866822023     ,  0.0000000000000000     )
   0.0000000000000000        1.5707963267948966     
 (  1.8482558229488442     ,  5.2301969697838430E-003)
   0.0000000000000000        3.1415926535897931     
 ( 0.95975323420278302     , -4.7891841773790639E-017)
   1.5707963267948966       -1.5707963267948966     
 ( 0.99999999999999534     ,  6.2450045135165055E-016)
   1.5707963267948966        0.0000000000000000     
 (  1.8552241323205876     , -2.7103602467292966E-002)
   1.5707963267948966        1.5707963267948966     
 ( 0.99999999999999323     , -4.5796699765787766E-016)
   1.5707963267948966        3.1415926535897931     
 ( 0.14477586767941955     ,  2.7103602467284819E-002)
   3.1415926535897931       -1.5707963267948966     
 ( 0.15174417705115750     ,  5.2301969697906986E-003)
   3.1415926535897931        0.0000000000000000     
 (  1.0402467657972188     , -4.7776154658077305E-017)
   3.1415926535897931        1.5707963267948966     
 ( 0.15174417705115750     , -5.2301969697907402E-003)
   3.1415926535897931        3.1415926535897931     
 (  5.5835113317801228E-002,  9.5667996431865645E-017)
   1.0000000000000000                1          16
 (  0.0000000000000000     ,  0.0000000000000000     )
  -1.5707963267948966       -1.5707963267948966     
 ( 0.99999999999999456     , -2.9212743335449428E-015)
  -1.5707963267948966        0.0000000000000000     
 (  1.7853106975443700     , -9.1695203573251022E-004)
  -1.5707963267948966        1.5707963267948966     
 ( 0.99999999999999278     ,  6.1964322561891549E-015)
  -1.5707963267948966        3.1415926535897931     
 ( 0.21468930245563117     ,  9.1695203573256574E-004)
   0.0000000000000000       -1.5707963267948966     
 (  1.8300037424097073     , -1.3048042933118557E-002)
   0.0000000000000000        0.0000000000000000     
 (  1.9208864958286762     ,  0.0000000000000000     )
   0.0000000000000000        1.5707963267948966     
 (  1.8300037424097073     ,  1.3048042933118557E-002)
   0.0000000000000000        3.1415926535897931     
 ( 0.71875886407311984     , -6.0881236111259620E-017)
   1.5707963267948966       -1.5707963267948966     
 ( 0.99999999999999278     , -6.1964322561891549E-015)
   1.5707963267948966        0.0000000000000000     
 (  1.7853106975443700     ,  9.1695203573251022E-004)
   1.5707963267948966        1.5707963267948966     
 ( 0.99999999999999456     ,  2.9212743335449428E-015)
   1.5707963267948966        3.1415926535897931     
 ( 0.21468930245563123     , -9.1695203573256574E-004)
   3.1415926535897931       -1.5707963267948966     
 ( 0.16999625759029793     ,  1.3048042933118072E-002)
   3.1415926535897931        0.0000000000000000     
 (  1.2812411359268869     , -2.2451441151033744E-017)
   3.1415926535897931        1.5707963267948966     
 ( 0.16999625759029793     , -1.3048042933118120E-002)
   3.1415926535897931        3.1415926535897931     
 (  7.9113504171330090E-002,  8.3332677262294159E-017)
   1.0000000000000000                1          16
 (  0.0000000000000000     ,  0.0000000000000000     )
  -1.5707963267948966       -1.5707963267948966     
 ( 0.99999999999999545     , -9.1315843775419110E-015)
  -1.5707963267948966        0.0000000000000000     
 (  1.8780332197371732     ,  9.9873439069940000E-003)
  -1.5707963267948966        1.5707963267948966     
 ( 0.99999999999999190     , -7.1331829332166308E-015)
  -1.5707963267948966        3.1415926535897931     
 ( 0.12196678026283427     , -9.9873439069965795E-003)
   0.0000000000000000       -1.5707963267948966     
 (  1.8659826944271378     ,  1.9971603740399052E-002)
   0.0000000000000000        0.0000000000000000     
 (  1.9313538860734367     ,  0.0000000000000000     )
   0.0000000000000000        1.5707963267948966     
 (  1.8659826944271378     , -1.9971603740399052E-002)
   0.0000000000000000        3.1415926535897931     
 (  1.2329227708238220     , -3.7206725484610926E-017)
   1.5707963267948966       -1.5707963267948966     
 ( 0.99999999999999190     ,  7.1331829332166308E-015)
   1.5707963267948966        0.0000000000000000     
 (  1.8780332197371732     , -9.9873439069940000E-003)
   1.5707963267948966        1.5707963267948966     
 ( 0.99999999999999545     ,  9.1315843775419110E-015)
   1.5707963267948966        3.1415926535897931     
 ( 0.12196678026283438     ,  9.9873439069965795E-003)
   3.1415926535897931       -1.5707963267948966     
 ( 0.13401730557286870     , -1.9971603740397109E-002)
   3.1415926535897931        0.0000000000000000     
 ( 0.76707722917616805     , -6.5984582598618524E-017)
   3.1415926535897931        1.5707963267948966     
 ( 0.13401730557286870     ,  1.9971603740397109E-002)
   3.1415926535897931        3.1415926535897931     
 (  6.8646113926570565E-002,  1.0319130808322755E-016)
   1.0000000000000000                1          16
 (  0.0000000000000000     ,  0.0000000000000000     )
  -1.5707963267948966       -1.5707963267948966     
 ( 0.99999999999999223     , -9.5756735873919653E-016)
  -1.5707963267948966        0.0000000000000000     
 (  1.8384433666476303     , -2.3322389129934167E-002)
  -1.5707963267948966        1.5707963267948966     
 (  1.0000000000000051     , -2.8171909249863347E-015)
  -1.5707963267948966        3.1415926535897931     
 ( 0.16155663335237821     ,  2.3322389129934621E-002)
   0.0000000000000000       -1.5707963267948966     
 (  1.8552131381300858     , -6.8297697234185328E-003)
   0.0000000000000000        0.0000000000000000     
 (  1.9334493142457301     ,  0.0000000000000000     )
   0.0000000000000000        1.5707963267948966     
 (  1.8552131381300858     ,  6.8297697234185328E-003)
   0.0000000000000000        3.1415926535897931     
 (  1.2384049620859290     , -3.2141618228072296E-017)
   1.5707963267948966       -1.5707963267948966     
 (  1.0000000000000051     ,  2.8171909249863347E-015)
   1.5707963267948966        0.0000000000000000     
 (  1.8384433666476303     ,  2.3322389129934167E-002)
   1.5707963267948966        1.5707963267948966     
 ( 0.99999999999999223     ,  9.5756735873919653E-016)
   1.5707963267948966        3.1415926535897931     
 ( 0.16155663335237833     , -2.3322389129934621E-002)
   3.1415926535897931       -1.5707963267948966     
 ( 0.14478686186992121     ,  6.8297697234186577E-003)
   3.1415926535897931        0.0000000000000000     
 ( 0.76159503791403627     , -5.7264337546595648E-017)
   3.1415926535897931        1.5707963267948966     
 ( 0.14478686186992121     , -6.8297697234186577E-003)
   3.1415926535897931        3.1415926535897931     
 (  6.6550685754278555E-002,  8.9405955774662761E-017)
   1.0000000000000000                1          16
 (  0.0000000000000000     ,  0.0000000000000000     )
  -1.5707963267948966       -1.5707963267948966     
 ( 0.99999999999999234     ,  1.3877787807814575E-016)
  -1.5707963267948966        0.0000000000000000     
 (  1.8470854862886150     ,  1.4137546332814725E-002)
  -1.5707963267948966        1.5707963267948966     
 ( 0.99999999999999356     ,  8.0491169285323849E-016)
  -1.5707963267948966        3.1415926535897931     
 ( 0.15291451371139456     , -1.4137546332813392E-002)
   0.0000000000000000       -1.5707963267948966     
 (  1.8796134152717077     , -1.3040088671349620E-002)
   0.0000000000000000        0.0000000000000000     
 (  1.9499309696841860     ,  0.0000000000000000     )
   0.0000000000000000        1.5707963267948966     
 (  1.8796134152717077     ,  1.3040088671349620E-002)
   0.0000000000000000        3.1415926535897931     
 (  1.0327209568109004     , -4.5954548241850792E-017)
   1.5707963267948966       -1.5707963267948966     
 ( 0.99999999999999356     , -8.0491169285323849E-016)
   1.5707963267948966        0.0000000000000000     
 (  1.8470854862886150     , -1.4137546332814725E-002)
   1.5707963267948966        1.5707963267948966     
 ( 0.99999999999999234     , -1.3877787807814575E-016)
   1.5707963267948966        3.1415926535897931     
 ( 0.15291451371139450     ,  1.4137546332813392E-002)
   3.1415926535897931       -1.5707963267948966     
 ( 0.12038658472830260     ,  1.3040088671351452E-002)
   3.1415926535897931        0.0000000000000000     
 ( 0.96727904318907842     , -4.9306487704623768E-017)
   3.1415926535897931        1.5707963267948966     
 ( 0.12038658472830260     , -1.3040088671351452E-002)
   3.1415926535897931        3.1415926535897931     
 (  5.0069030315825568E-002,  9.5261035946470598E-017)
   1.0000000000000000                1          16
 (  0.0000000000000000     ,  0.0000000000000000     )
  -1.5707963267948966       -1.5707963267948966     
 (  1.0000000000000016     ,  1.0130785099704553E-015)
  -1.5707963267948966        0.0000000000000000     
 (  1.8160438900461111     ,  1.6796875028644492E-002)
  -1.5707963267948966        1.5707963267948966     
 (  1.0000000000000013     , -2.9143354396410359E-016)
  -1.5707963267948966        3.1415926535897931     
 ( 0.18395610995388806     , -1.6796875028647212E-002)
   0.0000000000000000       -1.5707963267948966     
 (  1.8541081368593495     , -3.1061615247875984E-002)
   0.0000000000000000        0.0000000000000000     
 (  1.9309203911196382     ,  0.0000000000000000     )
   0.0000000000000000        1.5707963267948966     
 (  1.8541081368593495     ,  3.1061615247875984E-002)
   0.0000000000000000        3.1415926535897931     
 (  1.1751692940337035     , -3.3065669199438270E-017)
   1.5707963267948966       -1.5707963267948966     
 (  1.0000000000000013     ,  2.9143354396410359E-016)
   1.5707963267948966        0.0000000000000000     
 (  1.8160438900461111     , -1.6796875028644492E-002)
   1.5707963267948966        1.5707963267948966     
 (  1.0000000000000016     , -1.0130785099704553E-015)
   1.5707963267948966        3.1415926535897931     
 ( 0.18395610995388817     ,  1.6796875028647212E-002)
   3.1415926535897931       -1.5707963267948966     
 ( 0.14589186314065158     ,  3.1061615247877788E-002)
   3.1415926535897931        0.0000000000000000     
 ( 0.82483070596629304     , -5.5717169614903905E-017)
   3.1415926535897931        1.5707963267948966     
 ( 0.14589186314065158     , -3.1061615247877788E-002)
   3.1415926535897931        3.1415926535897931     
 (  6.9079608880359730E-002,  8.8782838814341558E-017)
   1.0000000000000000                1          16
 (  0.0000000000000000     ,  0.0000000000000000     )
  -1.5707963267948966       -1.5707963267948966     
 ( 0.99999999999999911     , -2.9698465908722934E-015)
  -1.5707963267948966        0.0000000000000000     
 (  1.8322360125686215     ,  1.0899482446117756E-002)
  -1.5707963267948966        1.5707963267948966     
 ( 0.99999999999999767     , -1.4155343563970746E-015)
  -1.5707963267948966        3.1415926535897931     
 ( 0.16776398743138038     , -1.0899482446117425E-002)
   0.0000000000000000       -1.5707963267948966     
 (  1.8273038148933196     ,  4.0383013820820990E-002)
   0.0000000000000000        0.0000000000000000     
 (  1.9171028857086445     ,  0.0000000000000000     )
   0.0000000000000000        1.5707963267948966     
 (  1.8273038148933196     , -4.0383013820820990E-002)
   0.0000000000000000        3.1415926535897931     
 (  1.1191272302477813     , -4.2810195010402655E-017)
   1.5707963267948966       -1.5707963267948966     
 ( 0.99999999999999767     ,  1.4155343563970746E-015)
   1.5707963267948966        0.0000000000000000     
 (  1.8322360125686215     , -1.0899482446117756E-002)
   1.5707963267948966        1.5707963267948966     
 ( 0.99999999999999911     ,  2.9698465908722934E-015)
   1.5707963267948966        3.1415926535897931     
 ( 0.16776398743138038     ,  1.0899482446117425E-002)
   3.1415926535897931       -1.5707963267948966     
 ( 0.17269618510668222     , -4.0383013820821489E-002)
   3.1415926535897931        0.0000000000000000     
 ( 0.88087276975221973     , -5.4392401908849060E-017)
   3.1415926535897931        1.5707963267948966     
 ( 0.17269618510668222     ,  4.0383013820821489E-002)
   3.1415926535897931        3.1415926535897931     
 (  8.2897114291354573E-002,  9.7202596919251185E-017)
   1.0000000000000000                1          16
 (  0.0000000000000000     ,  0.0000000000000000     )
  -1.5707963267948966       -1.5707963267948966     
 ( 0.99999999999999911     ,  1.6653345369377350E-015)
  -1.5707963267948966        0.0000000000000000     
 (  1.8381210805253227     ,  2.3987437808241314E-002)
  -1.5707963267948966        1.5707963267948966     
 ( 0.99999999999999911     ,  1.2767564783189300E-015)
  -1.5707963267948966        3.1415926535897931     
 ( 0.16187891947467895     , -2.3987437808240312E-002)
   0.0000000000000000       -1.5707963267948966     
 (  1.8365035414532103     ,  1.0077211761164245E-002)
   0.0000000000000000        0.0000000000000000     
 (  1.9195045047405834     ,  0.0000000000000000     )
   0.0000000000000000        1.5707963267948966     
 (  1.8365035414532103     , -1.0077211761164245E-002)
   0.0000000000000000        3.1415926535897931     
 (  1.0160804315373908     , -4.6388186087208889E-017)
   1.5707963267948966       -1.5707963267948966     
 ( 0.99999999999999911     , -1.2767564783189300E-015)
   1.5707963267948966        0.0000000000000000     
 (  1.8381210805253227     , -2.3987437808241314E-002)
   1.5707963267948966        1.5707963267948966     
 ( 0.99999999999999911     , -1.6653345369377350E-015)
   1.5707963267948966        3.1415926535897931     
 ( 0.16187891947467883     ,  2.3987437808240312E-002)
   3.1415926535897931       -1.5707963267948966     
 ( 0.16349645854679071     , -1.0077211761165342E-002)
   3.1415926535897931        0.0000000000000000     
 ( 0.98391956846260908     , -5.0259073773439075E-017)
   3.1415926535897931        1.5707963267948966     
 ( 0.16349645854679071     ,  1.0077211761165356E-002)
   3.1415926535897931        3.1415926535897931     
 (  8.0495495259418820E-002,  9.6647259860647712E-017)
   1.0000000000000000                1          16
 (  0.0000000000000000     ,  0.0000000000000000     )
  -1.5707963267948966       -1.5707963267948966     
 (  1.0000000000000002     , -8.8817841970012504E-016)
  -1.5707963267948966        0.0000000000000000     
 (  1.8516525661689838     ,  2.7198764962800159E-002)
  -1.5707963267948966        1.5707963267948966     
 ( 0.99999999999999489     , -1.2490009027033011E-015)
  -1.5707963267948966        3.1415926535897931     
 ( 0.14834743383101737     , -2.7198764962799993E-002)
   0.0000000000000000       -1.5707963267948966     
 (  1.8853074319568739     ,  3.2545295609431174E-003)
   0.0000000000000000        0.0000000000000000     
 (  1.9150202967947034     ,  0.0000000000000000     )
   0.0000000000000000        1.5707963267948966     
 (  1.8853074319568739     , -3.2545295609431174E-003)
   0.0000000000000000        3.1415926535897931     
 (  1.0938497492803347     , -4.7041982567616889E-017)
   1.5707963267948966       -1.5707963267948966     
 ( 0.99999999999999489     ,  1.2490009027033011E-015)
   1.5707963267948966        0.0000000000000000     
 (  1.8516525661689838     , -2.7198764962800159E-002)
   1.5707963267948966        1.5707963267948966     
 (  1.0000000000000002     ,  8.8817841970012504E-016)
   1.5707963267948966        3.1415926535897931     
 ( 0.14834743383101731     ,  2.7198764962799993E-002)
   3.1415926535897931       -1.5707963267948966     
 ( 0.11469256804312826     , -3.2545295609436448E-003)
   3.1415926535897931        0.0000000000000000     
 ( 0.90615025071966637     , -5.7346052831315337E-017)
   3.1415926535897931        1.5707963267948966     
 ( 0.11469256804312826     ,  3.2545295609436448E-003)
   3.1415926535897931        3.1415926535897931     
 (  8.4979703205297685E-002,  1.0438803539893218E-016)
   1.0000000000000000                1          16
 (  0.0000000000000000     ,  0.0000000000000000     )
  -1.5707963267948966       -1.5707963267948966     
 ( 0.99999999999999600     , -2.8449465006019632E-015)
  -1.5707963267948966        0.0000000000000000     
 (  1.8428019276898808     ,  1.7823819885388212E-002)
  -1.5707963267948966        1.5707963267948966     
 (  1.0000000000000007     , -3.2057689836051395E-015)
  -1.5707963267948966        3.1415926535897931     
 ( 0.15719807231012353     , -1.7823819885389770E-002)
   0.0000000000000000       -1.5707963267948966     
 (  1.8367648540259827     ,  1.5572923775665229E-002)
   0.0000000000000000        0.0000000000000000     
 (  1.9645635240414914     ,  0.0000000000000000     )
   0.0000000000000000        1.5707963267948966     
 (  1.8367648540259827     , -1.5572923775665229E-002)
   0.0000000000000000        3.1415926535897931     
 (  1.0804172894868578     , -4.0394652714821075E-017)
   1.5707963267948966       -1.5707963267948966     
 (  1.0000000000000007     ,  3.2057689836051395E-015)
   1.5707963267948966        0.0000000000000000     
 (  1.8428019276898808     , -1.7823819885388212E-002)
   1.5707963267948966        1.5707963267948966     
 ( 0.99999999999999600     ,  2.8449465006019632E-015)
   1.5707963267948966        3.1415926535897931     
 ( 0.15719807231012364     ,  1.7823819885389770E-002)
   3.1415926535897931       -1.5707963267948966     
 ( 0.16323514597402178     , -1.5572923775666089E-002)
   3.1415926535897931        0.0000000000000000     
 ( 0.91958271051312690     , -5.1257913896910195E-017)
   3.1415926535897931        1.5707963267948966     
 ( 0.16323514597402178     ,  1.5572923775666089E-002)
   3.1415926535897931        3.1415926535897931     
 (  3.5436475958512473E-002,  9.1652566611729113E-017)
