   -1.000000     -1.000000
  1    1       -0.00193751        0.00112723       -0.00000000        0.00000000
   -1.000000      0.000000
  1    1        0.33166969        0.00387174       -0.00000000        0.00000000
   -1.000000      1.000000
  1    1       -0.00011766        0.00104865        0.00000000        0.00000000
   -1.000000      2.000000
  1    1       -0.09129625        0.00443409       -0.00000000        0.00000000
    0.000000     -1.000000
  1    1        0.32309391        0.00485593       -0.00000000        0.00000000
    0.000000      0.000000
  1    1        1.00000000        0.00000000       -0.00000000        0.00000000
    0.000000      1.000000
  1    1        0.32309391        0.00485593        0.00000000        0.00000000
    0.000000      2.000000
  1    1        0.00000000        0.00000000       -0.00000000        0.00000000
    1.000000     -1.000000
  1    1        0.00011766        0.00104865        0.00000000        0.00000000
    1.000000      0.000000
  1    1        0.33166969        0.00387174        0.00000000        0.00000000
    1.000000      1.000000
  1    1        0.00193751        0.00112723        0.00000000        0.00000000
    1.000000      2.000000
  1    1       -0.09129625        0.00443409       -0.00000000        0.00000000
    2.000000     -1.000000
  1    1       -0.09720361        0.00417624       -0.00000000        0.00000000
    2.000000      0.000000
  1    1        0.00000000        0.00000000       -0.00000000        0.00000000
    2.000000      1.000000
  1    1       -0.09720361        0.00417624       -0.00000000        0.00000000
    2.000000      2.000000
  1    1       -0.00000000        0.00000000       -0.00000000        0.00000000
