   -1.570796     -1.570796
  1    1        1.00000000        0.00000010       -0.00000000        0.00000000
   -1.570796      0.000000
  1    1        1.85436441        0.00339708       -0.00007048        0.00211105
   -1.570796      1.570796
  1    1        1.00000000        0.00000012        0.00000000        0.00000000
   -1.570796      3.141593
  1    1        0.14563559        0.00339708        0.00007048        0.00211105
    0.000000     -1.570796
  1    1        1.85693308        0.00462384        0.00109313        0.00204464
    0.000000      0.000000
  1    1        1.93528190        0.00201069        0.00000000        0.00000000
    0.000000      1.570796
  1    1        1.85693308        0.00462384       -0.00109313        0.00204464
    0.000000      3.141593
  1    1        0.99819769        0.02762725       -0.00000000        0.00000000
    1.570796     -1.570796
  1    1        1.00000000        0.00000012       -0.00000000        0.00000000
    1.570796      0.000000
  1    1        1.85436441        0.00339708        0.00007048        0.00211105
    1.570796      1.570796
  1    1        1.00000000        0.00000010        0.00000000        0.00000000
    1.570796      3.141593
  1    1        0.14563559        0.00339708       -0.00007048        0.00211105
    3.141593     -1.570796
  1    1        0.14306692        0.00462384       -0.00109313        0.00204464
    3.141593      0.000000
  1    1        1.00180231        0.02762725       -0.00000000        0.00000000
    3.141593      1.570796
  1    1        0.14306692        0.00462384        0.00109313        0.00204464
    3.141593      3.141593
  1    1        0.06471810        0.00201069        0.00000000        0.00000000
