           2              (-20.569569420582948,0.0000000000000000)   1.0000000000000000     
           2              (-20.500661648791088,0.0000000000000000)   1.0000000000000000     
           2              (-20.509004557373341,0.0000000000000000)   1.0000000000000000     
           2              (-20.614376759641274,0.0000000000000000)   1.0000000000000000     
           2              (-20.849412752322074,0.0000000000000000)   1.0000000000000000     
           2              (-20.880170606086747,0.0000000000000000)   1.0000000000000000     
           2              (-20.172951399813005,0.0000000000000000)   1.0000000000000000     
           2              (-20.978608114990543,0.0000000000000000)   1.0000000000000000     
           2              (-21.348084222772570,0.0000000000000000)   1.0000000000000000     
           2              (-21.320682982264096,0.0000000000000000)   1.0000000000000000     
           2              (-21.594921122069959,0.0000000000000000)   1.0000000000000000     
           2              (-21.244818848097378,0.0000000000000000)   1.0000000000000000     
           2              (-20.818607225579939,0.0000000000000000)   1.0000000000000000     
           2              (-21.081973285733930,0.0000000000000000)   1.0000000000000000     
