           2               (16.000000000000053,0.0000000000000000)   1.0000000000000000     
           2               (16.000000000000000,0.0000000000000000)   1.0000000000000000     
           2               (16.000000000000000,0.0000000000000000)   1.0000000000000000     
           2               (16.000000000000000,0.0000000000000000)   1.0000000000000000     
           2               (16.000000000000000,0.0000000000000000)   1.0000000000000000     
           2               (16.000000000000000,0.0000000000000000)   1.0000000000000000     
           2               (16.000000000000000,0.0000000000000000)   1.0000000000000000     
           2               (16.000000000000000,0.0000000000000000)   1.0000000000000000     
           2               (16.000000000000000,0.0000000000000000)   1.0000000000000000     
           2               (16.000000000000000,0.0000000000000000)   1.0000000000000000     
           2               (16.000000000000000,0.0000000000000000)   1.0000000000000000     
           2               (16.000000000000000,0.0000000000000000)   1.0000000000000000     
           2               (16.000000000000000,0.0000000000000000)   1.0000000000000000     
           2               (16.000000000000000,0.0000000000000000)   1.0000000000000000     
