           2 ( -8.8339362983985890     ,  0.0000000000000000     )   1.0000000000000000     
           2 ( -8.8189612692618873     ,  0.0000000000000000     )   1.0000000000000000     
           2 ( -8.4326055175543626     ,  0.0000000000000000     )   1.0000000000000000     
           2 ( -8.9667148900704756     ,  0.0000000000000000     )   1.0000000000000000     
           2 ( -8.0377639160028220     ,  0.0000000000000000     )   1.0000000000000000     
           2 ( -7.7442533449375315     ,  0.0000000000000000     )   1.0000000000000000     
           2 ( -7.3798609692955459     ,  0.0000000000000000     )   1.0000000000000000     
           2 ( -6.6979979759705790     ,  0.0000000000000000     )   1.0000000000000000     
           2 ( -7.5061503816755755     ,  0.0000000000000000     )   1.0000000000000000     
           2 ( -7.2455848747102616     ,  0.0000000000000000     )   1.0000000000000000     
           2 ( -8.4590614023618453     ,  0.0000000000000000     )   1.0000000000000000     
           2 ( -9.2851838430289444     ,  0.0000000000000000     )   1.0000000000000000     
           2 ( -7.4452519298562274     ,  0.0000000000000000     )   1.0000000000000000     
           2 ( -8.7905087139043232     ,  0.0000000000000000     )   1.0000000000000000     
           2 ( -8.0192947134021484     ,  0.0000000000000000     )   1.0000000000000000     
           2 ( -9.1898428241964591     ,  0.0000000000000000     )   1.0000000000000000     
           2 ( -9.0540692266968463     ,  0.0000000000000000     )   1.0000000000000000     
           2 ( -9.3645514974494457     ,  0.0000000000000000     )   1.0000000000000000     
           2 ( -9.2577296229458508     ,  0.0000000000000000     )   1.0000000000000000     
           2 ( -8.2628885206795459     ,  0.0000000000000000     )   1.0000000000000000     
