           2 (  3.3096420345511528E-026,  0.0000000000000000     )   1.0000000000000000     
           2 (  3.8377218619851297E-026,  0.0000000000000000     )   1.0000000000000000     
           2 (  3.7724781018313746E-026,  0.0000000000000000     )   1.0000000000000000     
           2 (  3.1068172848429669E-026,  0.0000000000000000     )   1.0000000000000000     
           2 (  2.7970533789600824E-026,  0.0000000000000000     )   1.0000000000000000     
           2 (  1.0294297052575089E-025,  0.0000000000000000     )   1.0000000000000000     
           2 (  2.1267480073734856E-026,  0.0000000000000000     )   1.0000000000000000     
           2 (  4.3553744471046883E-026,  0.0000000000000000     )   1.0000000000000000     
           2 (  3.2006849487738699E-026,  0.0000000000000000     )   1.0000000000000000     
           2 (  7.0995593049238138E-026,  0.0000000000000000     )   1.0000000000000000     
           2 (  1.0257042103876840E-025,  0.0000000000000000     )   1.0000000000000000     
           2 (  1.3188196314524572E-025,  0.0000000000000000     )   1.0000000000000000     
           2 (  7.8568904653404615E-026,  0.0000000000000000     )   1.0000000000000000     
           2 (  1.2859411559306584E-025,  0.0000000000000000     )   1.0000000000000000     
           2 (  6.4536557960493584E-026,  0.0000000000000000     )   1.0000000000000000     
           2 (  7.5337047170816887E-026,  0.0000000000000000     )   1.0000000000000000     
           2 (  3.5437749183152641E-026,  0.0000000000000000     )   1.0000000000000000     
           2 (  1.1738503150135334E-026,  0.0000000000000000     )   1.0000000000000000     
           2 (  1.7019711018495722E-026,  0.0000000000000000     )   1.0000000000000000     
           2 (  2.4375335405152866E-026,  0.0000000000000000     )   1.0000000000000000     
           2         (1.13199221605255968E-026,0.0000000000000000)   1.0000000000000000     
           2         (3.47941507802515970E-026,0.0000000000000000)   1.0000000000000000     
           2         (1.67307523053450223E-026,0.0000000000000000)   1.0000000000000000     
           2         (4.57552219630208870E-027,0.0000000000000000)   1.0000000000000000     
           2         (1.07305377070921718E-026,0.0000000000000000)   1.0000000000000000     
           2         (7.71282206679242065E-027,0.0000000000000000)   1.0000000000000000     
           2         (7.90529687068738655E-027,0.0000000000000000)   1.0000000000000000     
           2         (4.07571696496876294E-027,0.0000000000000000)   1.0000000000000000     
           2         (1.72462311503291632E-026,0.0000000000000000)   1.0000000000000000     
           2         (5.06720724762645963E-026,0.0000000000000000)   1.0000000000000000     
           2         (1.43773525305098926E-026,0.0000000000000000)   1.0000000000000000     
           2         (2.45360617581278151E-026,0.0000000000000000)   1.0000000000000000     
           2         (1.74716587288332490E-026,0.0000000000000000)   1.0000000000000000     
           2         (1.96589615639891363E-026,0.0000000000000000)   1.0000000000000000     
           2         (4.72156426475410576E-026,0.0000000000000000)   1.0000000000000000     
           2         (2.32232780673154045E-026,0.0000000000000000)   1.0000000000000000     
           2         (3.08749081126572159E-026,0.0000000000000000)   1.0000000000000000     
           2         (4.38946883718994897E-025,0.0000000000000000)   1.0000000000000000     
           2         (4.38946883718994897E-025,0.0000000000000000)   1.0000000000000000     
           2         (4.38946883718994897E-025,0.0000000000000000)   1.0000000000000000     
           2         (1.64421203911441922E-026,0.0000000000000000)   1.0000000000000000     
           2         (2.16103542099867921E-026,0.0000000000000000)   1.0000000000000000     
           2         (1.95107569703722130E-026,0.0000000000000000)   1.0000000000000000     
           2         (8.28133557324543087E-027,0.0000000000000000)   1.0000000000000000     
           2         (3.87288643800507675E-026,0.0000000000000000)   1.0000000000000000     
           2         (1.94734101503343077E-026,0.0000000000000000)   1.0000000000000000     
           2         (1.66200202215290026E-026,0.0000000000000000)   1.0000000000000000     
           2         (1.02594085854598255E-026,0.0000000000000000)   1.0000000000000000     
           2         (3.34871696770994702E-026,0.0000000000000000)   1.0000000000000000     
           2         (1.66596339802181527E-026,0.0000000000000000)   1.0000000000000000     
           2         (5.56750031713233350E-027,0.0000000000000000)   1.0000000000000000     
           2         (1.40369468519584429E-026,0.0000000000000000)   1.0000000000000000     
           2         (1.88241594988794922E-026,0.0000000000000000)   1.0000000000000000     
           2         (9.76755186201999199E-027,0.0000000000000000)   1.0000000000000000     
           2         (1.40015654353540971E-026,0.0000000000000000)   1.0000000000000000     
           2         (2.62397590710690187E-026,0.0000000000000000)   1.0000000000000000     
           2         (7.64171810217896771E-027,0.0000000000000000)   1.0000000000000000     
