   -1.570796     -1.570796
  1    1        0.27999786        1.74720454       -0.00000000        0.00000000
   -1.570796      0.000000
  1    1        0.12660855        0.37634930        0.00000000        0.00000000
   -1.570796      1.570796
  1    1        1.80809906        1.45397522       -0.00000000        0.00000000
   -1.570796      3.141593
  1    1        0.22639274        1.44707108       -0.00000000        0.00000000
    0.000000     -1.570796
  1    1        0.39539217        1.02947504        0.00000000        0.00000000
    0.000000      0.000000
  1    1       12.86484279        3.27560710        0.00000000        0.00000000
    0.000000      1.570796
  1    1        0.39539217        1.02947504       -0.00000000        0.00000000
    0.000000      3.141593
  1    1        1.05099530        1.57015891        0.00000000        0.00000000
    1.570796     -1.570796
  1    1        1.80809906        1.45397522        0.00000000        0.00000000
    1.570796      0.000000
  1    1        0.12660855        0.37634930       -0.00000000        0.00000000
    1.570796      1.570796
  1    1        0.27999786        1.74720454        0.00000000        0.00000000
    1.570796      3.141593
  1    1        0.22639274        1.44707108       -0.00000000        0.00000000
    3.141593     -1.570796
  1    1       -1.09857807        0.81897126       -0.00000000        0.00000000
    3.141593      0.000000
  1    1       -1.02721019        1.62989360        0.00000000        0.00000000
    3.141593      1.570796
  1    1       -1.09857807        0.81897126       -0.00000000        0.00000000
    3.141593      3.141593
  1    1       -0.36445249        1.50515823        0.00000000        0.00000000
