   -1.000000     -1.000000
  1    1        0.49271251        0.06931848       -0.00000000        0.00000000
   -1.000000      0.000000
  1    1        0.76568033        0.14123991       -0.00000000        0.00000000
   -1.000000      1.000000
  1    1        0.45583285        0.07210196       -0.00000000        0.00000000
   -1.000000      2.000000
  1    1        1.07206213        0.27861484        0.00000000        0.00000000
    0.000000     -1.000000
  1    1        0.82739974        0.18842125       -0.00000000        0.00000000
    0.000000      0.000000
  1    1        1.00000000        0.00000000        0.00000000        0.00000000
    0.000000      1.000000
  1    1        0.82739974        0.18842125        0.00000000        0.00000000
    0.000000      2.000000
  1    1        0.38172188        0.08996621        0.00000000        0.00000000
    1.000000     -1.000000
  1    1        0.45583285        0.07210196       -0.00000000        0.00000000
    1.000000      0.000000
  1    1        0.76568033        0.14123991       -0.00000000        0.00000000
    1.000000      1.000000
  1    1        0.49271251        0.06931848       -0.00000000        0.00000000
    1.000000      2.000000
  1    1        1.07206213        0.27861484       -0.00000000        0.00000000
    2.000000     -1.000000
  1    1        0.78662802        0.14801831       -0.00000000        0.00000000
    2.000000      0.000000
  1    1        4.97857538        4.51352031        0.00000000        0.00000000
    2.000000      1.000000
  1    1        0.78662802        0.14801831        0.00000000        0.00000000
    2.000000      2.000000
  1    1        0.52585398        0.08934017       -0.00000000        0.00000000
