   1.0000000000000000                1          16
 (  0.0000000000000000     ,  0.0000000000000000     )
  -1.5707963267948966       -1.5707963267948966     
 ( -13.430912074784164     ,  6.5158651080648201E-015)
  -1.5707963267948966        0.0000000000000000     
 ( -4.4307469286309198     ,  1.9974245015520065E-015)
  -1.5707963267948966        1.5707963267948966     
 (-0.21999723474103944     ,  6.3837823915946501E-015)
  -1.5707963267948966        3.1415926535897931     
 ( -8.9890883104848793     ,  3.4578235701794083E-015)
   0.0000000000000000       -1.5707963267948966     
 (  36.498547715997901     , -3.9910826562263175E-016)
   0.0000000000000000        0.0000000000000000     
 (  63.367270202365816     ,  0.0000000000000000     )
   0.0000000000000000        1.5707963267948966     
 (  36.498547715997901     ,  3.9910826562263175E-016)
   0.0000000000000000        3.1415926535897931     
 (  35.999997674884092     ,  1.6147073639022096E-015)
   1.5707963267948966       -1.5707963267948966     
 (-0.21999723474103944     , -6.3837823915946501E-015)
   1.5707963267948966        0.0000000000000000     
 ( -4.4307469286309198     , -1.9974245015520065E-015)
   1.5707963267948966        1.5707963267948966     
 ( -13.430912074784164     , -6.5158651080648201E-015)
   1.5707963267948966        3.1415926535897931     
 ( -8.9890883104848793     , -3.6377473470891317E-015)
   3.1415926535897931       -1.5707963267948966     
 ( -20.547901609903903     ,  2.8415989197979763E-015)
   3.1415926535897931        0.0000000000000000     
 ( -35.998037530993201     ,  2.2184921637037634E-015)
   3.1415926535897931        1.5707963267948966     
 ( -20.547901609903903     ,  1.4748805530241844E-015)
   3.1415926535897931        3.1415926535897931     
 ( -25.129033461162667     ,  5.3993900105430810E-016)
   1.0000000000000000                1          16
 (  0.0000000000000000     ,  0.0000000000000000     )
  -1.5707963267948966       -1.5707963267948966     
 ( 0.89778673438103451     ,  3.9205860006213858E-016)
  -1.5707963267948966        0.0000000000000000     
 ( 0.53401033741823878     , -1.0366199494710944E-016)
  -1.5707963267948966        1.5707963267948966     
 ( 0.89507872505457375     , -1.1102230246251565E-016)
  -1.5707963267948966        3.1415926535897931     
 ( 0.93172554909438854     , -1.8400733801160511E-016)
   0.0000000000000000       -1.5707963267948966     
 (  1.1995131359918003     ,  2.6015304893962022E-017)
   0.0000000000000000        0.0000000000000000     
 (  6.0869904233833854     ,  0.0000000000000000     )
   0.0000000000000000        1.5707963267948966     
 (  1.1995131359918003     , -2.6015304893962022E-017)
   0.0000000000000000        3.1415926535897931     
 ( 0.49591076536333056     ,  2.5618845124234234E-016)
   1.5707963267948966       -1.5707963267948966     
 ( 0.89507872505457375     ,  1.1102230246251565E-016)
   1.5707963267948966        0.0000000000000000     
 ( 0.53401033741823878     ,  1.0366199494710944E-016)
   1.5707963267948966        1.5707963267948966     
 ( 0.89778673438103451     , -3.9205860006213858E-016)
   1.5707963267948966        3.1415926535897931     
 ( 0.93172554909438854     ,  1.9096842089827262E-016)
   3.1415926535897931       -1.5707963267948966     
 ( 0.48502663535627488     , -4.7010451474402466E-016)
   3.1415926535897931        0.0000000000000000     
 ( 0.66083152412212098     ,  3.4778752241835943E-016)
   3.1415926535897931        1.5707963267948966     
 ( 0.48502663535627477     ,  3.6604329516817654E-016)
   3.1415926535897931        3.1415926535897931     
 ( -1.1300149474614583     , -2.4105898451414954E-016)
   1.0000000000000000                1          16
 (  0.0000000000000000     ,  0.0000000000000000     )
  -1.5707963267948966       -1.5707963267948966     
 ( 0.19951264558916976     , -1.9385979680598450E-016)
  -1.5707963267948966        0.0000000000000000     
 (  1.1764921808992679     ,  3.0050841381487554E-016)
  -1.5707963267948966        1.5707963267948966     
 ( 0.78675327343415569     ,  5.5511151231257827E-017)
  -1.5707963267948966        3.1415926535897931     
 ( 0.96872079686468515     , -2.5282229437774839E-017)
   0.0000000000000000       -1.5707963267948966     
 ( 0.64532013021812873     ,  2.3570777648113683E-016)
   0.0000000000000000        0.0000000000000000     
 (  6.1186247440619637     ,  0.0000000000000000     )
   0.0000000000000000        1.5707963267948966     
 ( 0.64532013021812873     , -2.3570777648113683E-016)
   0.0000000000000000        3.1415926535897931     
 (  1.0400267290347724     ,  3.5931205744727174E-016)
   1.5707963267948966       -1.5707963267948966     
 ( 0.78675327343415569     , -5.5511151231257827E-017)
   1.5707963267948966        0.0000000000000000     
 (  1.1764921808992679     , -3.0050841381487554E-016)
   1.5707963267948966        1.5707963267948966     
 ( 0.19951264558916976     ,  1.9385979680598450E-016)
   1.5707963267948966        3.1415926535897931     
 ( 0.96872079686468493     ,  1.9267414813838414E-016)
   3.1415926535897931       -1.5707963267948966     
 ( 0.76319384200485840     ,  2.0838143336892578E-016)
   3.1415926535897931        0.0000000000000000     
 ( 0.61031389988161466     ,  2.6794992024220407E-016)
   3.1415926535897931        1.5707963267948966     
 ( 0.76319384200485829     , -1.5201181713083217E-016)
   3.1415926535897931        3.1415926535897931     
 (-0.84895111099888365     , -2.1501067952527612E-016)
   1.0000000000000000                1          16
 (  0.0000000000000000     ,  0.0000000000000000     )
  -1.5707963267948966       -1.5707963267948966     
 ( 0.75290288057197707     , -2.5868046858135481E-017)
  -1.5707963267948966        0.0000000000000000     
 ( 0.49874472267903480     , -5.6042045857879703E-016)
  -1.5707963267948966        1.5707963267948966     
 (-0.22485723298425742     ,  2.2204460492503131E-016)
  -1.5707963267948966        3.1415926535897931     
 ( 0.10495717064418664     ,  5.1400566331226280E-016)
   0.0000000000000000       -1.5707963267948966     
 ( 0.54778909791714370     ,  5.1253438451038822E-016)
   0.0000000000000000        0.0000000000000000     
 (  12.359785523690013     ,  0.0000000000000000     )
   0.0000000000000000        1.5707963267948966     
 ( 0.54778909791714370     , -5.1253438451038822E-016)
   0.0000000000000000        3.1415926535897931     
 ( -1.2619160836657413     ,  6.1246369781684265E-016)
   1.5707963267948966       -1.5707963267948966     
 (-0.22485723298425742     , -2.2204460492503131E-016)
   1.5707963267948966        0.0000000000000000     
 ( 0.49874472267903480     ,  5.6042045857879703E-016)
   1.5707963267948966        1.5707963267948966     
 ( 0.75290288057197707     ,  2.5868046858135481E-017)
   1.5707963267948966        3.1415926535897931     
 ( 0.10495717064418664     , -5.6574175702853381E-016)
   3.1415926535897931       -1.5707963267948966     
 ( 0.61291994886155632     ,  1.5359943026470575E-016)
   3.1415926535897931        0.0000000000000000     
 (-0.65690865235651608     ,  6.5551592224265631E-016)
   3.1415926535897931        1.5707963267948966     
 ( 0.61291994886155676     ,  1.6709080944054593E-017)
   3.1415926535897931        3.1415926535897931     
 ( 0.97412603695296640     , -8.6112686901049560E-017)
   1.0000000000000000                1          16
 (  0.0000000000000000     ,  0.0000000000000000     )
  -1.5707963267948966       -1.5707963267948966     
 ( 0.54662861010877095     , -5.9045261562047005E-017)
  -1.5707963267948966        0.0000000000000000     
 (  1.3949986218131096     ,  4.4216274283622294E-016)
  -1.5707963267948966        1.5707963267948966     
 ( 0.48381337024727999     ,  0.0000000000000000     )
  -1.5707963267948966        3.1415926535897931     
 ( 0.90569869911629608     ,  3.7594928008919804E-016)
   0.0000000000000000       -1.5707963267948966     
 ( 0.50931606903199578     ,  2.2381166009042592E-016)
   0.0000000000000000        0.0000000000000000     
 (  5.3251678945697272     ,  0.0000000000000000     )
   0.0000000000000000        1.5707963267948966     
 ( 0.50931606903199578     , -2.2381166009042592E-016)
   0.0000000000000000        3.1415926535897931     
 (  3.0250013648754481     ,  4.4892717342647325E-016)
   1.5707963267948966       -1.5707963267948966     
 ( 0.48381337024727999     ,  0.0000000000000000     )
   1.5707963267948966        0.0000000000000000     
 (  1.3949986218131096     , -4.4216274283622294E-016)
   1.5707963267948966        1.5707963267948966     
 ( 0.54662861010877095     ,  5.9045261562047005E-017)
   1.5707963267948966        3.1415926535897931     
 ( 0.90569869911629608     , -1.6097289582574504E-016)
   3.1415926535897931       -1.5707963267948966     
 (-0.68086158673231467     , -5.7278206396652416E-017)
   3.1415926535897931        0.0000000000000000     
 (  1.0281697513547803     ,  2.1819167089735196E-016)
   3.1415926535897931        1.5707963267948966     
 (-0.68086158673231467     , -1.1632346795869940E-016)
   3.1415926535897931        3.1415926535897931     
 ( 0.30247342202976996     ,  2.5769285750492548E-016)
   1.0000000000000000                1          16
 (  0.0000000000000000     ,  0.0000000000000000     )
  -1.5707963267948966       -1.5707963267948966     
 ( -1.4234645906665069     , -9.3967435296075585E-016)
  -1.5707963267948966        0.0000000000000000     
 (-0.29070727760041903     , -1.1621607851241024E-015)
  -1.5707963267948966        1.5707963267948966     
 (  2.2975559483679922     , -6.1062266354383610E-016)
  -1.5707963267948966        3.1415926535897931     
 ( 0.69631532389363560     , -3.3660338093280620E-016)
   0.0000000000000000       -1.5707963267948966     
 (  4.1805428446897483     , -5.2936354568226296E-016)
   0.0000000000000000        0.0000000000000000     
 (  9.2587553455520872     ,  0.0000000000000000     )
   0.0000000000000000        1.5707963267948966     
 (  4.1805428446897483     ,  5.2936354568226296E-016)
   0.0000000000000000        3.1415926535897931     
 (  1.7545007517094153     ,  1.6239860004030139E-016)
   1.5707963267948966       -1.5707963267948966     
 (  2.2975559483679922     ,  6.1062266354383610E-016)
   1.5707963267948966        0.0000000000000000     
 (-0.29070727760041903     ,  1.1621607851241024E-015)
   1.5707963267948966        1.5707963267948966     
 ( -1.4234645906665069     ,  9.3967435296075585E-016)
   1.5707963267948966        3.1415926535897931     
 ( 0.69631532389363515     ,  2.3361151441154500E-016)
   3.1415926535897931       -1.5707963267948966     
 ( -1.4271433027784974     ,  9.1794160430106785E-016)
   3.1415926535897931        0.0000000000000000     
 ( -2.4709269218163881     ,  4.5123599131468693E-016)
   3.1415926535897931        1.5707963267948966     
 ( -1.4271433027784979     , -6.3235541220352420E-016)
   3.1415926535897931        3.1415926535897931     
 (-0.60852706725701811     , -2.8890908806560818E-017)
   1.0000000000000000                1          16
 (  0.0000000000000000     ,  0.0000000000000000     )
  -1.5707963267948966       -1.5707963267948966     
 (  1.0666337788437514     , -9.5567791940701608E-017)
  -1.5707963267948966        0.0000000000000000     
 (  1.2955634927897661     ,  1.6672481125473198E-016)
  -1.5707963267948966        1.5707963267948966     
 ( 0.12175999785803809     ,  2.7755575615628914E-016)
  -1.5707963267948966        3.1415926535897931     
 (  4.1635057393624247E-002, -7.6443379378813870E-017)
   0.0000000000000000       -1.5707963267948966     
 (  2.6265168415728186     , -3.5482830876535937E-017)
   0.0000000000000000        0.0000000000000000     
 (  6.8701260862311377     ,  0.0000000000000000     )
   0.0000000000000000        1.5707963267948966     
 (  2.6265168415728186     ,  3.5482830876535937E-017)
   0.0000000000000000        3.1415926535897931     
 (  1.1322572419573318     ,  1.6834911212693069E-016)
   1.5707963267948966       -1.5707963267948966     
 ( 0.12175999785803809     , -2.7755575615628914E-016)
   1.5707963267948966        0.0000000000000000     
 (  1.2955634927897661     , -1.6672481125473198E-016)
   1.5707963267948966        1.5707963267948966     
 (  1.0666337788437514     ,  9.5567791940701608E-017)
   1.5707963267948966        3.1415926535897931     
 (  4.1635057393624414E-002, -3.6699020400736916E-018)
   3.1415926535897931       -1.5707963267948966     
 (-0.61788997886708474     , -2.9758407651101105E-016)
   3.1415926535897931        0.0000000000000000     
 ( 0.26008059925399774     ,  2.7793847127820613E-016)
   3.1415926535897931        1.5707963267948966     
 (-0.61788997886708463     ,  3.8400424878589697E-016)
   3.1415926535897931        3.1415926535897931     
 ( -1.3309023066242915     , -7.1615464424288938E-018)
   1.0000000000000000                1          16
 (  0.0000000000000000     ,  0.0000000000000000     )
  -1.5707963267948966       -1.5707963267948966     
 (-0.92886073571051075     , -2.1033181193902970E-016)
  -1.5707963267948966        0.0000000000000000     
 ( -1.1279324604981678     ,  7.9107012400275708E-016)
  -1.5707963267948966        1.5707963267948966     
 ( -1.2993329609963273     ,  6.6613381477509392E-016)
  -1.5707963267948966        3.1415926535897931     
 ( -6.1105392968509520     ,  2.0005876686590965E-016)
   0.0000000000000000       -1.5707963267948966     
 (  1.8667868727949186     ,  2.1618820843203050E-016)
   0.0000000000000000        0.0000000000000000     
 (  12.748705159790076     ,  0.0000000000000000     )
   0.0000000000000000        1.5707963267948966     
 (  1.8667868727949186     , -2.1618820843203050E-016)
   0.0000000000000000        3.1415926535897931     
 (  2.2896642967441441     ,  6.9221909412113835E-016)
   1.5707963267948966       -1.5707963267948966     
 ( -1.2993329609963273     , -6.6613381477509392E-016)
   1.5707963267948966        0.0000000000000000     
 ( -1.1279324604981678     , -7.9107012400275708E-016)
   1.5707963267948966        1.5707963267948966     
 (-0.92886073571051075     ,  2.1033181193902970E-016)
   1.5707963267948966        3.1415926535897931     
 ( -6.1105392968509520     , -8.4276699566900023E-016)
   3.1415926535897931       -1.5707963267948966     
 (  2.3104421300702427     ,  3.9443445511180562E-016)
   3.1415926535897931        0.0000000000000000     
 (  9.0206092046573296     ,  1.4711179455429985E-015)
   3.1415926535897931        1.5707963267948966     
 (  2.3104421300702418     ,  4.0614724809780728E-016)
   3.1415926535897931        3.1415926535897931     
 (  2.5198942411900438     ,  1.4665302368896380E-015)
   1.0000000000000000                1          16
 (  0.0000000000000000     ,  0.0000000000000000     )
  -1.5707963267948966       -1.5707963267948966     
 (  4.6699671594575216     , -8.2779033142931906E-016)
  -1.5707963267948966        0.0000000000000000     
 ( -3.5274638876367574     ,  7.5957953615086296E-016)
  -1.5707963267948966        1.5707963267948966     
 (  4.4137562962567953     ,  1.1102230246251565E-016)
  -1.5707963267948966        3.1415926535897931     
 ( -2.6255530916686993     , -9.1614879652514988E-016)
   0.0000000000000000       -1.5707963267948966     
 ( -2.4963495248438039     ,  6.3593977063969084E-016)
   0.0000000000000000        0.0000000000000000     
 (  14.017100380522495     ,  0.0000000000000000     )
   0.0000000000000000        1.5707963267948966     
 ( -2.4963495248438039     , -6.3593977063969084E-016)
   0.0000000000000000        3.1415926535897931     
 (  5.9848418639694536     ,  1.5304803728376625E-015)
   1.5707963267948966       -1.5707963267948966     
 (  4.4137562962567953     , -1.1102230246251565E-016)
   1.5707963267948966        0.0000000000000000     
 ( -3.5274638876367574     , -7.5957953615086296E-016)
   1.5707963267948966        1.5707963267948966     
 (  4.6699671594575216     ,  8.2779033142931906E-016)
   1.5707963267948966        3.1415926535897931     
 ( -2.6255530916686993     , -7.3943186633348804E-016)
   3.1415926535897931       -1.5707963267948966     
 ( -4.4957391228002610     , -4.1389516571465953E-016)
   3.1415926535897931        0.0000000000000000     
 (  3.7377222695417029     ,  1.5191590723017257E-015)
   3.1415926535897931        1.5707963267948966     
 ( -4.4957391228002610     , -1.3527077996064941E-015)
   3.1415926535897931        3.1415926535897931     
 ( 0.38309982843676105     ,  1.5143583217696009E-015)
   1.0000000000000000                1          16
 (  0.0000000000000000     ,  0.0000000000000000     )
  -1.5707963267948966       -1.5707963267948966     
 (-0.96804551943716599     ,  3.6911817319862444E-016)
  -1.5707963267948966        0.0000000000000000     
 (  1.2134764906056814     ,  6.7446755171770581E-016)
  -1.5707963267948966        1.5707963267948966     
 (-0.37733832850513005     ,  2.2204460492503131E-016)
  -1.5707963267948966        3.1415926535897931     
 (  1.5314898679544173     ,  3.7294051572335464E-016)
   0.0000000000000000       -1.5707963267948966     
 (  1.3951955692418403     ,  2.5953012325075037E-016)
   0.0000000000000000        0.0000000000000000     
 (  10.334200059131051     ,  0.0000000000000000     )
   0.0000000000000000        1.5707963267948966     
 (  1.3951955692418403     , -2.5953012325075037E-016)
   0.0000000000000000        3.1415926535897931     
 (  1.8241654244248249     ,  5.7362298980935933E-016)
   1.5707963267948966       -1.5707963267948966     
 (-0.37733832850513005     , -2.2204460492503131E-016)
   1.5707963267948966        0.0000000000000000     
 (  1.2134764906056814     , -6.7446755171770581E-016)
   1.5707963267948966        1.5707963267948966     
 (-0.96804551943716599     , -3.6911817319862444E-016)
   1.5707963267948966        3.1415926535897931     
 (  1.5314898679544169     ,  1.4325122574886298E-016)
   3.1415926535897931       -1.5707963267948966     
 ( -1.3645318719137574     ,  1.8455908659931222E-016)
   3.1415926535897931        0.0000000000000000     
 (  1.4306124028040088     ,  5.7177898619780214E-016)
   3.1415926535897931        1.5707963267948966     
 ( -1.3645318719137574     , -1.1245655497715724E-016)
   3.1415926535897931        3.1415926535897931     
 (-0.44947030225165496     ,  1.2380696816182508E-016)
   1.0000000000000000                1          16
 (  0.0000000000000000     ,  0.0000000000000000     )
  -1.5707963267948966       -1.5707963267948966     
 (-0.14406604168360426     ,  6.0806217204137744E-016)
  -1.5707963267948966        0.0000000000000000     
 (  1.9985943289977894     , -3.0812148840625380E-016)
  -1.5707963267948966        1.5707963267948966     
 ( 0.94665276453819169     , -2.2204460492503131E-016)
  -1.5707963267948966        3.1415926535897931     
 ( 0.91501929526210413     ,  1.0345460030649146E-016)
   0.0000000000000000       -1.5707963267948966     
 ( -1.5325662470277015     ,  2.9035821366858261E-017)
   0.0000000000000000        0.0000000000000000     
 (  7.8943228255063893     ,  0.0000000000000000     )
   0.0000000000000000        1.5707963267948966     
 ( -1.5325662470277015     , -2.9035821366858261E-017)
   0.0000000000000000        3.1415926535897931     
 (  1.5806576076902195     ,  7.6786045786527596E-016)
   1.5707963267948966       -1.5707963267948966     
 ( 0.94665276453819169     ,  2.2204460492503131E-016)
   1.5707963267948966        0.0000000000000000     
 (  1.9985943289977894     ,  3.0812148840625380E-016)
   1.5707963267948966        1.5707963267948966     
 (-0.14406604168360426     , -6.0806217204137744E-016)
   1.5707963267948966        3.1415926535897931     
 ( 0.91501929526210413     ,  2.2449132407613806E-016)
   3.1415926535897931       -1.5707963267948966     
 (  1.6705707256502345     , -1.4005812382937392E-016)
   3.1415926535897931        0.0000000000000000     
 ( 0.54390863890406349     ,  2.7193544288761767E-016)
   3.1415926535897931        1.5707963267948966     
 (  1.6705707256502342     ,  2.3914838361940876E-017)
   3.1415926535897931        3.1415926535897931     
 ( -1.7272987235747002     , -3.9808437692806012E-016)
   1.0000000000000000                1          16
 (  0.0000000000000000     ,  0.0000000000000000     )
  -1.5707963267948966       -1.5707963267948966     
 ( -2.8151557974970047     ,  1.0768935637742545E-015)
  -1.5707963267948966        0.0000000000000000     
 ( -4.0793422151678342     ,  2.1124762231381039E-015)
  -1.5707963267948966        1.5707963267948966     
 (  2.4079689589228335     , -8.8817841970012523E-016)
  -1.5707963267948966        3.1415926535897931     
 (  3.1175434011066674     , -1.1175868536546138E-015)
   0.0000000000000000       -1.5707963267948966     
 (-0.65700651419867140     ,  1.2768703288796668E-016)
   0.0000000000000000        0.0000000000000000     
 (  20.906708080548107     ,  0.0000000000000000     )
   0.0000000000000000        1.5707963267948966     
 (-0.65700651419867140     , -1.2768703288796668E-016)
   0.0000000000000000        3.1415926535897931     
 ( -2.4533931010193375     ,  1.2103997486301270E-015)
   1.5707963267948966       -1.5707963267948966     
 (  2.4079689589228335     ,  8.8817841970012523E-016)
   1.5707963267948966        0.0000000000000000     
 ( -4.0793422151678342     , -2.1124762231381039E-015)
   1.5707963267948966        1.5707963267948966     
 ( -2.8151557974970047     , -1.0768935637742545E-015)
   1.5707963267948966        3.1415926535897931     
 (  3.1175434011066665     ,  1.0509279319528097E-015)
   3.1415926535897931       -1.5707963267948966     
 (  1.4482303354744146     , -1.9040438722882170E-015)
   3.1415926535897931        0.0000000000000000     
 (  3.6706812439573913     ,  2.0045063970258952E-015)
   3.1415926535897931        1.5707963267948966     
 (  1.4482303354744137     ,  1.8373849505864130E-015)
   3.1415926535897931        3.1415926535897931     
 ( -4.9684725607669673     , -1.0930710196385233E-015)
   1.0000000000000000                1          16
 (  0.0000000000000000     ,  0.0000000000000000     )
  -1.5707963267948966       -1.5707963267948966     
 ( 0.62169276844550370     , -1.1852769963275125E-016)
  -1.5707963267948966        0.0000000000000000     
 (  1.3009493454164469     ,  1.4841939304968687E-016)
  -1.5707963267948966        1.5707963267948966     
 ( 0.97555735649814734     , -2.7755575615628914E-017)
  -1.5707963267948966        3.1415926535897931     
 ( 0.74898742302371157     , -1.5793518501433631E-017)
   0.0000000000000000       -1.5707963267948966     
 ( 0.72928434190509062     ,  1.4253057666326235E-016)
   0.0000000000000000        0.0000000000000000     
 (  3.4921431833682610     ,  0.0000000000000000     )
   0.0000000000000000        1.5707963267948966     
 ( 0.72928434190509062     , -1.4253057666326235E-016)
   0.0000000000000000        3.1415926535897931     
 ( 0.50328248955474542     ,  1.5533768958058067E-016)
   1.5707963267948966       -1.5707963267948966     
 ( 0.97555735649814734     ,  2.7755575615628914E-017)
   1.5707963267948966        0.0000000000000000     
 (  1.3009493454164469     , -1.4841939304968687E-016)
   1.5707963267948966        1.5707963267948966     
 ( 0.62169276844550370     ,  1.1852769963275125E-016)
   1.5707963267948966        3.1415926535897931     
 ( 0.74898742302371180     ,  5.6293875392220290E-017)
   3.1415926535897931       -1.5707963267948966     
 (  1.0982064520268384     ,  5.1758452646140030E-017)
   3.1415926535897931        0.0000000000000000     
 (  1.2378030799781754     ,  1.3030533240560029E-016)
   3.1415926535897931        1.5707963267948966     
 (  1.0982064520268384     , -1.1258095755353392E-017)
   3.1415926535897931        3.1415926535897931     
 (-0.18258412753265821     , -1.4196536989581648E-016)
   1.0000000000000000                1          16
 (  0.0000000000000000     ,  0.0000000000000000     )
  -1.5707963267948966       -1.5707963267948966     
 (  1.2232385924125291     , -2.8502561484857373E-016)
  -1.5707963267948966        0.0000000000000000     
 ( 0.68155554287869502     , -1.6532997310478211E-017)
  -1.5707963267948966        1.5707963267948966     
 (  1.1961830888329255     , -2.2204460492503131E-016)
  -1.5707963267948966        3.1415926535897931     
 (-0.98859092352213518     ,  2.4313830352271572E-016)
   0.0000000000000000       -1.5707963267948966     
 ( 0.34887608417512816     ,  2.2577953427117361E-016)
   0.0000000000000000        0.0000000000000000     
 (  10.810652523349509     ,  0.0000000000000000     )
   0.0000000000000000        1.5707963267948966     
 ( 0.34887608417512816     , -2.2577953427117361E-016)
   0.0000000000000000        3.1415926535897931     
 ( -1.7861755969469131     ,  5.0986484111649089E-016)
   1.5707963267948966       -1.5707963267948966     
 (  1.1961830888329255     ,  2.2204460492503131E-016)
   1.5707963267948966        0.0000000000000000     
 ( 0.68155554287869502     ,  1.6532997310478211E-017)
   1.5707963267948966        1.5707963267948966     
 (  1.2232385924125291     ,  2.8502561484857373E-016)
   1.5707963267948966        3.1415926535897931     
 (-0.98859092352213529     , -7.0216723075734752E-016)
   3.1415926535897931       -1.5707963267948966     
 ( 0.20990365611367601     , -6.1435759288997835E-016)
   3.1415926535897931        0.0000000000000000     
 (-0.92189113490745589     ,  5.2204551769162180E-016)
   3.1415926535897931        1.5707963267948966     
 ( 0.20990365611367601     ,  2.6635096811786224E-016)
   3.1415926535897931        3.1415926535897931     
 (  2.5550821267232227     ,  2.4244773900973308E-016)
   1.0000000000000000                1          16
 (  0.0000000000000000     ,  0.0000000000000000     )
  -1.5707963267948966       -1.5707963267948966     
 ( 0.91373053697578466     , -2.9920663749777583E-017)
  -1.5707963267948966        0.0000000000000000     
 ( 0.95457724002085509     ,  6.7702640206599406E-017)
  -1.5707963267948966        1.5707963267948966     
 (  1.1311839989952084     ,  1.1102230246251565E-016)
  -1.5707963267948966        3.1415926535897931     
 ( 0.44598120370288796     ,  2.1763498047536466E-017)
   0.0000000000000000       -1.5707963267948966     
 ( 0.69251451490246385     ,  1.5373820995303335E-016)
   0.0000000000000000        0.0000000000000000     
 (  3.4825756382179849     ,  0.0000000000000000     )
   0.0000000000000000        1.5707963267948966     
 ( 0.69251451490246385     , -1.5373820995303335E-016)
   0.0000000000000000        3.1415926535897931     
 (  1.7209643598860904     ,  2.3381636174183060E-016)
   1.5707963267948966       -1.5707963267948966     
 (  1.1311839989952084     , -1.1102230246251565E-016)
   1.5707963267948966        0.0000000000000000     
 ( 0.95457724002085509     , -6.7702640206599406E-017)
   1.5707963267948966        1.5707963267948966     
 ( 0.91373053697578466     ,  2.9920663749777583E-017)
   1.5707963267948966        3.1415926535897931     
 ( 0.44598120370288796     , -1.3711597677834943E-016)
   3.1415926535897931       -1.5707963267948966     
 ( 0.96500257130515099     , -2.8838119682703248E-017)
   3.1415926535897931        0.0000000000000000     
 ( 0.63791488593821100     ,  1.3540528041319879E-016)
   3.1415926535897931        1.5707963267948966     
 ( 0.96500257130515099     , -3.1003207816851912E-017)
   3.1415926535897931        3.1415926535897931     
 ( -4.7435015846988254E-002, -3.4165094505003603E-017)
   1.0000000000000000                1          16
 (  0.0000000000000000     ,  0.0000000000000000     )
  -1.5707963267948966       -1.5707963267948966     
 ( -2.2528528159694421     ,  5.6272197901230260E-016)
  -1.5707963267948966        0.0000000000000000     
 ( 0.94674584354210356     , -8.0371481086564086E-016)
  -1.5707963267948966        1.5707963267948966     
 (  3.9668805457213279     , -2.7755575615628914E-016)
  -1.5707963267948966        3.1415926535897931     
 ( 0.55401109823295303     ,  8.5179538279843929E-016)
   0.0000000000000000       -1.5707963267948966     
 (  3.6968611809026122     , -6.4218347250932718E-016)
   0.0000000000000000        0.0000000000000000     
 (  14.562154535639534     ,  0.0000000000000000     )
   0.0000000000000000        1.5707963267948966     
 (  3.6968611809026122     ,  6.4218347250932718E-016)
   0.0000000000000000        3.1415926535897931     
 (  3.5297843975199479     ,  6.5507683403470825E-016)
   1.5707963267948966       -1.5707963267948966     
 (  3.9668805457213279     ,  2.7755575615628914E-016)
   1.5707963267948966        0.0000000000000000     
 ( 0.94674584354210356     ,  8.0371481086564086E-016)
   1.5707963267948966        1.5707963267948966     
 ( -2.2528528159694421     , -5.6272197901230260E-016)
   1.5707963267948966        3.1415926535897931     
 ( 0.55401109823295214     , -7.2555214693647498E-016)
   3.1415926535897931       -1.5707963267948966     
 ( -3.7930274620022404     ,  2.5360541389052239E-016)
   3.1415926535897931        0.0000000000000000     
 ( -6.2836084334176734     ,  3.9097182259400046E-016)
   3.1415926535897931        1.5707963267948966     
 ( -3.7930274620022413     , -7.3798484157239417E-016)
   3.1415926535897931        3.1415926535897931     
 ( -2.0455672805964360     , -2.2467729583562214E-017)
   1.0000000000000000                1          16
 (  0.0000000000000000     ,  0.0000000000000000     )
  -1.5707963267948966       -1.5707963267948966     
 (  2.9965033423015237     , -4.5075576928642366E-016)
  -1.5707963267948966        0.0000000000000000     
 ( -1.0773385789416348     ,  5.3405819383223064E-016)
  -1.5707963267948966        1.5707963267948966     
 (  2.8199268709988923     ,  0.0000000000000000     )
  -1.5707963267948966        3.1415926535897931     
 ( -3.2764371630190801     , -1.5664598490696512E-016)
   0.0000000000000000       -1.5707963267948966     
 ( -2.5888678110635830     ,  8.3600054818704793E-016)
   0.0000000000000000        0.0000000000000000     
 (  13.465008755363943     ,  0.0000000000000000     )
   0.0000000000000000        1.5707963267948966     
 ( -2.5888678110635830     , -8.3600054818704793E-016)
   0.0000000000000000        3.1415926535897931     
 (  6.1365744188604143     ,  1.5172956724501868E-015)
   1.5707963267948966       -1.5707963267948966     
 (  2.8199268709988923     ,  0.0000000000000000     )
   1.5707963267948966        0.0000000000000000     
 ( -1.0773385789416348     , -5.3405819383223064E-016)
   1.5707963267948966        1.5707963267948966     
 (  2.9965033423015237     ,  4.5075576928642366E-016)
   1.5707963267948966        3.1415926535897931     
 ( -3.2764371630190801     , -9.6691015859091352E-016)
   3.1415926535897931       -1.5707963267948966     
 ( -1.8581521902005813     , -6.1395594326201662E-016)
   3.1415926535897931        0.0000000000000000     
 (  1.8239784707715154     ,  1.0681163876644613E-015)
   3.1415926535897931        1.5707963267948966     
 ( -1.8581521902005815     , -6.7613365392963540E-016)
   3.1415926535897931        3.1415926535897931     
 ( 0.54316941485305437     ,  1.1827681909516546E-015)
   1.0000000000000000                1          16
 (  0.0000000000000000     ,  0.0000000000000000     )
  -1.5707963267948966       -1.5707963267948966     
 ( -3.5799245849928933     ,  1.2558043040212153E-018)
  -1.5707963267948966        0.0000000000000000     
 ( -3.1940564721705806     ,  3.9019680656336375E-016)
  -1.5707963267948966        1.5707963267948966     
 (-0.91629117477077782     ,  6.6613381477509392E-016)
  -1.5707963267948966        3.1415926535897931     
 ( -2.9323863434247404     , -1.6095102037155834E-016)
   0.0000000000000000       -1.5707963267948966     
 (  4.3724155005421741     ,  3.3243900523553633E-016)
   0.0000000000000000        0.0000000000000000     
 (  17.304373478999160     ,  0.0000000000000000     )
   0.0000000000000000        1.5707963267948966     
 (  4.3724155005421741     , -3.3243900523553633E-016)
   0.0000000000000000        3.1415926535897931     
 (  1.4446008882742110     ,  6.1257710758073056E-016)
   1.5707963267948966       -1.5707963267948966     
 (-0.91629117477077782     , -6.6613381477509392E-016)
   1.5707963267948966        0.0000000000000000     
 ( -3.1940564721705806     , -3.9019680656336375E-016)
   1.5707963267948966        1.5707963267948966     
 ( -3.5799245849928933     , -1.2558043040212153E-018)
   1.5707963267948966        3.1415926535897931     
 ( -2.9323863434247412     , -5.8581975945430514E-017)
   3.1415926535897931       -1.5707963267948966     
 (  2.1482725656065020     ,  9.9982862431465142E-016)
   3.1415926535897931        0.0000000000000000     
 (  3.5573628228027721     ,  1.6685720328268527E-015)
   3.1415926535897931        1.5707963267948966     
 (  2.1482725656065016     ,  3.3495061384357881E-016)
   3.1415926535897931        3.1415926535897931     
 (  1.8976038283444938     ,  6.3469763067151151E-016)
   1.0000000000000000                1          16
 (  0.0000000000000000     ,  0.0000000000000000     )
  -1.5707963267948966       -1.5707963267948966     
 ( 0.97112237247301625     ,  2.8705632217099791E-016)
  -1.5707963267948966        0.0000000000000000     
 ( 0.75473438062509790     ,  6.0505002477425023E-016)
  -1.5707963267948966        1.5707963267948966     
 ( 0.30295211118490067     , -2.2204460492503131E-016)
  -1.5707963267948966        3.1415926535897931     
 ( 0.88018715974748529     , -2.0517839103529906E-016)
   0.0000000000000000       -1.5707963267948966     
 (  1.3010213523208016     ,  5.2260565368959497E-016)
   0.0000000000000000        0.0000000000000000     
 (  12.098366144742025     ,  0.0000000000000000     )
   0.0000000000000000        1.5707963267948966     
 (  1.3010213523208016     , -5.2260565368959497E-016)
   0.0000000000000000        3.1415926535897931     
 (-0.62346062959781645     ,  5.4330615200778033E-016)
   1.5707963267948966       -1.5707963267948966     
 ( 0.30295211118490067     ,  2.2204460492503131E-016)
   1.5707963267948966        0.0000000000000000     
 ( 0.75473438062509790     , -6.0505002477425023E-016)
   1.5707963267948966        1.5707963267948966     
 ( 0.97112237247301625     , -2.8705632217099791E-016)
   1.5707963267948966        3.1415926535897931     
 ( 0.88018715974748529     ,  3.3520182552723230E-016)
   3.1415926535897931       -1.5707963267948966     
 ( -1.5004845677036334     ,  1.4352816108549896E-016)
   3.1415926535897931        0.0000000000000000     
 (  1.9210089867655264     ,  7.6601083969843785E-016)
   3.1415926535897931        1.5707963267948966     
 ( -1.5004845677036331     , -4.5759393644362836E-016)
   3.1415926535897931        3.1415926535897931     
 ( -2.8149801192050710     , -1.8931919363028566E-016)
   1.0000000000000000                1          16
 (  0.0000000000000000     ,  0.0000000000000000     )
  -1.5707963267948966       -1.5707963267948966     
 (-0.21208070331991818     ,  7.0686989027440379E-017)
  -1.5707963267948966        0.0000000000000000     
 (  3.2307477371540343     ,  1.2749907248230893E-016)
  -1.5707963267948966        1.5707963267948966     
 (-0.61702110866120430     , -1.1102230246251565E-016)
  -1.5707963267948966        3.1415926535897931     
 ( 0.86797722992524018     ,  1.3926821570674193E-016)
   0.0000000000000000       -1.5707963267948966     
 ( 0.25441731547147783     ,  3.5323456410508462E-016)
   0.0000000000000000        0.0000000000000000     
 (  10.322790292822980     ,  0.0000000000000000     )
   0.0000000000000000        1.5707963267948966     
 ( 0.25441731547147783     , -3.5323456410508462E-016)
   0.0000000000000000        3.1415926535897931     
 ( -1.1585037188112224     ,  5.2999357586264731E-016)
   1.5707963267948966       -1.5707963267948966     
 (-0.61702110866120430     ,  1.1102230246251565E-016)
   1.5707963267948966        0.0000000000000000     
 (  3.2307477371540343     , -1.2749907248230893E-016)
   1.5707963267948966        1.5707963267948966     
 (-0.21208070331991818     , -7.0686989027440379E-017)
   1.5707963267948966        3.1415926535897931     
 ( 0.86797722992524040     ,  4.4619497219820149E-016)
   3.1415926535897931       -1.5707963267948966     
 ( -1.0118679406451236     ,  2.0187694820749367E-016)
   3.1415926535897931        0.0000000000000000     
 (  2.1162727165812694     ,  3.6602044742713356E-016)
   3.1415926535897931        1.5707963267948966     
 ( -1.0118679406451236     , -1.7152527261512857E-016)
   3.1415926535897931        3.1415926535897931     
 (-0.30490435044203806     ,  3.8927953021602741E-017)
   1.0000000000000000                1          16
 (  0.0000000000000000     ,  0.0000000000000000     )
  -1.5707963267948966       -1.5707963267948966     
 (-0.18851565733602604     , -3.2017644577106105E-016)
  -1.5707963267948966        0.0000000000000000     
 (  2.1234666102100834     ,  1.0468398918352118E-015)
  -1.5707963267948966        1.5707963267948966     
 ( 0.41023159356746730     , -1.2212453270876722E-015)
  -1.5707963267948966        3.1415926535897931     
 (  1.1310096284942066     ,  6.5056862391918748E-016)
   0.0000000000000000       -1.5707963267948966     
 ( -1.7650181203374360     ,  1.6008822288553053E-016)
   0.0000000000000000        0.0000000000000000     
 (  11.015771291696799     ,  0.0000000000000000     )
   0.0000000000000000        1.5707963267948966     
 ( -1.7650181203374360     , -1.6008822288553053E-016)
   0.0000000000000000        3.1415926535897931     
 (-0.63876180377696257     ,  8.5156095185596923E-016)
   1.5707963267948966       -1.5707963267948966     
 ( 0.41023159356746730     ,  1.2212453270876722E-015)
   1.5707963267948966        0.0000000000000000     
 (  2.1234666102100834     , -1.0468398918352118E-015)
   1.5707963267948966        1.5707963267948966     
 (-0.18851565733602604     ,  3.2017644577106105E-016)
   1.5707963267948966        3.1415926535897931     
 (  1.1310096284942066     , -4.0274309576118446E-016)
   3.1415926535897931       -1.5707963267948966     
 ( 0.90792730060696092     , -3.8213282781056186E-016)
   3.1415926535897931        0.0000000000000000     
 (  2.0397024739766332     ,  5.3936754919520467E-016)
   3.1415926535897931        1.5707963267948966     
 ( 0.90792730060696092     ,  1.8586914611850234E-016)
   3.1415926535897931        3.1415926535897931     
 ( -1.6549146723069814     , -3.6658347864121273E-016)
   1.0000000000000000                1          16
 (  0.0000000000000000     ,  0.0000000000000000     )
  -1.5707963267948966       -1.5707963267948966     
 ( 0.78786131079218036     ,  3.8671494206628933E-016)
  -1.5707963267948966        0.0000000000000000     
 ( -6.7878159832667855     ,  9.6905241964726222E-016)
  -1.5707963267948966        1.5707963267948966     
 (  3.0484161909261429     , -8.8817841970012523E-016)
  -1.5707963267948966        3.1415926535897931     
 (  6.0849104754129524     , -1.2490536663465441E-015)
   0.0000000000000000       -1.5707963267948966     
 ( -1.8058001755973749     , -6.3744668088320723E-016)
   0.0000000000000000        0.0000000000000000     
 (  18.271867092352444     ,  0.0000000000000000     )
   0.0000000000000000        1.5707963267948966     
 ( -1.8058001755973749     ,  6.3744668088320723E-016)
   0.0000000000000000        3.1415926535897931     
 ( -6.6213236708154657     ,  9.3453677597013107E-016)
   1.5707963267948966       -1.5707963267948966     
 (  3.0484161909261429     ,  8.8817841970012523E-016)
   1.5707963267948966        0.0000000000000000     
 ( -6.7878159832667855     , -9.6905241964726222E-016)
   1.5707963267948966        1.5707963267948966     
 ( 0.78786131079218036     , -3.8671494206628933E-016)
   1.5707963267948966        3.1415926535897931     
 (  6.0849104754129524     ,  6.9021592092893484E-016)
   3.1415926535897931       -1.5707963267948966     
 ( -1.6808143966726992     , -1.1389101585170432E-015)
   3.1415926535897931        0.0000000000000000     
 (  8.8698139385100863     ,  2.4932163516071027E-015)
   3.1415926535897931        1.5707963267948966     
 ( -1.6808143966726994     , -3.0810600660069129E-016)
   3.1415926535897931        3.1415926535897931     
 ( -3.8138722032358978     , -8.6873053473934687E-016)
   1.0000000000000000                1          16
 (  0.0000000000000000     ,  0.0000000000000000     )
  -1.5707963267948966       -1.5707963267948966     
 (-0.32571585850423151     , -2.3334677854307012E-017)
  -1.5707963267948966        0.0000000000000000     
 (-0.42750865950587991     ,  5.8374147945353882E-017)
  -1.5707963267948966        1.5707963267948966     
 (-0.79736489237645847     ,  5.5511151231257827E-017)
  -1.5707963267948966        3.1415926535897931     
 ( -1.4014417024671819     , -1.3228537653021638E-016)
   0.0000000000000000       -1.5707963267948966     
 (  4.4826898506949364     ,  3.1697867069907154E-016)
   0.0000000000000000        0.0000000000000000     
 (  9.7403057215935682     ,  0.0000000000000000     )
   0.0000000000000000        1.5707963267948966     
 (  4.4826898506949364     , -3.1697867069907154E-016)
   0.0000000000000000        3.1415926535897931     
 (  2.8557868362854490     ,  2.2231704391612865E-016)
   1.5707963267948966       -1.5707963267948966     
 (-0.79736489237645847     , -5.5511151231257827E-017)
   1.5707963267948966        0.0000000000000000     
 (-0.42750865950587991     , -5.8374147945353882E-017)
   1.5707963267948966        1.5707963267948966     
 (-0.32571585850423151     ,  2.3334677854307012E-017)
   1.5707963267948966        3.1415926535897931     
 ( -1.4014417024671819     , -2.5406281640913274E-017)
   3.1415926535897931       -1.5707963267948966     
 (  5.8610404480633482E-002,  1.2711053915099107E-016)
   3.1415926535897931        0.0000000000000000     
 (-0.52958559857462473     ,  6.1634865697202821E-016)
   3.1415926535897931        1.5707963267948966     
 (  5.8610404480633815E-002,  4.9235391991548883E-016)
   3.1415926535897931        3.1415926535897931     
 ( 0.75495475605197493     ,  3.9934344263418205E-016)
   1.0000000000000000                1          16
 (  0.0000000000000000     ,  0.0000000000000000     )
  -1.5707963267948966       -1.5707963267948966     
 ( 0.94531233750761967     , -2.2514738651082828E-016)
  -1.5707963267948966        0.0000000000000000     
 ( 0.85772959580183150     ,  2.2808651493090536E-016)
  -1.5707963267948966        1.5707963267948966     
 ( 0.90987528107643412     , -5.5511151231257827E-017)
  -1.5707963267948966        3.1415926535897931     
 ( 0.90449853076272058     ,  1.7384619149522727E-017)
   0.0000000000000000       -1.5707963267948966     
 (-0.75827804613495131     ,  3.6237387379607436E-016)
   0.0000000000000000        0.0000000000000000     
 (  5.6325899230472505     ,  0.0000000000000000     )
   0.0000000000000000        1.5707963267948966     
 (-0.75827804613495131     , -3.6237387379607436E-016)
   0.0000000000000000        3.1415926535897931     
 (  2.0404671566226180     ,  5.6270151782091983E-016)
   1.5707963267948966       -1.5707963267948966     
 ( 0.90987528107643412     ,  5.5511151231257827E-017)
   1.5707963267948966        0.0000000000000000     
 ( 0.85772959580183150     , -2.2808651493090536E-016)
   1.5707963267948966        1.5707963267948966     
 ( 0.94531233750761967     ,  2.2514738651082828E-016)
   1.5707963267948966        3.1415926535897931     
 ( 0.90449853076272058     , -1.3461248478363225E-016)
   3.1415926535897931       -1.5707963267948966     
 (  2.0388117533029657     , -1.4032926887104305E-016)
   3.1415926535897931        0.0000000000000000     
 ( -9.3523384414408328E-002,  2.3412842493677941E-016)
   3.1415926535897931        1.5707963267948966     
 (  2.0388117533029657     ,  2.3101403236933510E-017)
   3.1415926535897931        3.1415926535897931     
 ( -1.3754325998886991     , -4.0967754197978181E-016)
   1.0000000000000000                1          16
 (  0.0000000000000000     ,  0.0000000000000000     )
  -1.5707963267948966       -1.5707963267948966     
 (  3.2884441056068914E-002, -3.8202719993076353E-016)
  -1.5707963267948966        0.0000000000000000     
 (  6.3538357858873313     ,  3.7995063099030953E-016)
  -1.5707963267948966        1.5707963267948966     
 ( -1.3191502517171916     , -4.4408920985006262E-016)
  -1.5707963267948966        3.1415926535897931     
 ( -2.7275532463949852     , -5.6261366081528500E-017)
   0.0000000000000000       -1.5707963267948966     
 ( -1.1597532658941174     ,  2.4652475119663962E-016)
   0.0000000000000000        0.0000000000000000     
 (  19.064579684277529     ,  0.0000000000000000     )
   0.0000000000000000        1.5707963267948966     
 ( -1.1597532658941174     , -2.4652475119663962E-016)
   0.0000000000000000        3.1415926535897931     
 ( -2.7334212028672802     ,  1.1420238605191528E-015)
   1.5707963267948966       -1.5707963267948966     
 ( -1.3191502517171916     ,  4.4408920985006262E-016)
   1.5707963267948966        0.0000000000000000     
 (  6.3538357858873313     , -3.7995063099030953E-016)
   1.5707963267948966        1.5707963267948966     
 (  3.2884441056068914E-002,  3.8202719993076353E-016)
   1.5707963267948966        3.1415926535897931     
 ( -2.7275532463949852     ,  6.2447459577018939E-016)
   3.1415926535897931       -1.5707963267948966     
 ( -2.8923751200403554     ,  7.5267597096600127E-016)
   3.1415926535897931        0.0000000000000000     
 (  6.0532212816978443     ,  7.5990126198061906E-016)
   3.1415926535897931        1.5707963267948966     
 ( -2.8923751200403549     , -1.1836634634399814E-015)
   3.1415926535897931        3.1415926535897931     
 ( -2.9601564489015963     ,  5.2900724354442077E-016)
   1.0000000000000000                1          16
 (  0.0000000000000000     ,  0.0000000000000000     )
  -1.5707963267948966       -1.5707963267948966     
 ( 0.25238911973565248     , -3.8045758794306966E-016)
  -1.5707963267948966        0.0000000000000000     
 ( 0.87396809429025413     ,  6.3501072959818414E-016)
  -1.5707963267948966        1.5707963267948966     
 ( 0.86443473210187982     , -4.9960036108132044E-016)
  -1.5707963267948966        3.1415926535897931     
 ( 0.33471733537469989     , -5.3247774466768755E-016)
   0.0000000000000000       -1.5707963267948966     
 (  2.1674291819811380     ,  2.1798436958716374E-016)
   0.0000000000000000        0.0000000000000000     
 (  14.011420208458937     ,  0.0000000000000000     )
   0.0000000000000000        1.5707963267948966     
 (  2.1674291819811380     , -2.1798436958716374E-016)
   0.0000000000000000        3.1415926535897931     
 (  6.2487891970742062     ,  9.7514650891788608E-016)
   1.5707963267948966       -1.5707963267948966     
 ( 0.86443473210187982     ,  4.9960036108132044E-016)
   1.5707963267948966        0.0000000000000000     
 ( 0.87396809429025413     , -6.3501072959818414E-016)
   1.5707963267948966        1.5707963267948966     
 ( 0.25238911973565248     ,  3.8045758794306966E-016)
   1.5707963267948966        3.1415926535897931     
 ( 0.33471733537469989     ,  3.2667408109412646E-016)
   3.1415926535897931       -1.5707963267948966     
 ( -1.0566290564382519     , -2.7349552081842157E-016)
   3.1415926535897931        0.0000000000000000     
 ( -6.0275139465136451     ,  3.8184303949624314E-016)
   3.1415926535897931        1.5707963267948966     
 ( -1.0566290564382512     ,  3.4524761340114966E-016)
   3.1415926535897931        3.1415926535897931     
 ( -5.1053142731102366     , -5.2326278910735521E-016)
   1.0000000000000000                1          16
 (  0.0000000000000000     ,  0.0000000000000000     )
  -1.5707963267948966       -1.5707963267948966     
 ( 0.54860533235002185     ,  2.7213919219298743E-016)
  -1.5707963267948966        0.0000000000000000     
 (  1.2468211046721043     , -2.6286639736876099E-016)
  -1.5707963267948966        1.5707963267948966     
 (-0.15891401900576396     ,  1.1102230246251565E-016)
  -1.5707963267948966        3.1415926535897931     
 (  1.6395938372524739     , -1.3689710461091104E-016)
   0.0000000000000000       -1.5707963267948966     
 ( -3.2194427692960548E-002,  1.4148616005979542E-016)
   0.0000000000000000        0.0000000000000000     
 (  8.9548248724096950     ,  0.0000000000000000     )
   0.0000000000000000        1.5707963267948966     
 ( -3.2194427692960548E-002, -1.4148616005979542E-016)
   0.0000000000000000        3.1415926535897931     
 (  1.0901875525610989     ,  6.1902229596425015E-016)
   1.5707963267948966       -1.5707963267948966     
 (-0.15891401900576396     , -1.1102230246251565E-016)
   1.5707963267948966        0.0000000000000000     
 (  1.2468211046721043     ,  2.6286639736876099E-016)
   1.5707963267948966        1.5707963267948966     
 ( 0.54860533235002185     , -2.7213919219298743E-016)
   1.5707963267948966        3.1415926535897931     
 (  1.6395938372524739     ,  4.5913088407185462E-016)
   3.1415926535897931       -1.5707963267948966     
 ( 0.15075438568271293     ,  8.0558444865235889E-017)
   3.1415926535897931        0.0000000000000000     
 (-0.54199640928272941     ,  3.6244562496260326E-016)
   3.1415926535897931        1.5707963267948966     
 ( 0.15075438568271304     , -2.0241387525435495E-016)
   3.1415926535897931        3.1415926535897931     
 (-0.29234844220523853     , -2.2148975400906966E-016)
   1.0000000000000000                1          16
 (  0.0000000000000000     ,  0.0000000000000000     )
  -1.5707963267948966       -1.5707963267948966     
 (  1.6758966382627474     ,  8.0780562914837427E-016)
  -1.5707963267948966        0.0000000000000000     
 (  1.5629818473073651     , -6.6969472911785400E-016)
  -1.5707963267948966        1.5707963267948966     
 ( -1.9574269207151709     , -1.1102230246251565E-016)
  -1.5707963267948966        3.1415926535897931     
 ( 0.25949777310715044     ,  4.8720124784060231E-016)
   0.0000000000000000       -1.5707963267948966     
 (  1.5526817727755005     ,  4.8427560512593815E-016)
   0.0000000000000000        0.0000000000000000     
 (  13.006031953664941     ,  0.0000000000000000     )
   0.0000000000000000        1.5707963267948966     
 (  1.5526817727755005     , -4.8427560512593815E-016)
   0.0000000000000000        3.1415926535897931     
 ( -2.3780960997737970     ,  4.6062470493816368E-016)
   1.5707963267948966       -1.5707963267948966     
 ( -1.9574269207151709     ,  1.1102230246251565E-016)
   1.5707963267948966        0.0000000000000000     
 (  1.5629818473073651     ,  6.6969472911785400E-016)
   1.5707963267948966        1.5707963267948966     
 (  1.6758966382627474     , -8.0780562914837427E-016)
   1.5707963267948966        3.1415926535897931     
 ( 0.25949777310715089     , -2.0385761909404180E-016)
   3.1415926535897931       -1.5707963267948966     
 (-0.68774867317490052     , -1.0393871174385164E-015)
   3.1415926535897931        0.0000000000000000     
 ( 0.88241422240326983     ,  6.5901198608957367E-016)
   3.1415926535897931        1.5707963267948966     
 (-0.68774867317489996     ,  9.8966383879752995E-016)
   3.1415926535897931        3.1415926535897931     
 (-0.32211495141979801     , -7.8586196204607741E-017)
   1.0000000000000000                1          16
 (  0.0000000000000000     ,  0.0000000000000000     )
  -1.5707963267948966       -1.5707963267948966     
 (  3.8712013247359405     ,  4.2482515744424166E-017)
  -1.5707963267948966        0.0000000000000000     
 ( -2.4795829783571124     , -2.4700162519474528E-016)
  -1.5707963267948966        1.5707963267948966     
 (  3.2304808133102711     ,  9.4368957093138306E-016)
  -1.5707963267948966        3.1415926535897931     
 ( -3.1415152915620386     , -4.8690704942445990E-016)
   0.0000000000000000       -1.5707963267948966     
 ( -11.918795543983071     ,  2.0604269132999566E-015)
   0.0000000000000000        0.0000000000000000     
 (  21.289690592715033     ,  0.0000000000000000     )
   0.0000000000000000        1.5707963267948966     
 ( -11.918795543983071     , -2.0604269132999566E-015)
   0.0000000000000000        3.1415926535897931     
 (  12.092242151215206     ,  3.5036853354733800E-015)
   1.5707963267948966       -1.5707963267948966     
 (  3.2304808133102711     , -9.4368957093138306E-016)
   1.5707963267948966        0.0000000000000000     
 ( -2.4795829783571124     ,  2.4700162519474528E-016)
   1.5707963267948966        1.5707963267948966     
 (  3.8712013247359405     , -4.2482515744424166E-017)
   1.5707963267948966        3.1415926535897931     
 ( -3.1415152915620386     , -1.3155070609494579E-015)
   3.1415926535897931       -1.5707963267948966     
 (  6.8220656888556483     , -1.6163377034498938E-015)
   3.1415926535897931        0.0000000000000000     
 ( -5.3064331518654146     ,  1.2823535890107601E-015)
   3.1415926535897931        1.5707963267948966     
 (  6.8220656888556483     ,  3.5968198001007336E-017)
   3.1415926535897931        3.1415926535897931     
 ( -4.8432076180641026     , -6.2834833348749011E-016)
   1.0000000000000000                1          16
 (  0.0000000000000000     ,  0.0000000000000000     )
  -1.5707963267948966       -1.5707963267948966     
 (  1.3760517482465084     ,  1.2844382599172115E-016)
  -1.5707963267948966        0.0000000000000000     
 (  1.2902010391049119     , -6.7775072153094668E-016)
  -1.5707963267948966        1.5707963267948966     
 (  1.0932830035762096     ,  2.7755575615628914E-016)
  -1.5707963267948966        3.1415926535897931     
 (-0.15856911150666964     , -7.4971651766649917E-017)
   0.0000000000000000       -1.5707963267948966     
 ( -1.5350252445286461     ,  2.9660057000731533E-016)
   0.0000000000000000        0.0000000000000000     
 (  9.0077896397078128     ,  0.0000000000000000     )
   0.0000000000000000        1.5707963267948966     
 ( -1.5350252445286461     , -2.9660057000731533E-016)
   0.0000000000000000        3.1415926535897931     
 (  2.0530391941023103     ,  8.6526680659435488E-016)
   1.5707963267948966       -1.5707963267948966     
 (  1.0932830035762096     , -2.7755575615628914E-016)
   1.5707963267948966        0.0000000000000000     
 (  1.2902010391049119     ,  6.7775072153094668E-016)
   1.5707963267948966        1.5707963267948966     
 (  1.3760517482465084     , -1.2844382599172115E-016)
   1.5707963267948966        3.1415926535897931     
 (-0.15856911150666964     , -1.2076036374548037E-018)
   3.1415926535897931       -1.5707963267948966     
 ( 0.15507889993769597     , -5.7415632616360446E-016)
   3.1415926535897931        0.0000000000000000     
 ( 0.44570264918762481     ,  4.2085539633835729E-016)
   3.1415926535897931        1.5707963267948966     
 ( 0.15507889993769597     ,  5.3887860909437126E-017)
   3.1415926535897931        3.1415926535897931     
 (  5.1427847342231381E-002,  1.5972933252012814E-016)
   1.0000000000000000                1          16
 (  0.0000000000000000     ,  0.0000000000000000     )
  -1.5707963267948966       -1.5707963267948966     
 ( -1.1673869869900826     ,  2.4068681198929308E-016)
  -1.5707963267948966        0.0000000000000000     
 (  1.7635262172957815     ,  5.8794289745456113E-016)
  -1.5707963267948966        1.5707963267948966     
 (-0.51105408122355533     , -4.4408920985006262E-016)
  -1.5707963267948966        3.1415926535897931     
 (  2.1720808766816861     ,  1.8490871972021201E-016)
   0.0000000000000000       -1.5707963267948966     
 ( -2.2778079743115960     ,  4.9027925754918951E-016)
   0.0000000000000000        0.0000000000000000     
 (  12.163500343555899     ,  0.0000000000000000     )
   0.0000000000000000        1.5707963267948966     
 ( -2.2778079743115960     , -4.9027925754918951E-016)
   0.0000000000000000        3.1415926535897931     
 (  4.1187413583420334     ,  1.2759507836399443E-015)
   1.5707963267948966       -1.5707963267948966     
 (-0.51105408122355533     ,  4.4408920985006262E-016)
   1.5707963267948966        0.0000000000000000     
 (  1.7635262172957815     , -5.8794289745456113E-016)
   1.5707963267948966        1.5707963267948966     
 ( -1.1673869869900826     , -2.4068681198929308E-016)
   1.5707963267948966        3.1415926535897931     
 (  2.1720808766816861     ,  5.1850950918340551E-016)
   3.1415926535897931       -1.5707963267948966     
 ( -2.7927441592021673     ,  2.8687685968842002E-016)
   3.1415926535897931        0.0000000000000000     
 (  3.3146972794861616     ,  7.3179658505905985E-016)
   3.1415926535897931        1.5707963267948966     
 ( -2.7927441592021673     , -8.0470395787247470E-016)
   3.1415926535897931        3.1415926535897931     
 (  2.0298332341157712     ,  7.7975904924870766E-016)
   1.0000000000000000                1          16
 (  0.0000000000000000     ,  0.0000000000000000     )
  -1.5707963267948966       -1.5707963267948966     
 ( 0.33787096972035324     ,  6.5656996933330914E-016)
  -1.5707963267948966        0.0000000000000000     
 ( -5.4065389008760496     ,  1.2201497724426279E-015)
  -1.5707963267948966        1.5707963267948966     
 (  1.9453419709013313     , -4.4408920985006262E-016)
  -1.5707963267948966        3.1415926535897931     
 (  5.5420953144988987     , -2.3514890029059603E-016)
   0.0000000000000000       -1.5707963267948966     
 (  1.4290779140626360     , -3.2828498466665457E-016)
   0.0000000000000000        0.0000000000000000     
 (  17.599748838058392     ,  0.0000000000000000     )
   0.0000000000000000        1.5707963267948966     
 (  1.4290779140626360     ,  3.2828498466665457E-016)
   0.0000000000000000        3.1415926535897931     
 ( -3.3490612047931387     ,  6.9759138046745482E-016)
   1.5707963267948966       -1.5707963267948966     
 (  1.9453419709013313     ,  4.4408920985006262E-016)
   1.5707963267948966        0.0000000000000000     
 ( -5.4065389008760496     , -1.2201497724426279E-015)
   1.5707963267948966        1.5707963267948966     
 ( 0.33787096972035324     , -6.5656996933330914E-016)
   1.5707963267948966        3.1415926535897931     
 (  5.5420953144988978     , -2.2806800044303621E-016)
   3.1415926535897931       -1.5707963267948966     
 ( -1.3470873668486276     , -5.5989343503347066E-016)
   3.1415926535897931        0.0000000000000000     
 (  4.1877621409715697     ,  1.9962103350351931E-015)
   3.1415926535897931        1.5707963267948966     
 ( -1.3470873668486281     ,  9.6676534299838524E-017)
   3.1415926535897931        3.1415926535897931     
 ( -7.4399695771539065     , -1.3735181775436424E-015)
   1.0000000000000000                1          16
 (  0.0000000000000000     ,  0.0000000000000000     )
  -1.5707963267948966       -1.5707963267948966     
 ( 0.62195638284598254     , -8.9310974871937738E-017)
  -1.5707963267948966        0.0000000000000000     
 ( -1.0005725994273149     ,  2.9203277420383407E-016)
  -1.5707963267948966        1.5707963267948966     
 (-0.44911719246528170     ,  1.6653345369377348E-016)
  -1.5707963267948966        3.1415926535897931     
 (-0.76021360580349551     ,  1.6115259953574127E-016)
   0.0000000000000000       -1.5707963267948966     
 (  1.8847596382041674     ,  1.8343336551411344E-016)
   0.0000000000000000        0.0000000000000000     
 (  7.7245315878924004     ,  0.0000000000000000     )
   0.0000000000000000        1.5707963267948966     
 (  1.8847596382041674     , -1.8343336551411344E-016)
   0.0000000000000000        3.1415926535897931     
 ( 0.55754304131172805     ,  2.7631432343883121E-016)
   1.5707963267948966       -1.5707963267948966     
 (-0.44911719246528170     , -1.6653345369377348E-016)
   1.5707963267948966        0.0000000000000000     
 ( -1.0005725994273149     , -2.9203277420383407E-016)
   1.5707963267948966        1.5707963267948966     
 ( 0.62195638284598254     ,  8.9310974871937738E-017)
   1.5707963267948966        3.1415926535897931     
 (-0.76021360580349528     , -4.5079685174213238E-016)
   3.1415926535897931       -1.5707963267948966     
 (  1.5109017619967131     ,  2.0514469310469135E-016)
   3.1415926535897931        0.0000000000000000     
 (  1.6259692773121091     ,  6.9508785087018380E-016)
   3.1415926535897931        1.5707963267948966     
 (  1.5109017619967131     ,  2.2685602069526929E-016)
   3.1415926535897931        3.1415926535897931     
 (  2.4765273227822195     ,  3.4505590971571053E-016)
   1.0000000000000000                1          16
 (  0.0000000000000000     ,  0.0000000000000000     )
  -1.5707963267948966       -1.5707963267948966     
 (  2.3984071315686259     , -3.1320571680740591E-016)
  -1.5707963267948966        0.0000000000000000     
 (  10.844471245635141     ,  3.7277715076395813E-016)
  -1.5707963267948966        1.5707963267948966     
 (  2.0392883584900545E-002,  1.1102230246251565E-016)
  -1.5707963267948966        3.1415926535897931     
 ( -14.644783506344957     , -4.3254563459318221E-017)
   0.0000000000000000       -1.5707963267948966     
 ( 0.21497057141379949     ,  5.4518091702250777E-016)
   0.0000000000000000        0.0000000000000000     
 (  28.047166160280867     ,  0.0000000000000000     )
   0.0000000000000000        1.5707963267948966     
 ( 0.21497057141379949     , -5.4518091702250777E-016)
   0.0000000000000000        3.1415926535897931     
 ( -9.8084054019875637     ,  1.0904756969336339E-015)
   1.5707963267948966       -1.5707963267948966     
 (  2.0392883584900545E-002, -1.1102230246251565E-016)
   1.5707963267948966        0.0000000000000000     
 (  10.844471245635141     , -3.7277715076395813E-016)
   1.5707963267948966        1.5707963267948966     
 (  2.3984071315686259     ,  3.1320571680740591E-016)
   1.5707963267948966        3.1415926535897931     
 ( -14.644783506344957     , -8.0520147508052473E-016)
   3.1415926535897931       -1.5707963267948966     
 ( 0.65717236626695219     , -2.1211400963496078E-016)
   3.1415926535897931        0.0000000000000000     
 (  13.070129260278982     ,  1.1896435113779788E-015)
   3.1415926535897931        1.5707963267948966     
 ( 0.65717236626695263     ,  2.9791785870211605E-017)
   3.1415926535897931        3.1415926535897931     
 ( -14.290151402821209     ,  1.6267248769979124E-016)
