   -1.570796     -1.570796
  1    1        0.42698850        0.00445344        0.00000000        0.00000000
   -1.570796      0.000000
  1    1        0.29261537        0.00586634        0.00000000        0.00000000
   -1.570796      1.570796
  1    1        0.42160062        0.00457269        0.00000000        0.00000000
   -1.570796      3.141593
  1    1        0.54916997        0.00723451        0.00000000        0.00000000
    0.000000     -1.570796
  1    1        0.28687375        0.00533338       -0.00000000        0.00000000
    0.000000      0.000000
  1    1        0.01084290        0.00137141        0.00000000        0.00000000
    0.000000      1.570796
  1    1        0.28687375        0.00533338        0.00000000        0.00000000
    0.000000      3.141593
  1    1        0.42073619        0.00860693       -0.00000000        0.00000000
    1.570796     -1.570796
  1    1        0.42160062        0.00457269       -0.00000000        0.00000000
    1.570796      0.000000
  1    1        0.29261537        0.00586634       -0.00000000        0.00000000
    1.570796      1.570796
  1    1        0.42698850        0.00445344       -0.00000000        0.00000000
    1.570796      3.141593
  1    1        0.54916997        0.00723451       -0.00000000        0.00000000
    3.141593     -1.570796
  1    1        0.57325955        0.00674060        0.00000000        0.00000000
    3.141593      0.000000
  1    1        0.43929297        0.00914466       -0.00000000        0.00000000
    3.141593      1.570796
  1    1        0.57325955        0.00674060       -0.00000000        0.00000000
    3.141593      3.141593
  1    1        2.02811242        0.03138816        0.00000000        0.00000000
