   -1.000000     -1.000000
  1    1        0.06928452        0.00464814        0.00000000        0.00000000
   -1.000000      0.000000
  1    1       -0.16123056        0.00736330       -0.00000000        0.00000000
   -1.000000      1.000000
  1    1        0.06888934        0.00387226        0.00000000        0.00000000
   -1.000000      2.000000
  1    1       -0.09112952        0.00455548        0.00000000        0.00000000
    0.000000     -1.000000
  1    1       -0.14882308        0.00862811       -0.00000000        0.00000000
    0.000000      0.000000
  1    1        0.50000000        0.00000000        0.00000000        0.00000000
    0.000000      1.000000
  1    1       -0.14882308        0.00862811        0.00000000        0.00000000
    0.000000      2.000000
  1    1        0.06968837        0.00606478       -0.00000000        0.00000000
    1.000000     -1.000000
  1    1        0.06888934        0.00387226        0.00000000        0.00000000
    1.000000      0.000000
  1    1       -0.16123056        0.00736330        0.00000000        0.00000000
    1.000000      1.000000
  1    1        0.06928452        0.00464814       -0.00000000        0.00000000
    1.000000      2.000000
  1    1       -0.09112952        0.00455548        0.00000000        0.00000000
    2.000000     -1.000000
  1    1       -0.08487484        0.00397055        0.00000000        0.00000000
    2.000000      0.000000
  1    1        0.06973350        0.00489090       -0.00000000        0.00000000
    2.000000      1.000000
  1    1       -0.08487484        0.00397055        0.00000000        0.00000000
    2.000000      2.000000
  1    1        0.07285294        0.00507400       -0.00000000        0.00000000
