   1.0000000000000000                1          16
 (  0.0000000000000000     ,  0.0000000000000000     )
  -1.5707963267948966       -1.5707963267948966     
 ( 0.36923664572593701     ,  3.1529945611926204E-017)
  -1.5707963267948966        0.0000000000000000     
 ( 0.34572730034874138     , -7.6158103023902937E-017)
  -1.5707963267948966        1.5707963267948966     
 ( 0.41493533882368144     ,  0.0000000000000000     )
  -1.5707963267948966        3.1415926535897931     
 ( 0.42632051529733478     ,  7.5576227469039787E-017)
   0.0000000000000000       -1.5707963267948966     
 ( 0.19033773900721551     , -9.9031699652849845E-017)
   0.0000000000000000        0.0000000000000000     
 (  3.4174717443257313E-003,  0.0000000000000000     )
   0.0000000000000000        1.5707963267948966     
 ( 0.19033773900721551     ,  9.9031699652849845E-017)
   0.0000000000000000        3.1415926535897931     
 ( 0.34278152125563516     , -2.1110758509411116E-018)
   1.5707963267948966       -1.5707963267948966     
 ( 0.41493533882368144     ,  0.0000000000000000     )
   1.5707963267948966        0.0000000000000000     
 ( 0.34572730034874138     ,  7.6158103023902937E-017)
   1.5707963267948966        1.5707963267948966     
 ( 0.36923664572593701     , -3.1529945611926204E-017)
   1.5707963267948966        3.1415926535897931     
 ( 0.42632051529733478     , -1.2353863870770303E-016)
   3.1415926535897931       -1.5707963267948966     
 ( 0.64597163639920985     ,  1.5454285088410767E-016)
   3.1415926535897931        0.0000000000000000     
 ( 0.46693945443855889     , -1.3538327969661288E-017)
   3.1415926535897931        1.5707963267948966     
 ( 0.64597163639920985     , -1.7474968650714199E-016)
   3.1415926535897931        3.1415926535897931     
 (  2.4018032013572403     ,  2.1239925519411919E-016)
   1.0000000000000000                1          16
 (  0.0000000000000000     ,  0.0000000000000000     )
  -1.5707963267948966       -1.5707963267948966     
 ( 0.44588646957756861     ,  4.5198303312843827E-017)
  -1.5707963267948966        0.0000000000000000     
 ( 0.30085197665999985     ,  5.0942130452466081E-017)
  -1.5707963267948966        1.5707963267948966     
 ( 0.39124769547417748     ,  2.7755575615628914E-017)
  -1.5707963267948966        3.1415926535897931     
 ( 0.49437108339592317     ,  8.2591799385126766E-017)
   0.0000000000000000       -1.5707963267948966     
 ( 0.24011569887334835     , -5.7293621175958062E-017)
   0.0000000000000000        0.0000000000000000     
 (  1.8031676153803050E-002,  0.0000000000000000     )
   0.0000000000000000        1.5707963267948966     
 ( 0.24011569887334835     ,  5.7293621175958062E-017)
   0.0000000000000000        3.1415926535897931     
 ( 0.43259911406195639     , -1.8125144632789578E-018)
   1.5707963267948966       -1.5707963267948966     
 ( 0.39124769547417748     , -2.7755575615628914E-017)
   1.5707963267948966        0.0000000000000000     
 ( 0.30085197665999985     , -5.0942130452466081E-017)
   1.5707963267948966        1.5707963267948966     
 ( 0.44588646957756861     , -4.5198303312843827E-017)
   1.5707963267948966        3.1415926535897931     
 ( 0.49437108339592317     , -1.3097307083758369E-016)
   3.1415926535897931       -1.5707963267948966     
 ( 0.56959817891973274     , -1.2095317863114227E-017)
   3.1415926535897931        0.0000000000000000     
 ( 0.43443673326985421     , -9.1380415575835080E-018)
   3.1415926535897931        1.5707963267948966     
 ( 0.56959817891973274     ,  1.9225197641915148E-017)
   3.1415926535897931        3.1415926535897931     
 (  2.2307902707128866     ,  1.9598499507020124E-016)
   1.0000000000000000                1          16
 (  0.0000000000000000     ,  0.0000000000000000     )
  -1.5707963267948966       -1.5707963267948966     
 ( 0.39912482276022210     ,  5.2308993438067415E-017)
  -1.5707963267948966        0.0000000000000000     
 ( 0.29738774871870211     , -4.5397675827992543E-018)
  -1.5707963267948966        1.5707963267948966     
 ( 0.35902997451758956     ,  9.7144514654701197E-017)
  -1.5707963267948966        3.1415926535897931     
 ( 0.51693624539057648     ,  3.0717891567569646E-017)
   0.0000000000000000       -1.5707963267948966     
 ( 0.31333191186090970     ,  2.2417760608316891E-017)
   0.0000000000000000        0.0000000000000000     
 (  8.1421287830273081E-003,  0.0000000000000000     )
   0.0000000000000000        1.5707963267948966     
 ( 0.31333191186090970     , -2.2417760608316891E-017)
   0.0000000000000000        3.1415926535897931     
 ( 0.42108342935400322     , -1.2089606998880821E-017)
   1.5707963267948966       -1.5707963267948966     
 ( 0.35902997451758956     , -9.7144514654701197E-017)
   1.5707963267948966        0.0000000000000000     
 ( 0.29738774871870211     ,  4.5397675827992543E-018)
   1.5707963267948966        1.5707963267948966     
 ( 0.39912482276022210     , -5.2308993438067415E-017)
   1.5707963267948966        3.1415926535897931     
 ( 0.51693624539057648     , -6.4877782769579371E-017)
   3.1415926535897931       -1.5707963267948966     
 ( 0.59340741428024502     ,  7.4726754046384312E-017)
   3.1415926535897931        0.0000000000000000     
 ( 0.43835330664923300     , -9.0795351655985086E-018)
   3.1415926535897931        1.5707963267948966     
 ( 0.59340741428024502     , -5.3375494017136210E-017)
   3.1415926535897931        3.1415926535897931     
 (  2.1739849001572464     ,  1.8288380645108262E-016)
   1.0000000000000000                1          16
 (  0.0000000000000000     ,  0.0000000000000000     )
  -1.5707963267948966       -1.5707963267948966     
 ( 0.43352630012127980     ,  9.6151299400991618E-017)
  -1.5707963267948966        0.0000000000000000     
 ( 0.32753841886782620     , -1.0205189289274851E-016)
  -1.5707963267948966        1.5707963267948966     
 ( 0.44577209285002106     , -2.7755575615628914E-017)
  -1.5707963267948966        3.1415926535897931     
 ( 0.54889658939184949     ,  3.3742181461916545E-017)
   0.0000000000000000       -1.5707963267948966     
 ( 0.26328962878710049     , -3.4197861892681352E-017)
   0.0000000000000000        0.0000000000000000     
 (  1.8508102597703385E-002,  0.0000000000000000     )
   0.0000000000000000        1.5707963267948966     
 ( 0.26328962878710049     ,  3.4197861892681352E-017)
   0.0000000000000000        3.1415926535897931     
 ( 0.41496220488657420     , -5.7012788849797583E-018)
   1.5707963267948966       -1.5707963267948966     
 ( 0.44577209285002106     ,  2.7755575615628914E-017)
   1.5707963267948966        0.0000000000000000     
 ( 0.32753841886782620     ,  1.0205189289274851E-016)
   1.5707963267948966        1.5707963267948966     
 ( 0.43352630012127980     , -9.6151299400991618E-017)
   1.5707963267948966        3.1415926535897931     
 ( 0.54889658939184949     , -6.3484187584964630E-017)
   3.1415926535897931       -1.5707963267948966     
 ( 0.61741345253337365     ,  4.8075649700495809E-017)
   3.1415926535897931        0.0000000000000000     
 ( 0.47628159793352298     , -9.8147564760946288E-018)
   3.1415926535897931        1.5707963267948966     
 ( 0.61741345253337365     , -5.0062080207914967E-017)
   3.1415926535897931        3.1415926535897931     
 (  1.8173751294792981     ,  1.3430542107014624E-016)
   1.0000000000000000                1          16
 (  0.0000000000000000     ,  0.0000000000000000     )
  -1.5707963267948966       -1.5707963267948966     
 ( 0.46031735056403972     ,  3.6041384923668000E-017)
  -1.5707963267948966        0.0000000000000000     
 ( 0.28818725889533453     , -1.4128439113602615E-018)
  -1.5707963267948966        1.5707963267948966     
 ( 0.44509438629784109     ,  4.1633363423443370E-017)
  -1.5707963267948966        3.1415926535897931     
 ( 0.56111200708433162     , -9.4589839289347200E-017)
   0.0000000000000000       -1.5707963267948966     
 ( 0.30126023813167307     ,  3.7490458769423824E-017)
   0.0000000000000000        0.0000000000000000     
 (  4.8703561042709731E-003,  0.0000000000000000     )
   0.0000000000000000        1.5707963267948966     
 ( 0.30126023813167307     , -3.7490458769423824E-017)
   0.0000000000000000        3.1415926535897931     
 ( 0.40082340641033559     , -1.2052160248954326E-017)
   1.5707963267948966       -1.5707963267948966     
 ( 0.44509438629784109     , -4.1633363423443370E-017)
   1.5707963267948966        0.0000000000000000     
 ( 0.28818725889533453     ,  1.4128439113602615E-018)
   1.5707963267948966        1.5707963267948966     
 ( 0.46031735056403972     , -3.6041384923668000E-017)
   1.5707963267948966        3.1415926535897931     
 ( 0.56111200708433162     ,  5.5650306674167547E-017)
   3.1415926535897931       -1.5707963267948966     
 ( 0.53147508216863248     ,  1.1516520711653519E-016)
   3.1415926535897931        0.0000000000000000     
 ( 0.52535717751613964     , -2.8256878227205229E-018)
   3.1415926535897931        1.5707963267948966     
 ( 0.53147508216863248     , -1.2634916411608594E-016)
   3.1415926535897931        3.1415926535897931     
 (  1.8940564136855484     ,  1.5486388865501484E-016)
   1.0000000000000000                1          16
 (  0.0000000000000000     ,  0.0000000000000000     )
  -1.5707963267948966       -1.5707963267948966     
 ( 0.43349997330092627     , -1.7968136039099684E-017)
  -1.5707963267948966        0.0000000000000000     
 ( 0.28997490246749169     , -3.1568931618216847E-017)
  -1.5707963267948966        1.5707963267948966     
 ( 0.45395433425294829     , -1.3877787807814457E-017)
  -1.5707963267948966        3.1415926535897931     
 ( 0.55220637731552091     ,  4.8123977246778600E-017)
   0.0000000000000000       -1.5707963267948966     
 ( 0.29553496704935145     ,  2.2861855827364299E-017)
   0.0000000000000000        0.0000000000000000     
 (  1.9563277392933148E-003,  0.0000000000000000     )
   0.0000000000000000        1.5707963267948966     
 ( 0.29553496704935145     , -2.2861855827364299E-017)
   0.0000000000000000        3.1415926535897931     
 ( 0.41730657351143130     , -1.0520146642414039E-017)
   1.5707963267948966       -1.5707963267948966     
 ( 0.45395433425294829     ,  1.3877787807814457E-017)
   1.5707963267948966        0.0000000000000000     
 ( 0.28997490246749169     ,  3.1568931618216847E-017)
   1.5707963267948966        1.5707963267948966     
 ( 0.43349997330092627     ,  1.7968136039099684E-017)
   1.5707963267948966        3.1415926535897931     
 ( 0.55220637731552091     , -8.4060249324977969E-017)
   3.1415926535897931       -1.5707963267948966     
 ( 0.56884182278232309     ,  4.6527083211707988E-017)
   3.1415926535897931        0.0000000000000000     
 ( 0.45343981796127475     , -7.6267120051758519E-018)
   3.1415926535897931        1.5707963267948966     
 ( 0.56884182278232309     , -5.4707779674278443E-017)
   3.1415926535897931        3.1415926535897931     
 (  1.9392725264508768     ,  1.5352141928458201E-016)
   1.0000000000000000                1          16
 (  0.0000000000000000     ,  0.0000000000000000     )
  -1.5707963267948966       -1.5707963267948966     
 ( 0.44074341164216513     , -7.1680905069019583E-017)
  -1.5707963267948966        0.0000000000000000     
 ( 0.27190328095970751     , -8.7981507261293970E-017)
  -1.5707963267948966        1.5707963267948966     
 ( 0.44081851277956030     , -1.3877787807814457E-017)
  -1.5707963267948966        3.1415926535897931     
 ( 0.64027232371584253     , -3.8166437078088320E-017)
   0.0000000000000000       -1.5707963267948966     
 ( 0.30792090854198140     , -3.3548486504562492E-017)
   0.0000000000000000        0.0000000000000000     
 (  1.9247639579395293E-003,  0.0000000000000000     )
   0.0000000000000000        1.5707963267948966     
 ( 0.30792090854198140     ,  3.3548486504562492E-017)
   0.0000000000000000        3.1415926535897931     
 ( 0.56159436890133840     , -3.2038403879279033E-018)
   1.5707963267948966       -1.5707963267948966     
 ( 0.44081851277956030     ,  1.3877787807814457E-017)
   1.5707963267948966        0.0000000000000000     
 ( 0.27190328095970751     ,  8.7981507261293970E-017)
   1.5707963267948966        1.5707963267948966     
 ( 0.44074341164216513     ,  7.1680905069019583E-017)
   1.5707963267948966        3.1415926535897931     
 ( 0.64027232371584253     ,  5.8269294025647863E-018)
   3.1415926535897931       -1.5707963267948966     
 ( 0.51583136657573192     ,  5.7929108889335755E-018)
   3.1415926535897931        0.0000000000000000     
 ( 0.38788538307059184     , -9.4295608288144164E-018)
   3.1415926535897931        1.5707963267948966     
 ( 0.51583136657573192     ,  3.5009448589862698E-018)
   3.1415926535897931        3.1415926535897931     
 (  1.8136158756401530     ,  1.3866088627413417E-016)
   1.0000000000000000                1          16
 (  0.0000000000000000     ,  0.0000000000000000     )
  -1.5707963267948966       -1.5707963267948966     
 ( 0.42903176920343633     , -1.6449295586384163E-017)
  -1.5707963267948966        0.0000000000000000     
 ( 0.27020212590968784     ,  2.6169224354708309E-017)
  -1.5707963267948966        1.5707963267948966     
 ( 0.43795681928033092     ,  1.3877787807814457E-017)
  -1.5707963267948966        3.1415926535897931     
 ( 0.62993474562975660     , -3.9665346971062907E-017)
   0.0000000000000000       -1.5707963267948966     
 ( 0.32323782636938536     , -1.9530927822436830E-017)
   0.0000000000000000        0.0000000000000000     
 (  3.7818963015703311E-003,  0.0000000000000000     )
   0.0000000000000000        1.5707963267948966     
 ( 0.32323782636938536     ,  1.9530927822436830E-017)
   0.0000000000000000        3.1415926535897931     
 ( 0.48723542882624349     , -9.5190771654779478E-018)
   1.5707963267948966       -1.5707963267948966     
 ( 0.43795681928033092     , -1.3877787807814457E-017)
   1.5707963267948966        0.0000000000000000     
 ( 0.27020212590968784     , -2.6169224354708309E-017)
   1.5707963267948966        1.5707963267948966     
 ( 0.42903176920343633     ,  1.6449295586384163E-017)
   1.5707963267948966        3.1415926535897931     
 ( 0.62993474562975660     ,  6.7667557982945805E-018)
   3.1415926535897931       -1.5707963267948966     
 ( 0.50798791867847015     ,  4.7286503438065744E-017)
   3.1415926535897931        0.0000000000000000     
 ( 0.48480819123712982     , -3.1727025218412085E-018)
   3.1415926535897931        1.5707963267948966     
 ( 0.50798791867847015     , -5.2429518995205157E-017)
   3.1415926535897931        3.1415926535897931     
 (  1.8274720734929215     ,  1.4396595307830933E-016)
   1.0000000000000000                1          16
 (  0.0000000000000000     ,  0.0000000000000000     )
  -1.5707963267948966       -1.5707963267948966     
 ( 0.45756103710079132     ,  5.5596763134337288E-017)
  -1.5707963267948966        0.0000000000000000     
 ( 0.26402550009289227     ,  2.2871725248505705E-017)
  -1.5707963267948966        1.5707963267948966     
 ( 0.45192345154241009     ,  5.5511151231257827E-017)
  -1.5707963267948966        3.1415926535897931     
 ( 0.61832476459350050     ,  3.7525077107403259E-018)
   0.0000000000000000       -1.5707963267948966     
 ( 0.39446304879539640     , -2.0859487663261415E-017)
   0.0000000000000000        0.0000000000000000     
 (  1.2299201344482875E-002,  0.0000000000000000     )
   0.0000000000000000        1.5707963267948966     
 ( 0.39446304879539640     ,  2.0859487663261415E-017)
   0.0000000000000000        3.1415926535897931     
 ( 0.52150309874481537     , -1.5621827099826137E-017)
   1.5707963267948966       -1.5707963267948966     
 ( 0.45192345154241009     , -5.5511151231257827E-017)
   1.5707963267948966        0.0000000000000000     
 ( 0.26402550009289227     , -2.2871725248505705E-017)
   1.5707963267948966        1.5707963267948966     
 ( 0.45756103710079132     , -5.5596763134337288E-017)
   1.5707963267948966        3.1415926535897931     
 ( 0.61832476459350050     , -3.1336859520210310E-017)
   3.1415926535897931       -1.5707963267948966     
 ( 0.49794336061660960     ,  4.8615063278890329E-017)
   3.1415926535897931        0.0000000000000000     
 ( 0.35623314021994129     , -9.7677007342464262E-018)
   3.1415926535897931        1.5707963267948966     
 ( 0.49794336061660960     , -3.4566051664916945E-017)
   3.1415926535897931        3.1415926535897931     
 (  1.7414822342075598     ,  1.3031248951374033E-016)
   1.0000000000000000                1          16
 (  0.0000000000000000     ,  0.0000000000000000     )
  -1.5707963267948966       -1.5707963267948966     
 ( 0.37771998253019023     ,  1.1699554719175471E-016)
  -1.5707963267948966        0.0000000000000000     
 ( 0.26994471752563753     ,  9.2504365229299311E-017)
  -1.5707963267948966        1.5707963267948966     
 ( 0.48248531561380215     ,  1.2490009027033011E-016)
  -1.5707963267948966        3.1415926535897931     
 ( 0.53000407682133732     ,  3.9327497374929583E-017)
   0.0000000000000000       -1.5707963267948966     
 ( 0.33789071805016957     ,  6.6402316674452755E-017)
   0.0000000000000000        0.0000000000000000     
 (  2.8387138702398812E-002,  0.0000000000000000     )
   0.0000000000000000        1.5707963267948966     
 ( 0.33789071805016957     , -6.6402316674452755E-017)
   0.0000000000000000        3.1415926535897931     
 ( 0.39228596382794434     , -1.5620880207115551E-017)
   1.5707963267948966       -1.5707963267948966     
 ( 0.48248531561380215     , -1.2490009027033011E-016)
   1.5707963267948966        0.0000000000000000     
 ( 0.26994471752563753     , -9.2504365229299311E-017)
   1.5707963267948966        1.5707963267948966     
 ( 0.37771998253019023     , -1.1699554719175471E-016)
   1.5707963267948966        3.1415926535897931     
 ( 0.53000407682133732     , -8.2892159147709311E-017)
   3.1415926535897931       -1.5707963267948966     
 ( 0.50642802822672239     ,  8.6253349211506270E-017)
   3.1415926535897931        0.0000000000000000     
 ( 0.35994351454721574     , -9.2802988508038035E-018)
   3.1415926535897931        1.5707963267948966     
 ( 0.50642802822672239     , -1.0206243536865709E-016)
   3.1415926535897931        3.1415926535897931     
 (  2.2104377053867230     ,  1.8983499120940222E-016)
   1.0000000000000000                1          16
 (  0.0000000000000000     ,  0.0000000000000000     )
  -1.5707963267948966       -1.5707963267948966     
 ( 0.43170459268968586     ,  6.0485530957421907E-017)
  -1.5707963267948966        0.0000000000000000     
 ( 0.28822535210157529     ,  3.6779425778877127E-017)
  -1.5707963267948966        1.5707963267948966     
 ( 0.37797442563459982     ,  4.1633363423443370E-017)
  -1.5707963267948966        3.1415926535897931     
 ( 0.54241490819223626     ,  6.8511393275777510E-017)
   0.0000000000000000       -1.5707963267948966     
 ( 0.27828348642642620     , -2.4871898630820430E-018)
   0.0000000000000000        0.0000000000000000     
 (  1.2917264185420607E-002,  0.0000000000000000     )
   0.0000000000000000        1.5707963267948966     
 ( 0.27828348642642620     ,  2.4871898630820430E-018)
   0.0000000000000000        3.1415926535897931     
 ( 0.48870909787071926     , -3.3641421577697312E-018)
   1.5707963267948966       -1.5707963267948966     
 ( 0.37797442563459982     , -4.1633363423443370E-017)
   1.5707963267948966        0.0000000000000000     
 ( 0.28822535210157529     , -3.6779425778877127E-017)
   1.5707963267948966        1.5707963267948966     
 ( 0.43170459268968586     , -6.0485530957421907E-017)
   1.5707963267948966        3.1415926535897931     
 ( 0.54241490819223648     , -1.1407378505470717E-016)
   3.1415926535897931       -1.5707963267948966     
 ( 0.51903109045688156     ,  5.7998341094339867E-017)
   3.1415926535897931        0.0000000000000000     
 ( 0.40499180505993659     , -9.7078752891324813E-018)
   3.1415926535897931        1.5707963267948966     
 ( 0.51903109045688156     , -4.8049581642011695E-017)
   3.1415926535897931        3.1415926535897931     
 (  2.2181141218811136     ,  1.9637438898764028E-016)
   1.0000000000000000                1          16
 (  0.0000000000000000     ,  0.0000000000000000     )
  -1.5707963267948966       -1.5707963267948966     
 ( 0.33466424322515509     ,  3.5078057341472756E-017)
  -1.5707963267948966        0.0000000000000000     
 ( 0.20844306005316518     , -5.7871140754366972E-017)
  -1.5707963267948966        1.5707963267948966     
 ( 0.40049989588011992     , -8.3266726846886741E-017)
  -1.5707963267948966        3.1415926535897931     
 ( 0.63443061176229443     ,  4.4214611833686495E-019)
   0.0000000000000000       -1.5707963267948966     
 ( 0.30815392907111838     ,  1.7675000063866602E-016)
   0.0000000000000000        0.0000000000000000     
 (  1.7911118904800502E-002,  0.0000000000000000     )
   0.0000000000000000        1.5707963267948966     
 ( 0.30815392907111838     , -1.7675000063866602E-016)
   0.0000000000000000        3.1415926535897931     
 ( 0.55377199236465147     , -2.7324776710258556E-018)
   1.5707963267948966       -1.5707963267948966     
 ( 0.40049989588011992     ,  8.3266726846886741E-017)
   1.5707963267948966        0.0000000000000000     
 ( 0.20844306005316518     ,  5.7871140754366972E-017)
   1.5707963267948966        1.5707963267948966     
 ( 0.33466424322515509     , -3.5078057341472756E-017)
   1.5707963267948966        3.1415926535897931     
 ( 0.63443061176229443     , -4.1308333897906986E-017)
   3.1415926535897931       -1.5707963267948966     
 ( 0.51527465207302814     ,  2.1182805798013877E-016)
   3.1415926535897931        0.0000000000000000     
 ( 0.32189189365567222     , -4.7199790462182809E-018)
   3.1415926535897931        1.5707963267948966     
 ( 0.51527465207302814     , -1.9718309452845109E-016)
   3.1415926535897931        3.1415926535897931     
 (  2.3034922109451128     ,  1.9491709792478626E-016)
   1.0000000000000000                1          16
 (  0.0000000000000000     ,  0.0000000000000000     )
  -1.5707963267948966       -1.5707963267948966     
 ( 0.41583168818890109     , -1.5702896642567478E-017)
  -1.5707963267948966        0.0000000000000000     
 ( 0.32531874292098090     , -1.6799129303656720E-017)
  -1.5707963267948966        1.5707963267948966     
 ( 0.42344333918154253     , -4.1633363423443370E-017)
  -1.5707963267948966        3.1415926535897931     
 ( 0.50669592329127466     ,  9.1712549180624540E-018)
   0.0000000000000000       -1.5707963267948966     
 ( 0.28371264693436754     , -6.0263394865307178E-018)
   0.0000000000000000        0.0000000000000000     
 (  2.2397451561898749E-002,  0.0000000000000000     )
   0.0000000000000000        1.5707963267948966     
 ( 0.28371264693436754     ,  6.0263394865307178E-018)
   0.0000000000000000        3.1415926535897931     
 ( 0.37797593187643569     , -1.0228979370002028E-017)
   1.5707963267948966       -1.5707963267948966     
 ( 0.42344333918154253     ,  4.1633363423443370E-017)
   1.5707963267948966        0.0000000000000000     
 ( 0.32531874292098090     ,  1.6799129303656720E-017)
   1.5707963267948966        1.5707963267948966     
 ( 0.41583168818890109     ,  1.5702896642567478E-017)
   1.5707963267948966        3.1415926535897931     
 ( 0.50669592329127489     , -4.0577048203197408E-017)
   3.1415926535897931       -1.5707963267948966     
 ( 0.62782492324511929     ,  3.3781915102159630E-017)
   3.1415926535897931        0.0000000000000000     
 ( 0.53282177987801949     , -5.8426829916845289E-018)
   3.1415926535897931        1.5707963267948966     
 ( 0.62782492324511929     , -2.3554344963851215E-017)
   3.1415926535897931        3.1415926535897931     
 (  1.9011503091592736     ,  1.4965530687185785E-016)
   1.0000000000000000                1          16
 (  0.0000000000000000     ,  0.0000000000000000     )
  -1.5707963267948966       -1.5707963267948966     
 ( 0.39457738776769469     , -5.3586503139077303E-018)
  -1.5707963267948966        0.0000000000000000     
 ( 0.29237142224935925     , -4.5661531813440463E-017)
  -1.5707963267948966        1.5707963267948966     
 ( 0.39031369003105165     ,  0.0000000000000000     )
  -1.5707963267948966        3.1415926535897931     
 ( 0.49011101339245594     , -3.8870038549506116E-017)
   0.0000000000000000       -1.5707963267948966     
 ( 0.26769728022490757     ,  2.3496006868675552E-017)
   0.0000000000000000        0.0000000000000000     
 (  2.4781665858494839E-002,  0.0000000000000000     )
   0.0000000000000000        1.5707963267948966     
 ( 0.26769728022490757     , -2.3496006868675552E-017)
   0.0000000000000000        3.1415926535897931     
 ( 0.41697261440105932     , -5.7338134703132303E-018)
   1.5707963267948966       -1.5707963267948966     
 ( 0.39031369003105165     ,  0.0000000000000000     )
   1.5707963267948966        0.0000000000000000     
 ( 0.29237142224935925     ,  4.5661531813440463E-017)
   1.5707963267948966        1.5707963267948966     
 ( 0.39457738776769469     ,  5.3586503139077303E-018)
   1.5707963267948966        3.1415926535897931     
 ( 0.49011101339245616     ,  3.9716230606174225E-019)
   3.1415926535897931       -1.5707963267948966     
 ( 0.63566540886449996     ,  4.5892932170396732E-017)
   3.1415926535897931        0.0000000000000000     
 ( 0.42839121437618771     , -8.0563367799941705E-018)
   3.1415926535897931        1.5707963267948966     
 ( 0.63566540886449996     , -2.8854657182583279E-017)
   3.1415926535897931        3.1415926535897931     
 (  2.1883821003043193     ,  1.8189526958900100E-016)
   1.0000000000000000                1          16
 (  0.0000000000000000     ,  0.0000000000000000     )
  -1.5707963267948966       -1.5707963267948966     
 ( 0.46384102743439098     ,  5.1457992717145335E-017)
  -1.5707963267948966        0.0000000000000000     
 ( 0.30379966349402349     ,  3.5812283618220827E-017)
  -1.5707963267948966        1.5707963267948966     
 ( 0.41680160553427842     , -2.7755575615628914E-017)
  -1.5707963267948966        3.1415926535897931     
 ( 0.52280634898407918     ,  9.8691424623912129E-018)
   0.0000000000000000       -1.5707963267948966     
 ( 0.30274873160398780     ,  8.9654731609634730E-018)
   0.0000000000000000        0.0000000000000000     
 (  3.2472943896241516E-002,  0.0000000000000000     )
   0.0000000000000000        1.5707963267948966     
 ( 0.30274873160398780     , -8.9654731609634730E-018)
   0.0000000000000000        3.1415926535897931     
 ( 0.51172588671340491     , -3.7534587101826732E-018)
   1.5707963267948966       -1.5707963267948966     
 ( 0.41680160553427842     ,  2.7755575615628914E-017)
   1.5707963267948966        0.0000000000000000     
 ( 0.30379966349402349     , -3.5812283618220827E-017)
   1.5707963267948966        1.5707963267948966     
 ( 0.46384102743439098     , -5.1457992717145335E-017)
   1.5707963267948966        3.1415926535897931     
 ( 0.52280634898407918     , -4.5731035106245110E-017)
   3.1415926535897931       -1.5707963267948966     
 ( 0.57781067970522237     ,  6.0423465878108815E-017)
   3.1415926535897931        0.0000000000000000     
 ( 0.38499548790552324     , -1.1642159610445089E-017)
   3.1415926535897931        1.5707963267948966     
 ( 0.57781067970522237     , -6.8529782906333788E-017)
   3.1415926535897931        3.1415926535897931     
 (  1.8951895679728656     ,  1.5221541975010439E-016)
   1.0000000000000000                1          16
 (  0.0000000000000000     ,  0.0000000000000000     )
  -1.5707963267948966       -1.5707963267948966     
 ( 0.47146322954251069     ,  3.2875658744352381E-017)
  -1.5707963267948966        0.0000000000000000     
 ( 0.33575124227493053     ,  7.1755439754474625E-018)
  -1.5707963267948966        1.5707963267948966     
 ( 0.42682450528514809     ,  4.1633363423443370E-017)
  -1.5707963267948966        3.1415926535897931     
 ( 0.42990446262388521     ,  1.3401985568124657E-017)
   0.0000000000000000       -1.5707963267948966     
 ( 0.22459244246821547     ,  5.2951109666896093E-017)
   0.0000000000000000        0.0000000000000000     
 ( -2.9844293437197855E-004,  0.0000000000000000     )
   0.0000000000000000        1.5707963267948966     
 ( 0.22459244246821547     , -5.2951109666896093E-017)
   0.0000000000000000        3.1415926535897931     
 ( 0.43532665789902031     , -8.6684602837645898E-019)
   1.5707963267948966       -1.5707963267948966     
 ( 0.42682450528514809     , -4.1633363423443370E-017)
   1.5707963267948966        0.0000000000000000     
 ( 0.33575124227493053     , -7.1755439754474625E-018)
   1.5707963267948966        1.5707963267948966     
 ( 0.47146322954251069     , -3.2875658744352381E-017)
   1.5707963267948966        3.1415926535897931     
 ( 0.42990446262388543     , -5.8672970541935530E-017)
   3.1415926535897931       -1.5707963267948966     
 ( 0.64008620695186036     ,  1.1358234402687739E-016)
   3.1415926535897931        0.0000000000000000     
 ( 0.45288903102450745     , -1.3404487664733988E-017)
   3.1415926535897931        1.5707963267948966     
 ( 0.64008620695186036     , -1.1721996557724489E-016)
   3.1415926535897931        3.1415926535897931     
 (  2.0548385757177430     ,  1.7499660861000995E-016)
   1.0000000000000000                1          16
 (  0.0000000000000000     ,  0.0000000000000000     )
  -1.5707963267948966       -1.5707963267948966     
 ( 0.43397305131061692     ,  7.9681935373939437E-017)
  -1.5707963267948966        0.0000000000000000     
 ( 0.28514211113970528     , -3.4496616812921120E-017)
  -1.5707963267948966        1.5707963267948966     
 ( 0.43968437434543550     ,  2.7755575615628914E-017)
  -1.5707963267948966        3.1415926535897931     
 ( 0.56272943532740760     ,  1.3481477630703981E-016)
   0.0000000000000000       -1.5707963267948966     
 ( 0.27061563776977537     ,  2.2609077448195340E-017)
   0.0000000000000000        0.0000000000000000     
 (  5.1045658674664096E-003,  0.0000000000000000     )
   0.0000000000000000        1.5707963267948966     
 ( 0.27061563776977537     , -2.2609077448195340E-017)
   0.0000000000000000        3.1415926535897931     
 ( 0.42030880941186916     , -7.0918010418819988E-018)
   1.5707963267948966       -1.5707963267948966     
 ( 0.43968437434543550     , -2.7755575615628914E-017)
   1.5707963267948966        0.0000000000000000     
 ( 0.28514211113970528     ,  3.4496616812921120E-017)
   1.5707963267948966        1.5707963267948966     
 ( 0.43397305131061692     , -7.9681935373939437E-017)
   1.5707963267948966        3.1415926535897931     
 ( 0.56272943532740760     , -1.6973993486856333E-016)
   3.1415926535897931       -1.5707963267948966     
 ( 0.59632725380484108     , -8.7312896403808831E-018)
   3.1415926535897931        0.0000000000000000     
 ( 0.34500054184648460     , -1.3482082394584413E-017)
   3.1415926535897931        1.5707963267948966     
 ( 0.59632725380484108     ,  1.5439494502300721E-017)
   3.1415926535897931        3.1415926535897931     
 (  2.0526423554786160     ,  1.5629436497430737E-016)
   1.0000000000000000                1          16
 (  0.0000000000000000     ,  0.0000000000000000     )
  -1.5707963267948966       -1.5707963267948966     
 ( 0.42728142830056570     ,  3.7013674666770856E-017)
  -1.5707963267948966        0.0000000000000000     
 ( 0.27899818783201291     ,  2.1691131251137667E-017)
  -1.5707963267948966        1.5707963267948966     
 ( 0.46081113341682989     ,  1.3877787807814457E-017)
  -1.5707963267948966        3.1415926535897931     
 ( 0.54720425503039793     ,  7.9069981002836541E-017)
   0.0000000000000000       -1.5707963267948966     
 ( 0.25610330790254943     ,  9.2487382822434840E-018)
   0.0000000000000000        0.0000000000000000     
 (  4.9109299988074201E-003,  0.0000000000000000     )
   0.0000000000000000        1.5707963267948966     
 ( 0.25610330790254943     , -9.2487382822434840E-018)
   0.0000000000000000        3.1415926535897931     
 ( 0.43981904511526371     , -4.1317526019741640E-018)
   1.5707963267948966       -1.5707963267948966     
 ( 0.46081113341682989     , -1.3877787807814457E-017)
   1.5707963267948966        0.0000000000000000     
 ( 0.27899818783201291     , -2.1691131251137667E-017)
   1.5707963267948966        1.5707963267948966     
 ( 0.42728142830056570     , -3.7013674666770856E-017)
   1.5707963267948966        3.1415926535897931     
 ( 0.54720425503039816     , -1.1606493413181046E-016)
   3.1415926535897931       -1.5707963267948966     
 ( 0.61560753203028074     ,  8.7895776372457718E-017)
   3.1415926535897931        0.0000000000000000     
 ( 0.35500566074393158     , -1.2128888728982501E-017)
   3.1415926535897931        1.5707963267948966     
 ( 0.61560753203028062     , -8.3257366077988278E-017)
   3.1415926535897931        3.1415926535897931     
 (  2.0282526751167236     ,  1.5465491793659279E-016)
   1.0000000000000000                1          16
 (  0.0000000000000000     ,  0.0000000000000000     )
  -1.5707963267948966       -1.5707963267948966     
 ( 0.41277713540975003     , -9.9669985190016171E-018)
  -1.5707963267948966        0.0000000000000000     
 ( 0.26907087534245366     ,  6.9024246335384009E-017)
  -1.5707963267948966        1.5707963267948966     
 ( 0.41915822548651815     ,  6.9388939039072284E-017)
  -1.5707963267948966        3.1415926535897931     
 ( 0.50143260285282565     ,  9.4097231901352671E-017)
   0.0000000000000000       -1.5707963267948966     
 ( 0.27201193763575526     , -2.9710970260035330E-017)
   0.0000000000000000        0.0000000000000000     
 (  5.9405947252554464E-003,  0.0000000000000000     )
   0.0000000000000000        1.5707963267948966     
 ( 0.27201193763575526     ,  2.9710970260035330E-017)
   0.0000000000000000        3.1415926535897931     
 ( 0.37433351074762700     , -1.0026781572250284E-017)
   1.5707963267948966       -1.5707963267948966     
 ( 0.41915822548651815     , -6.9388939039072284E-017)
   1.5707963267948966        0.0000000000000000     
 ( 0.26907087534245366     , -6.9024246335384009E-017)
   1.5707963267948966        1.5707963267948966     
 ( 0.41277713540975003     ,  9.9669985190016171E-018)
   1.5707963267948966        3.1415926535897931     
 ( 0.50143260285282565     , -1.4178680455498482E-016)
   3.1415926535897931       -1.5707963267948966     
 ( 0.56806967133993180     ,  4.3588758067849787E-017)
   3.1415926535897931        0.0000000000000000     
 ( 0.52028938829105731     , -7.2938540737657349E-019)
   3.1415926535897931        1.5707963267948966     
 ( 0.56806967133993180     , -3.5767179490224108E-017)
   3.1415926535897931        3.1415926535897931     
 (  2.2143956101015911     ,  1.9498884940617134E-016)
   1.0000000000000000                1          16
 (  0.0000000000000000     ,  0.0000000000000000     )
  -1.5707963267948966       -1.5707963267948966     
 ( 0.43131645301772809     ,  8.1755543126799057E-017)
  -1.5707963267948966        0.0000000000000000     
 ( 0.32793228831282561     ,  3.6469372010769217E-017)
  -1.5707963267948966        1.5707963267948966     
 ( 0.45025267942309449     ,  6.9388939039072284E-017)
  -1.5707963267948966        3.1415926535897931     
 ( 0.56402981043212363     ,  6.0664567477876827E-017)
   0.0000000000000000       -1.5707963267948966     
 ( 0.28705948272789522     , -3.3938877659492300E-017)
   0.0000000000000000        0.0000000000000000     
 (  1.4812390731098295E-002,  0.0000000000000000     )
   0.0000000000000000        1.5707963267948966     
 ( 0.28705948272789522     ,  3.3938877659492300E-017)
   0.0000000000000000        3.1415926535897931     
 ( 0.40338983894295904     , -9.5471465704301459E-018)
   1.5707963267948966       -1.5707963267948966     
 ( 0.45025267942309449     , -6.9388939039072284E-017)
   1.5707963267948966        0.0000000000000000     
 ( 0.32793228831282561     , -3.6469372010769217E-017)
   1.5707963267948966        1.5707963267948966     
 ( 0.43131645301772809     , -8.1755543126799057E-017)
   1.5707963267948966        3.1415926535897931     
 ( 0.56402981043212375     , -9.1442510533681096E-017)
   3.1415926535897931       -1.5707963267948966     
 ( 0.56965744110547689     ,  7.5572241082935670E-017)
   3.1415926535897931        0.0000000000000000     
 ( 0.47238342633809882     , -1.0327982825348316E-017)
   3.1415926535897931        1.5707963267948966     
 ( 0.56965744110547689     , -6.4716820715296569E-017)
   3.1415926535897931        3.1415926535897931     
 (  1.8489180339495555     ,  1.4121615513850941E-016)
