   -1.000000     -1.000000
  1    1        0.07300940        0.00233019        0.00000000        0.00000000
   -1.000000      0.000000
  1    1       -0.16303737        0.00290258       -0.00000000        0.00000000
   -1.000000      1.000000
  1    1        0.07435637        0.00226636        0.00000000        0.00000000
   -1.000000      2.000000
  1    1       -0.09144092        0.00210887        0.00000000        0.00000000
    0.000000     -1.000000
  1    1       -0.15698887        0.00314417       -0.00000000        0.00000000
    0.000000      0.000000
  1    1        0.50000000        0.00000000        0.00000000        0.00000000
    0.000000      1.000000
  1    1       -0.15698887        0.00314417        0.00000000        0.00000000
    0.000000      2.000000
  1    1        0.07281940        0.00258907       -0.00000000        0.00000000
    1.000000     -1.000000
  1    1        0.07435637        0.00226636        0.00000000        0.00000000
    1.000000      0.000000
  1    1       -0.16303737        0.00290258        0.00000000        0.00000000
    1.000000      1.000000
  1    1        0.07300940        0.00233019       -0.00000000        0.00000000
    1.000000      2.000000
  1    1       -0.09144092        0.00210887        0.00000000        0.00000000
    2.000000     -1.000000
  1    1       -0.09285022        0.00224585        0.00000000        0.00000000
    2.000000      0.000000
  1    1        0.07740639        0.00303728       -0.00000000        0.00000000
    2.000000      1.000000
  1    1       -0.09285022        0.00224585        0.00000000        0.00000000
    2.000000      2.000000
  1    1        0.07452034        0.00201430       -0.00000000        0.00000000
