   1.0000000000000000                1          16
 (  0.0000000000000000     ,  0.0000000000000000     )
  -1.5707963267948966       -1.5707963267948966     
 ( 0.36923664572593701     ,  3.1529945611926204E-017)
  -1.5707963267948966        0.0000000000000000     
 ( 0.34572730034874138     , -7.6158103023902937E-017)
  -1.5707963267948966        1.5707963267948966     
 ( 0.41493533882368144     ,  0.0000000000000000     )
  -1.5707963267948966        3.1415926535897931     
 ( 0.42632051529733478     ,  7.5576227469039787E-017)
   0.0000000000000000       -1.5707963267948966     
 ( 0.19033773900721551     , -9.9031699652849845E-017)
   0.0000000000000000        0.0000000000000000     
 (  3.4174717443257313E-003,  0.0000000000000000     )
   0.0000000000000000        1.5707963267948966     
 ( 0.19033773900721551     ,  9.9031699652849845E-017)
   0.0000000000000000        3.1415926535897931     
 ( 0.34278152125563516     , -2.1110758509411116E-018)
   1.5707963267948966       -1.5707963267948966     
 ( 0.41493533882368144     ,  0.0000000000000000     )
   1.5707963267948966        0.0000000000000000     
 ( 0.34572730034874138     ,  7.6158103023902937E-017)
   1.5707963267948966        1.5707963267948966     
 ( 0.36923664572593701     , -3.1529945611926204E-017)
   1.5707963267948966        3.1415926535897931     
 ( 0.42632051529733478     , -1.2353863870770303E-016)
   3.1415926535897931       -1.5707963267948966     
 ( 0.64597163639920985     ,  1.5454285088410767E-016)
   3.1415926535897931        0.0000000000000000     
 ( 0.46693945443855889     , -1.3538327969661288E-017)
   3.1415926535897931        1.5707963267948966     
 ( 0.64597163639920985     , -1.7474968650714199E-016)
   3.1415926535897931        3.1415926535897931     
 (  2.4018032013572403     ,  2.1239925519411919E-016)
   1.0000000000000000                1          16
 (  0.0000000000000000     ,  0.0000000000000000     )
  -1.5707963267948966       -1.5707963267948966     
 ( 0.44588646957756861     ,  4.5198303312843827E-017)
  -1.5707963267948966        0.0000000000000000     
 ( 0.30085197665999985     ,  5.0942130452466081E-017)
  -1.5707963267948966        1.5707963267948966     
 ( 0.39124769547417748     ,  2.7755575615628914E-017)
  -1.5707963267948966        3.1415926535897931     
 ( 0.49437108339592317     ,  8.2591799385126766E-017)
   0.0000000000000000       -1.5707963267948966     
 ( 0.24011569887334835     , -5.7293621175958062E-017)
   0.0000000000000000        0.0000000000000000     
 (  1.8031676153803050E-002,  0.0000000000000000     )
   0.0000000000000000        1.5707963267948966     
 ( 0.24011569887334835     ,  5.7293621175958062E-017)
   0.0000000000000000        3.1415926535897931     
 ( 0.43259911406195639     , -1.8125144632789578E-018)
   1.5707963267948966       -1.5707963267948966     
 ( 0.39124769547417748     , -2.7755575615628914E-017)
   1.5707963267948966        0.0000000000000000     
 ( 0.30085197665999985     , -5.0942130452466081E-017)
   1.5707963267948966        1.5707963267948966     
 ( 0.44588646957756861     , -4.5198303312843827E-017)
   1.5707963267948966        3.1415926535897931     
 ( 0.49437108339592317     , -1.3097307083758369E-016)
   3.1415926535897931       -1.5707963267948966     
 ( 0.56959817891973274     , -1.2095317863114227E-017)
   3.1415926535897931        0.0000000000000000     
 ( 0.43443673326985421     , -9.1380415575835080E-018)
   3.1415926535897931        1.5707963267948966     
 ( 0.56959817891973274     ,  1.9225197641915148E-017)
   3.1415926535897931        3.1415926535897931     
 (  2.2307902707128866     ,  1.9598499507020124E-016)
   1.0000000000000000                1          16
 (  0.0000000000000000     ,  0.0000000000000000     )
  -1.5707963267948966       -1.5707963267948966     
 ( 0.39912482276022210     ,  5.2308993438067415E-017)
  -1.5707963267948966        0.0000000000000000     
 ( 0.29738774871870211     , -4.5397675827992543E-018)
  -1.5707963267948966        1.5707963267948966     
 ( 0.35902997451758956     ,  9.7144514654701197E-017)
  -1.5707963267948966        3.1415926535897931     
 ( 0.51693624539057648     ,  3.0717891567569646E-017)
   0.0000000000000000       -1.5707963267948966     
 ( 0.31333191186090970     ,  2.2417760608316891E-017)
   0.0000000000000000        0.0000000000000000     
 (  8.1421287830273081E-003,  0.0000000000000000     )
   0.0000000000000000        1.5707963267948966     
 ( 0.31333191186090970     , -2.2417760608316891E-017)
   0.0000000000000000        3.1415926535897931     
 ( 0.42108342935400322     , -1.2089606998880821E-017)
   1.5707963267948966       -1.5707963267948966     
 ( 0.35902997451758956     , -9.7144514654701197E-017)
   1.5707963267948966        0.0000000000000000     
 ( 0.29738774871870211     ,  4.5397675827992543E-018)
   1.5707963267948966        1.5707963267948966     
 ( 0.39912482276022210     , -5.2308993438067415E-017)
   1.5707963267948966        3.1415926535897931     
 ( 0.51693624539057648     , -6.4877782769579371E-017)
   3.1415926535897931       -1.5707963267948966     
 ( 0.59340741428024502     ,  7.4726754046384312E-017)
   3.1415926535897931        0.0000000000000000     
 ( 0.43835330664923300     , -9.0795351655985086E-018)
   3.1415926535897931        1.5707963267948966     
 ( 0.59340741428024502     , -5.3375494017136210E-017)
   3.1415926535897931        3.1415926535897931     
 (  2.1739849001572464     ,  1.8288380645108262E-016)
   1.0000000000000000                1          16
 (  0.0000000000000000     ,  0.0000000000000000     )
  -1.5707963267948966       -1.5707963267948966     
 ( 0.43352630012127980     ,  9.6151299400991618E-017)
  -1.5707963267948966        0.0000000000000000     
 ( 0.32753841886782620     , -1.0205189289274851E-016)
  -1.5707963267948966        1.5707963267948966     
 ( 0.44577209285002106     , -2.7755575615628914E-017)
  -1.5707963267948966        3.1415926535897931     
 ( 0.54889658939184949     ,  3.3742181461916545E-017)
   0.0000000000000000       -1.5707963267948966     
 ( 0.26328962878710049     , -3.4197861892681352E-017)
   0.0000000000000000        0.0000000000000000     
 (  1.8508102597703385E-002,  0.0000000000000000     )
   0.0000000000000000        1.5707963267948966     
 ( 0.26328962878710049     ,  3.4197861892681352E-017)
   0.0000000000000000        3.1415926535897931     
 ( 0.41496220488657420     , -5.7012788849797583E-018)
   1.5707963267948966       -1.5707963267948966     
 ( 0.44577209285002106     ,  2.7755575615628914E-017)
   1.5707963267948966        0.0000000000000000     
 ( 0.32753841886782620     ,  1.0205189289274851E-016)
   1.5707963267948966        1.5707963267948966     
 ( 0.43352630012127980     , -9.6151299400991618E-017)
   1.5707963267948966        3.1415926535897931     
 ( 0.54889658939184949     , -6.3484187584964630E-017)
   3.1415926535897931       -1.5707963267948966     
 ( 0.61741345253337365     ,  4.8075649700495809E-017)
   3.1415926535897931        0.0000000000000000     
 ( 0.47628159793352298     , -9.8147564760946288E-018)
   3.1415926535897931        1.5707963267948966     
 ( 0.61741345253337365     , -5.0062080207914967E-017)
   3.1415926535897931        3.1415926535897931     
 (  1.8173751294792981     ,  1.3430542107014624E-016)
   1.0000000000000000                1          16
 (  0.0000000000000000     ,  0.0000000000000000     )
  -1.5707963267948966       -1.5707963267948966     
 ( 0.46031735056403972     ,  3.6041384923668000E-017)
  -1.5707963267948966        0.0000000000000000     
 ( 0.28818725889533453     , -1.4128439113602615E-018)
  -1.5707963267948966        1.5707963267948966     
 ( 0.44509438629784109     ,  4.1633363423443370E-017)
  -1.5707963267948966        3.1415926535897931     
 ( 0.56111200708433162     , -9.4589839289347200E-017)
   0.0000000000000000       -1.5707963267948966     
 ( 0.30126023813167307     ,  3.7490458769423824E-017)
   0.0000000000000000        0.0000000000000000     
 (  4.8703561042709731E-003,  0.0000000000000000     )
   0.0000000000000000        1.5707963267948966     
 ( 0.30126023813167307     , -3.7490458769423824E-017)
   0.0000000000000000        3.1415926535897931     
 ( 0.40082340641033559     , -1.2052160248954326E-017)
   1.5707963267948966       -1.5707963267948966     
 ( 0.44509438629784109     , -4.1633363423443370E-017)
   1.5707963267948966        0.0000000000000000     
 ( 0.28818725889533453     ,  1.4128439113602615E-018)
   1.5707963267948966        1.5707963267948966     
 ( 0.46031735056403972     , -3.6041384923668000E-017)
   1.5707963267948966        3.1415926535897931     
 ( 0.56111200708433162     ,  5.5650306674167547E-017)
   3.1415926535897931       -1.5707963267948966     
 ( 0.53147508216863248     ,  1.1516520711653519E-016)
   3.1415926535897931        0.0000000000000000     
 ( 0.52535717751613964     , -2.8256878227205229E-018)
   3.1415926535897931        1.5707963267948966     
 ( 0.53147508216863248     , -1.2634916411608594E-016)
   3.1415926535897931        3.1415926535897931     
 (  1.8940564136855484     ,  1.5486388865501484E-016)
   1.0000000000000000                1          16
 (  0.0000000000000000     ,  0.0000000000000000     )
  -1.5707963267948966       -1.5707963267948966     
 ( 0.43349997330092627     , -1.7968136039099684E-017)
  -1.5707963267948966        0.0000000000000000     
 ( 0.28997490246749169     , -3.1568931618216847E-017)
  -1.5707963267948966        1.5707963267948966     
 ( 0.45395433425294829     , -1.3877787807814457E-017)
  -1.5707963267948966        3.1415926535897931     
 ( 0.55220637731552091     ,  4.8123977246778600E-017)
   0.0000000000000000       -1.5707963267948966     
 ( 0.29553496704935145     ,  2.2861855827364299E-017)
   0.0000000000000000        0.0000000000000000     
 (  1.9563277392933148E-003,  0.0000000000000000     )
   0.0000000000000000        1.5707963267948966     
 ( 0.29553496704935145     , -2.2861855827364299E-017)
   0.0000000000000000        3.1415926535897931     
 ( 0.41730657351143130     , -1.0520146642414039E-017)
   1.5707963267948966       -1.5707963267948966     
 ( 0.45395433425294829     ,  1.3877787807814457E-017)
   1.5707963267948966        0.0000000000000000     
 ( 0.28997490246749169     ,  3.1568931618216847E-017)
   1.5707963267948966        1.5707963267948966     
 ( 0.43349997330092627     ,  1.7968136039099684E-017)
   1.5707963267948966        3.1415926535897931     
 ( 0.55220637731552091     , -8.4060249324977969E-017)
   3.1415926535897931       -1.5707963267948966     
 ( 0.56884182278232309     ,  4.6527083211707988E-017)
   3.1415926535897931        0.0000000000000000     
 ( 0.45343981796127475     , -7.6267120051758519E-018)
   3.1415926535897931        1.5707963267948966     
 ( 0.56884182278232309     , -5.4707779674278443E-017)
   3.1415926535897931        3.1415926535897931     
 (  1.9392725264508768     ,  1.5352141928458201E-016)
   1.0000000000000000                1          16
 (  0.0000000000000000     ,  0.0000000000000000     )
  -1.5707963267948966       -1.5707963267948966     
 ( 0.44074341164216513     , -7.1680905069019583E-017)
  -1.5707963267948966        0.0000000000000000     
 ( 0.27190328095970751     , -8.7981507261293970E-017)
  -1.5707963267948966        1.5707963267948966     
 ( 0.44081851277956030     , -1.3877787807814457E-017)
  -1.5707963267948966        3.1415926535897931     
 ( 0.64027232371584253     , -3.8166437078088320E-017)
   0.0000000000000000       -1.5707963267948966     
 ( 0.30792090854198140     , -3.3548486504562492E-017)
   0.0000000000000000        0.0000000000000000     
 (  1.9247639579395293E-003,  0.0000000000000000     )
   0.0000000000000000        1.5707963267948966     
 ( 0.30792090854198140     ,  3.3548486504562492E-017)
   0.0000000000000000        3.1415926535897931     
 ( 0.56159436890133840     , -3.2038403879279033E-018)
   1.5707963267948966       -1.5707963267948966     
 ( 0.44081851277956030     ,  1.3877787807814457E-017)
   1.5707963267948966        0.0000000000000000     
 ( 0.27190328095970751     ,  8.7981507261293970E-017)
   1.5707963267948966        1.5707963267948966     
 ( 0.44074341164216513     ,  7.1680905069019583E-017)
   1.5707963267948966        3.1415926535897931     
 ( 0.64027232371584253     ,  5.8269294025647863E-018)
   3.1415926535897931       -1.5707963267948966     
 ( 0.51583136657573192     ,  5.7929108889335755E-018)
   3.1415926535897931        0.0000000000000000     
 ( 0.38788538307059184     , -9.4295608288144164E-018)
   3.1415926535897931        1.5707963267948966     
 ( 0.51583136657573192     ,  3.5009448589862698E-018)
   3.1415926535897931        3.1415926535897931     
 (  1.8136158756401530     ,  1.3866088627413417E-016)
   1.0000000000000000                1          16
 (  0.0000000000000000     ,  0.0000000000000000     )
  -1.5707963267948966       -1.5707963267948966     
 ( 0.42903176920343633     , -1.6449295586384163E-017)
  -1.5707963267948966        0.0000000000000000     
 ( 0.27020212590968784     ,  2.6169224354708309E-017)
  -1.5707963267948966        1.5707963267948966     
 ( 0.43795681928033092     ,  1.3877787807814457E-017)
  -1.5707963267948966        3.1415926535897931     
 ( 0.62993474562975660     , -3.9665346971062907E-017)
   0.0000000000000000       -1.5707963267948966     
 ( 0.32323782636938536     , -1.9530927822436830E-017)
   0.0000000000000000        0.0000000000000000     
 (  3.7818963015703311E-003,  0.0000000000000000     )
   0.0000000000000000        1.5707963267948966     
 ( 0.32323782636938536     ,  1.9530927822436830E-017)
   0.0000000000000000        3.1415926535897931     
 ( 0.48723542882624349     , -9.5190771654779478E-018)
   1.5707963267948966       -1.5707963267948966     
 ( 0.43795681928033092     , -1.3877787807814457E-017)
   1.5707963267948966        0.0000000000000000     
 ( 0.27020212590968784     , -2.6169224354708309E-017)
   1.5707963267948966        1.5707963267948966     
 ( 0.42903176920343633     ,  1.6449295586384163E-017)
   1.5707963267948966        3.1415926535897931     
 ( 0.62993474562975660     ,  6.7667557982945805E-018)
   3.1415926535897931       -1.5707963267948966     
 ( 0.50798791867847015     ,  4.7286503438065744E-017)
   3.1415926535897931        0.0000000000000000     
 ( 0.48480819123712982     , -3.1727025218412085E-018)
   3.1415926535897931        1.5707963267948966     
 ( 0.50798791867847015     , -5.2429518995205157E-017)
   3.1415926535897931        3.1415926535897931     
 (  1.8274720734929215     ,  1.4396595307830933E-016)
   1.0000000000000000                1          16
 (  0.0000000000000000     ,  0.0000000000000000     )
  -1.5707963267948966       -1.5707963267948966     
 ( 0.45756103710079132     ,  5.5596763134337288E-017)
  -1.5707963267948966        0.0000000000000000     
 ( 0.26402550009289227     ,  2.2871725248505705E-017)
  -1.5707963267948966        1.5707963267948966     
 ( 0.45192345154241009     ,  5.5511151231257827E-017)
  -1.5707963267948966        3.1415926535897931     
 ( 0.61832476459350050     ,  3.7525077107403259E-018)
   0.0000000000000000       -1.5707963267948966     
 ( 0.39446304879539640     , -2.0859487663261415E-017)
   0.0000000000000000        0.0000000000000000     
 (  1.2299201344482875E-002,  0.0000000000000000     )
   0.0000000000000000        1.5707963267948966     
 ( 0.39446304879539640     ,  2.0859487663261415E-017)
   0.0000000000000000        3.1415926535897931     
 ( 0.52150309874481537     , -1.5621827099826137E-017)
   1.5707963267948966       -1.5707963267948966     
 ( 0.45192345154241009     , -5.5511151231257827E-017)
   1.5707963267948966        0.0000000000000000     
 ( 0.26402550009289227     , -2.2871725248505705E-017)
   1.5707963267948966        1.5707963267948966     
 ( 0.45756103710079132     , -5.5596763134337288E-017)
   1.5707963267948966        3.1415926535897931     
 ( 0.61832476459350050     , -3.1336859520210310E-017)
   3.1415926535897931       -1.5707963267948966     
 ( 0.49794336061660960     ,  4.8615063278890329E-017)
   3.1415926535897931        0.0000000000000000     
 ( 0.35623314021994129     , -9.7677007342464262E-018)
   3.1415926535897931        1.5707963267948966     
 ( 0.49794336061660960     , -3.4566051664916945E-017)
   3.1415926535897931        3.1415926535897931     
 (  1.7414822342075598     ,  1.3031248951374033E-016)
   1.0000000000000000                1          16
 (  0.0000000000000000     ,  0.0000000000000000     )
  -1.5707963267948966       -1.5707963267948966     
 ( 0.37771998253019023     ,  1.1699554719175471E-016)
  -1.5707963267948966        0.0000000000000000     
 ( 0.26994471752563753     ,  9.2504365229299311E-017)
  -1.5707963267948966        1.5707963267948966     
 ( 0.48248531561380215     ,  1.2490009027033011E-016)
  -1.5707963267948966        3.1415926535897931     
 ( 0.53000407682133732     ,  3.9327497374929583E-017)
   0.0000000000000000       -1.5707963267948966     
 ( 0.33789071805016957     ,  6.6402316674452755E-017)
   0.0000000000000000        0.0000000000000000     
 (  2.8387138702398812E-002,  0.0000000000000000     )
   0.0000000000000000        1.5707963267948966     
 ( 0.33789071805016957     , -6.6402316674452755E-017)
   0.0000000000000000        3.1415926535897931     
 ( 0.39228596382794434     , -1.5620880207115551E-017)
   1.5707963267948966       -1.5707963267948966     
 ( 0.48248531561380215     , -1.2490009027033011E-016)
   1.5707963267948966        0.0000000000000000     
 ( 0.26994471752563753     , -9.2504365229299311E-017)
   1.5707963267948966        1.5707963267948966     
 ( 0.37771998253019023     , -1.1699554719175471E-016)
   1.5707963267948966        3.1415926535897931     
 ( 0.53000407682133732     , -8.2892159147709311E-017)
   3.1415926535897931       -1.5707963267948966     
 ( 0.50642802822672239     ,  8.6253349211506270E-017)
   3.1415926535897931        0.0000000000000000     
 ( 0.35994351454721574     , -9.2802988508038035E-018)
   3.1415926535897931        1.5707963267948966     
 ( 0.50642802822672239     , -1.0206243536865709E-016)
   3.1415926535897931        3.1415926535897931     
 (  2.2104377053867230     ,  1.8983499120940222E-016)
   1.0000000000000000                1          16
 (  0.0000000000000000     ,  0.0000000000000000     )
  -1.5707963267948966       -1.5707963267948966     
 ( 0.43170459268968586     ,  6.0485530957421907E-017)
  -1.5707963267948966        0.0000000000000000     
 ( 0.28822535210157529     ,  3.6779425778877127E-017)
  -1.5707963267948966        1.5707963267948966     
 ( 0.37797442563459982     ,  4.1633363423443370E-017)
  -1.5707963267948966        3.1415926535897931     
 ( 0.54241490819223626     ,  6.8511393275777510E-017)
   0.0000000000000000       -1.5707963267948966     
 ( 0.27828348642642620     , -2.4871898630820430E-018)
   0.0000000000000000        0.0000000000000000     
 (  1.2917264185420607E-002,  0.0000000000000000     )
   0.0000000000000000        1.5707963267948966     
 ( 0.27828348642642620     ,  2.4871898630820430E-018)
   0.0000000000000000        3.1415926535897931     
 ( 0.48870909787071926     , -3.3641421577697312E-018)
   1.5707963267948966       -1.5707963267948966     
 ( 0.37797442563459982     , -4.1633363423443370E-017)
   1.5707963267948966        0.0000000000000000     
 ( 0.28822535210157529     , -3.6779425778877127E-017)
   1.5707963267948966        1.5707963267948966     
 ( 0.43170459268968586     , -6.0485530957421907E-017)
   1.5707963267948966        3.1415926535897931     
 ( 0.54241490819223648     , -1.1407378505470717E-016)
   3.1415926535897931       -1.5707963267948966     
 ( 0.51903109045688156     ,  5.7998341094339867E-017)
   3.1415926535897931        0.0000000000000000     
 ( 0.40499180505993659     , -9.7078752891324813E-018)
   3.1415926535897931        1.5707963267948966     
 ( 0.51903109045688156     , -4.8049581642011695E-017)
   3.1415926535897931        3.1415926535897931     
 (  2.2181141218811136     ,  1.9637438898764028E-016)
   1.0000000000000000                1          16
 (  0.0000000000000000     ,  0.0000000000000000     )
  -1.5707963267948966       -1.5707963267948966     
 ( 0.33466424322515509     ,  3.5078057341472756E-017)
  -1.5707963267948966        0.0000000000000000     
 ( 0.20844306005316518     , -5.7871140754366972E-017)
  -1.5707963267948966        1.5707963267948966     
 ( 0.40049989588011992     , -8.3266726846886741E-017)
  -1.5707963267948966        3.1415926535897931     
 ( 0.63443061176229443     ,  4.4214611833686495E-019)
   0.0000000000000000       -1.5707963267948966     
 ( 0.30815392907111838     ,  1.7675000063866602E-016)
   0.0000000000000000        0.0000000000000000     
 (  1.7911118904800502E-002,  0.0000000000000000     )
   0.0000000000000000        1.5707963267948966     
 ( 0.30815392907111838     , -1.7675000063866602E-016)
   0.0000000000000000        3.1415926535897931     
 ( 0.55377199236465147     , -2.7324776710258556E-018)
   1.5707963267948966       -1.5707963267948966     
 ( 0.40049989588011992     ,  8.3266726846886741E-017)
   1.5707963267948966        0.0000000000000000     
 ( 0.20844306005316518     ,  5.7871140754366972E-017)
   1.5707963267948966        1.5707963267948966     
 ( 0.33466424322515509     , -3.5078057341472756E-017)
   1.5707963267948966        3.1415926535897931     
 ( 0.63443061176229443     , -4.1308333897906986E-017)
   3.1415926535897931       -1.5707963267948966     
 ( 0.51527465207302814     ,  2.1182805798013877E-016)
   3.1415926535897931        0.0000000000000000     
 ( 0.32189189365567222     , -4.7199790462182809E-018)
   3.1415926535897931        1.5707963267948966     
 ( 0.51527465207302814     , -1.9718309452845109E-016)
   3.1415926535897931        3.1415926535897931     
 (  2.3034922109451128     ,  1.9491709792478626E-016)
   1.0000000000000000                1          16
 (  0.0000000000000000     ,  0.0000000000000000     )
  -1.5707963267948966       -1.5707963267948966     
 ( 0.41583168818890109     , -1.5702896642567478E-017)
  -1.5707963267948966        0.0000000000000000     
 ( 0.32531874292098090     , -1.6799129303656720E-017)
  -1.5707963267948966        1.5707963267948966     
 ( 0.42344333918154253     , -4.1633363423443370E-017)
  -1.5707963267948966        3.1415926535897931     
 ( 0.50669592329127466     ,  9.1712549180624540E-018)
   0.0000000000000000       -1.5707963267948966     
 ( 0.28371264693436754     , -6.0263394865307178E-018)
   0.0000000000000000        0.0000000000000000     
 (  2.2397451561898749E-002,  0.0000000000000000     )
   0.0000000000000000        1.5707963267948966     
 ( 0.28371264693436754     ,  6.0263394865307178E-018)
   0.0000000000000000        3.1415926535897931     
 ( 0.37797593187643569     , -1.0228979370002028E-017)
   1.5707963267948966       -1.5707963267948966     
 ( 0.42344333918154253     ,  4.1633363423443370E-017)
   1.5707963267948966        0.0000000000000000     
 ( 0.32531874292098090     ,  1.6799129303656720E-017)
   1.5707963267948966        1.5707963267948966     
 ( 0.41583168818890109     ,  1.5702896642567478E-017)
   1.5707963267948966        3.1415926535897931     
 ( 0.50669592329127489     , -4.0577048203197408E-017)
   3.1415926535897931       -1.5707963267948966     
 ( 0.62782492324511929     ,  3.3781915102159630E-017)
   3.1415926535897931        0.0000000000000000     
 ( 0.53282177987801949     , -5.8426829916845289E-018)
   3.1415926535897931        1.5707963267948966     
 ( 0.62782492324511929     , -2.3554344963851215E-017)
   3.1415926535897931        3.1415926535897931     
 (  1.9011503091592736     ,  1.4965530687185785E-016)
   1.0000000000000000                1          16
 (  0.0000000000000000     ,  0.0000000000000000     )
  -1.5707963267948966       -1.5707963267948966     
 ( 0.39457738776769469     , -5.3586503139077303E-018)
  -1.5707963267948966        0.0000000000000000     
 ( 0.29237142224935925     , -4.5661531813440463E-017)
  -1.5707963267948966        1.5707963267948966     
 ( 0.39031369003105165     ,  0.0000000000000000     )
  -1.5707963267948966        3.1415926535897931     
 ( 0.49011101339245594     , -3.8870038549506116E-017)
   0.0000000000000000       -1.5707963267948966     
 ( 0.26769728022490757     ,  2.3496006868675552E-017)
   0.0000000000000000        0.0000000000000000     
 (  2.4781665858494839E-002,  0.0000000000000000     )
   0.0000000000000000        1.5707963267948966     
 ( 0.26769728022490757     , -2.3496006868675552E-017)
   0.0000000000000000        3.1415926535897931     
 ( 0.41697261440105932     , -5.7338134703132303E-018)
   1.5707963267948966       -1.5707963267948966     
 ( 0.39031369003105165     ,  0.0000000000000000     )
   1.5707963267948966        0.0000000000000000     
 ( 0.29237142224935925     ,  4.5661531813440463E-017)
   1.5707963267948966        1.5707963267948966     
 ( 0.39457738776769469     ,  5.3586503139077303E-018)
   1.5707963267948966        3.1415926535897931     
 ( 0.49011101339245616     ,  3.9716230606174225E-019)
   3.1415926535897931       -1.5707963267948966     
 ( 0.63566540886449996     ,  4.5892932170396732E-017)
   3.1415926535897931        0.0000000000000000     
 ( 0.42839121437618771     , -8.0563367799941705E-018)
   3.1415926535897931        1.5707963267948966     
 ( 0.63566540886449996     , -2.8854657182583279E-017)
   3.1415926535897931        3.1415926535897931     
 (  2.1883821003043193     ,  1.8189526958900100E-016)
   1.0000000000000000                1          16
 (  0.0000000000000000     ,  0.0000000000000000     )
  -1.5707963267948966       -1.5707963267948966     
 ( 0.46384102743439098     ,  5.1457992717145335E-017)
  -1.5707963267948966        0.0000000000000000     
 ( 0.30379966349402349     ,  3.5812283618220827E-017)
  -1.5707963267948966        1.5707963267948966     
 ( 0.41680160553427842     , -2.7755575615628914E-017)
  -1.5707963267948966        3.1415926535897931     
 ( 0.52280634898407918     ,  9.8691424623912129E-018)
   0.0000000000000000       -1.5707963267948966     
 ( 0.30274873160398780     ,  8.9654731609634730E-018)
   0.0000000000000000        0.0000000000000000     
 (  3.2472943896241516E-002,  0.0000000000000000     )
   0.0000000000000000        1.5707963267948966     
 ( 0.30274873160398780     , -8.9654731609634730E-018)
   0.0000000000000000        3.1415926535897931     
 ( 0.51172588671340491     , -3.7534587101826732E-018)
   1.5707963267948966       -1.5707963267948966     
 ( 0.41680160553427842     ,  2.7755575615628914E-017)
   1.5707963267948966        0.0000000000000000     
 ( 0.30379966349402349     , -3.5812283618220827E-017)
   1.5707963267948966        1.5707963267948966     
 ( 0.46384102743439098     , -5.1457992717145335E-017)
   1.5707963267948966        3.1415926535897931     
 ( 0.52280634898407918     , -4.5731035106245110E-017)
   3.1415926535897931       -1.5707963267948966     
 ( 0.57781067970522237     ,  6.0423465878108815E-017)
   3.1415926535897931        0.0000000000000000     
 ( 0.38499548790552324     , -1.1642159610445089E-017)
   3.1415926535897931        1.5707963267948966     
 ( 0.57781067970522237     , -6.8529782906333788E-017)
   3.1415926535897931        3.1415926535897931     
 (  1.8951895679728656     ,  1.5221541975010439E-016)
   1.0000000000000000                1          16
 (  0.0000000000000000     ,  0.0000000000000000     )
  -1.5707963267948966       -1.5707963267948966     
 ( 0.47146322954251069     ,  3.2875658744352381E-017)
  -1.5707963267948966        0.0000000000000000     
 ( 0.33575124227493053     ,  7.1755439754474625E-018)
  -1.5707963267948966        1.5707963267948966     
 ( 0.42682450528514809     ,  4.1633363423443370E-017)
  -1.5707963267948966        3.1415926535897931     
 ( 0.42990446262388521     ,  1.3401985568124657E-017)
   0.0000000000000000       -1.5707963267948966     
 ( 0.22459244246821547     ,  5.2951109666896093E-017)
   0.0000000000000000        0.0000000000000000     
 ( -2.9844293437197855E-004,  0.0000000000000000     )
   0.0000000000000000        1.5707963267948966     
 ( 0.22459244246821547     , -5.2951109666896093E-017)
   0.0000000000000000        3.1415926535897931     
 ( 0.43532665789902031     , -8.6684602837645898E-019)
   1.5707963267948966       -1.5707963267948966     
 ( 0.42682450528514809     , -4.1633363423443370E-017)
   1.5707963267948966        0.0000000000000000     
 ( 0.33575124227493053     , -7.1755439754474625E-018)
   1.5707963267948966        1.5707963267948966     
 ( 0.47146322954251069     , -3.2875658744352381E-017)
   1.5707963267948966        3.1415926535897931     
 ( 0.42990446262388543     , -5.8672970541935530E-017)
   3.1415926535897931       -1.5707963267948966     
 ( 0.64008620695186036     ,  1.1358234402687739E-016)
   3.1415926535897931        0.0000000000000000     
 ( 0.45288903102450745     , -1.3404487664733988E-017)
   3.1415926535897931        1.5707963267948966     
 ( 0.64008620695186036     , -1.1721996557724489E-016)
   3.1415926535897931        3.1415926535897931     
 (  2.0548385757177430     ,  1.7499660861000995E-016)
   1.0000000000000000                1          16
 (  0.0000000000000000     ,  0.0000000000000000     )
  -1.5707963267948966       -1.5707963267948966     
 ( 0.43397305131061692     ,  7.9681935373939437E-017)
  -1.5707963267948966        0.0000000000000000     
 ( 0.28514211113970528     , -3.4496616812921120E-017)
  -1.5707963267948966        1.5707963267948966     
 ( 0.43968437434543550     ,  2.7755575615628914E-017)
  -1.5707963267948966        3.1415926535897931     
 ( 0.56272943532740760     ,  1.3481477630703981E-016)
   0.0000000000000000       -1.5707963267948966     
 ( 0.27061563776977537     ,  2.2609077448195340E-017)
   0.0000000000000000        0.0000000000000000     
 (  5.1045658674664096E-003,  0.0000000000000000     )
   0.0000000000000000        1.5707963267948966     
 ( 0.27061563776977537     , -2.2609077448195340E-017)
   0.0000000000000000        3.1415926535897931     
 ( 0.42030880941186916     , -7.0918010418819988E-018)
   1.5707963267948966       -1.5707963267948966     
 ( 0.43968437434543550     , -2.7755575615628914E-017)
   1.5707963267948966        0.0000000000000000     
 ( 0.28514211113970528     ,  3.4496616812921120E-017)
   1.5707963267948966        1.5707963267948966     
 ( 0.43397305131061692     , -7.9681935373939437E-017)
   1.5707963267948966        3.1415926535897931     
 ( 0.56272943532740760     , -1.6973993486856333E-016)
   3.1415926535897931       -1.5707963267948966     
 ( 0.59632725380484108     , -8.7312896403808831E-018)
   3.1415926535897931        0.0000000000000000     
 ( 0.34500054184648460     , -1.3482082394584413E-017)
   3.1415926535897931        1.5707963267948966     
 ( 0.59632725380484108     ,  1.5439494502300721E-017)
   3.1415926535897931        3.1415926535897931     
 (  2.0526423554786160     ,  1.5629436497430737E-016)
   1.0000000000000000                1          16
 (  0.0000000000000000     ,  0.0000000000000000     )
  -1.5707963267948966       -1.5707963267948966     
 ( 0.42728142830056570     ,  3.7013674666770856E-017)
  -1.5707963267948966        0.0000000000000000     
 ( 0.27899818783201291     ,  2.1691131251137667E-017)
  -1.5707963267948966        1.5707963267948966     
 ( 0.46081113341682989     ,  1.3877787807814457E-017)
  -1.5707963267948966        3.1415926535897931     
 ( 0.54720425503039793     ,  7.9069981002836541E-017)
   0.0000000000000000       -1.5707963267948966     
 ( 0.25610330790254943     ,  9.2487382822434840E-018)
   0.0000000000000000        0.0000000000000000     
 (  4.9109299988074201E-003,  0.0000000000000000     )
   0.0000000000000000        1.5707963267948966     
 ( 0.25610330790254943     , -9.2487382822434840E-018)
   0.0000000000000000        3.1415926535897931     
 ( 0.43981904511526371     , -4.1317526019741640E-018)
   1.5707963267948966       -1.5707963267948966     
 ( 0.46081113341682989     , -1.3877787807814457E-017)
   1.5707963267948966        0.0000000000000000     
 ( 0.27899818783201291     , -2.1691131251137667E-017)
   1.5707963267948966        1.5707963267948966     
 ( 0.42728142830056570     , -3.7013674666770856E-017)
   1.5707963267948966        3.1415926535897931     
 ( 0.54720425503039816     , -1.1606493413181046E-016)
   3.1415926535897931       -1.5707963267948966     
 ( 0.61560753203028074     ,  8.7895776372457718E-017)
   3.1415926535897931        0.0000000000000000     
 ( 0.35500566074393158     , -1.2128888728982501E-017)
   3.1415926535897931        1.5707963267948966     
 ( 0.61560753203028062     , -8.3257366077988278E-017)
   3.1415926535897931        3.1415926535897931     
 (  2.0282526751167236     ,  1.5465491793659279E-016)
   1.0000000000000000                1          16
 (  0.0000000000000000     ,  0.0000000000000000     )
  -1.5707963267948966       -1.5707963267948966     
 ( 0.41277713540975003     , -9.9669985190016171E-018)
  -1.5707963267948966        0.0000000000000000     
 ( 0.26907087534245366     ,  6.9024246335384009E-017)
  -1.5707963267948966        1.5707963267948966     
 ( 0.41915822548651815     ,  6.9388939039072284E-017)
  -1.5707963267948966        3.1415926535897931     
 ( 0.50143260285282565     ,  9.4097231901352671E-017)
   0.0000000000000000       -1.5707963267948966     
 ( 0.27201193763575526     , -2.9710970260035330E-017)
   0.0000000000000000        0.0000000000000000     
 (  5.9405947252554464E-003,  0.0000000000000000     )
   0.0000000000000000        1.5707963267948966     
 ( 0.27201193763575526     ,  2.9710970260035330E-017)
   0.0000000000000000        3.1415926535897931     
 ( 0.37433351074762700     , -1.0026781572250284E-017)
   1.5707963267948966       -1.5707963267948966     
 ( 0.41915822548651815     , -6.9388939039072284E-017)
   1.5707963267948966        0.0000000000000000     
 ( 0.26907087534245366     , -6.9024246335384009E-017)
   1.5707963267948966        1.5707963267948966     
 ( 0.41277713540975003     ,  9.9669985190016171E-018)
   1.5707963267948966        3.1415926535897931     
 ( 0.50143260285282565     , -1.4178680455498482E-016)
   3.1415926535897931       -1.5707963267948966     
 ( 0.56806967133993180     ,  4.3588758067849787E-017)
   3.1415926535897931        0.0000000000000000     
 ( 0.52028938829105731     , -7.2938540737657349E-019)
   3.1415926535897931        1.5707963267948966     
 ( 0.56806967133993180     , -3.5767179490224108E-017)
   3.1415926535897931        3.1415926535897931     
 (  2.2143956101015911     ,  1.9498884940617134E-016)
   1.0000000000000000                1          16
 (  0.0000000000000000     ,  0.0000000000000000     )
  -1.5707963267948966       -1.5707963267948966     
 ( 0.43131645301772809     ,  8.1755543126799057E-017)
  -1.5707963267948966        0.0000000000000000     
 ( 0.32793228831282561     ,  3.6469372010769217E-017)
  -1.5707963267948966        1.5707963267948966     
 ( 0.45025267942309449     ,  6.9388939039072284E-017)
  -1.5707963267948966        3.1415926535897931     
 ( 0.56402981043212363     ,  6.0664567477876827E-017)
   0.0000000000000000       -1.5707963267948966     
 ( 0.28705948272789522     , -3.3938877659492300E-017)
   0.0000000000000000        0.0000000000000000     
 (  1.4812390731098295E-002,  0.0000000000000000     )
   0.0000000000000000        1.5707963267948966     
 ( 0.28705948272789522     ,  3.3938877659492300E-017)
   0.0000000000000000        3.1415926535897931     
 ( 0.40338983894295904     , -9.5471465704301459E-018)
   1.5707963267948966       -1.5707963267948966     
 ( 0.45025267942309449     , -6.9388939039072284E-017)
   1.5707963267948966        0.0000000000000000     
 ( 0.32793228831282561     , -3.6469372010769217E-017)
   1.5707963267948966        1.5707963267948966     
 ( 0.43131645301772809     , -8.1755543126799057E-017)
   1.5707963267948966        3.1415926535897931     
 ( 0.56402981043212375     , -9.1442510533681096E-017)
   3.1415926535897931       -1.5707963267948966     
 ( 0.56965744110547689     ,  7.5572241082935670E-017)
   3.1415926535897931        0.0000000000000000     
 ( 0.47238342633809882     , -1.0327982825348316E-017)
   3.1415926535897931        1.5707963267948966     
 ( 0.56965744110547689     , -6.4716820715296569E-017)
   3.1415926535897931        3.1415926535897931     
 (  1.8489180339495555     ,  1.4121615513850941E-016)
   1.0000000000000000                1          16
               (0.0000000000000000,0.0000000000000000)
  -1.5707963267948966       -1.5707963267948966     
        (0.35657501089628596,2.96115571279039734E-017)
  -1.5707963267948966        0.0000000000000000     
       (0.32335300549266632,-3.33439314050114367E-017)
  -1.5707963267948966        1.5707963267948966     
        (0.36748678522176004,2.77555756156289135E-017)
  -1.5707963267948966        3.1415926535897931     
        (0.42381677813473995,1.02105078415003402E-017)
   0.0000000000000000       -1.5707963267948966     
       (0.19606353312055549,-1.48057785639519867E-017)
   0.0000000000000000        0.0000000000000000     
         (7.31627749458729770E-003,0.0000000000000000)
   0.0000000000000000        1.5707963267948966     
        (0.19606353312055549,1.48057785639519867E-017)
   0.0000000000000000        3.1415926535897931     
        (0.38804811514386794,1.98229070515138412E-019)
   1.5707963267948966       -1.5707963267948966     
       (0.36748678522176004,-2.77555756156289135E-017)
   1.5707963267948966        0.0000000000000000     
        (0.32335300549266632,3.33439314050114367E-017)
   1.5707963267948966        1.5707963267948966     
       (0.35657501089628596,-2.96115571279039734E-017)
   1.5707963267948966        3.1415926535897931     
       (0.42381677813473995,-6.20096960482080505E-017)
   3.1415926535897931       -1.5707963267948966     
        (0.63379421279955905,7.03169297952098106E-017)
   3.1415926535897931        0.0000000000000000     
       (0.45686018151630303,-1.11767115787650587E-017)
   3.1415926535897931        1.5707963267948966     
       (0.63379421279955905,-9.43605423862886044E-017)
   3.1415926535897931        3.1415926535897931     
         (2.5455967745141077,2.33961414757673961E-016)
   1.0000000000000000                1          16
               (0.0000000000000000,0.0000000000000000)
  -1.5707963267948966       -1.5707963267948966     
        (0.43841291636950941,5.12365511273991578E-017)
  -1.5707963267948966        0.0000000000000000     
        (0.32086016720637778,6.31534144765479218E-018)
  -1.5707963267948966        1.5707963267948966     
        (0.42768611365979770,8.32667268468867405E-017)
  -1.5707963267948966        3.1415926535897931     
        (0.49923740242644599,6.84107262728693771E-017)
   0.0000000000000000       -1.5707963267948966     
       (0.29880437231578683,-4.64349572754212640E-017)
   0.0000000000000000        0.0000000000000000     
         (4.73413543550998961E-003,0.0000000000000000)
   0.0000000000000000        1.5707963267948966     
        (0.29880437231578683,4.64349572754212640E-017)
   0.0000000000000000        3.1415926535897931     
       (0.44738055328775028,-8.90894149315410270E-018)
   1.5707963267948966       -1.5707963267948966     
       (0.42768611365979770,-8.32667268468867405E-017)
   1.5707963267948966        0.0000000000000000     
       (0.32086016720637778,-6.31534144765479218E-018)
   1.5707963267948966        1.5707963267948966     
       (0.43841291636950941,-5.12365511273991578E-017)
   1.5707963267948966        3.1415926535897931     
       (0.49923740242644599,-1.04715502096215629E-016)
   3.1415926535897931       -1.5707963267948966     
        (0.58464706623380536,3.25571694676068073E-017)
   3.1415926535897931        0.0000000000000000     
       (0.38997795577030825,-1.51248927203193415E-017)
   3.1415926535897931        1.5707963267948966     
       (0.58464706623380536,-4.11063696753241457E-017)
   3.1415926535897931        3.1415926535897931     
         (2.0186112790829847,1.65744440538979152E-016)
   1.0000000000000000                1          16
               (0.0000000000000000,0.0000000000000000)
  -1.5707963267948966       -1.5707963267948966     
       (0.47522865894516780,-1.93130244453357110E-017)
  -1.5707963267948966        0.0000000000000000     
       (0.29627139422433685,-4.63399445885272204E-017)
  -1.5707963267948966        1.5707963267948966     
              (0.44112998670492543,0.0000000000000000)
  -1.5707963267948966        3.1415926535897931     
        (0.54052198097423021,3.36994483500823465E-017)
   0.0000000000000000       -1.5707963267948966     
       (0.27228442201111880,-3.19768512007755148E-017)
   0.0000000000000000        0.0000000000000000     
         (1.60516607226739993E-002,0.0000000000000000)
   0.0000000000000000        1.5707963267948966     
        (0.27228442201111880,3.19768512007755148E-017)
   0.0000000000000000        3.1415926535897931     
       (0.48934186023549314,-2.39879669979887141E-018)
   1.5707963267948966       -1.5707963267948966     
              (0.44112998670492543,0.0000000000000000)
   1.5707963267948966        0.0000000000000000     
        (0.29627139422433685,4.63399445885272204E-017)
   1.5707963267948966        1.5707963267948966     
        (0.47522865894516780,1.93130244453357110E-017)
   1.5707963267948966        3.1415926535897931     
       (0.54052198097423021,-7.23254972407537624E-017)
   3.1415926535897931       -1.5707963267948966     
        (0.57551657793942324,5.97324268164044283E-017)
   3.1415926535897931        0.0000000000000000     
       (0.42276252064154862,-9.41316233016770027E-018)
   3.1415926535897931        1.5707963267948966     
       (0.57551657793942324,-8.44806878992613935E-017)
   3.1415926535897931        3.1415926535897931     
         (1.8699379168018790,1.48176329078173428E-016)
   1.0000000000000000                1          16
               (0.0000000000000000,0.0000000000000000)
  -1.5707963267948966       -1.5707963267948966     
       (0.46762564870722068,-1.07278878710813243E-017)
  -1.5707963267948966        0.0000000000000000     
        (0.37105848116090689,1.32057012200114237E-017)
  -1.5707963267948966        1.5707963267948966     
       (0.46998712860543757,-2.77555756156289135E-017)
  -1.5707963267948966        3.1415926535897931     
       (0.56141640807011695,-5.25086505315926147E-018)
   0.0000000000000000       -1.5707963267948966     
       (0.28790209049160231,-2.23916316800882514E-017)
   0.0000000000000000        0.0000000000000000     
         (3.96763049447849264E-003,0.0000000000000000)
   0.0000000000000000        1.5707963267948966     
        (0.28790209049160231,2.23916316800882514E-017)
   0.0000000000000000        3.1415926535897931     
       (0.45889087602798595,-6.91592793529423326E-018)
   1.5707963267948966       -1.5707963267948966     
        (0.46998712860543757,2.77555756156289135E-017)
   1.5707963267948966        0.0000000000000000     
       (0.37105848116090689,-1.32057012200114237E-017)
   1.5707963267948966        1.5707963267948966     
        (0.46762564870722068,1.07278878710813243E-017)
   1.5707963267948966        3.1415926535897931     
       (0.56141640807011695,-1.62049106890033917E-017)
   3.1415926535897931       -1.5707963267948966     
        (0.60442331570050301,2.23916316800882514E-017)
   3.1415926535897931        0.0000000000000000     
       (0.48955584358209359,-1.52219609834205259E-017)
   3.1415926535897931        1.5707963267948966     
       (0.60442331570050301,-1.60918318066219864E-017)
   3.1415926535897931        3.1415926535897931     
         (1.5227595044238664,1.01785678659551933E-016)
   1.0000000000000000                1          16
               (0.0000000000000000,0.0000000000000000)
  -1.5707963267948966       -1.5707963267948966     
        (0.44134726422521581,2.96199801597416016E-017)
  -1.5707963267948966        0.0000000000000000     
        (0.30143983359097298,6.94016156653538430E-018)
  -1.5707963267948966        1.5707963267948966     
       (0.44469592905616795,-1.38777878078144568E-017)
  -1.5707963267948966        3.1415926535897931     
        (0.62844479503608253,4.33100861906015793E-018)
   0.0000000000000000       -1.5707963267948966     
       (0.34258056536052867,-4.95044595994069427E-017)
   0.0000000000000000        0.0000000000000000     
         (5.97648248315352931E-003,0.0000000000000000)
   0.0000000000000000        1.5707963267948966     
        (0.34258056536052867,4.95044595994069427E-017)
   0.0000000000000000        3.1415926535897931     
       (0.54227125080122307,-8.38352769656102312E-018)
   1.5707963267948966       -1.5707963267948966     
        (0.44469592905616795,1.38777878078144568E-017)
   1.5707963267948966        0.0000000000000000     
       (0.30143983359097298,-6.94016156653538430E-018)
   1.5707963267948966        1.5707963267948966     
       (0.44134726422521581,-2.96199801597416016E-017)
   1.5707963267948966        3.1415926535897931     
       (0.62844479503608275,-2.83577751464636998E-017)
   3.1415926535897931       -1.5707963267948966     
        (0.53134136849123048,2.17488839837780292E-017)
   3.1415926535897931        0.0000000000000000     
       (0.37030311532011723,-1.38752524825581418E-017)
   3.1415926535897931        1.5707963267948966     
       (0.53134136849123048,-4.14228708773819003E-018)
   3.1415926535897931        3.1415926535897931     
         (1.7017496398751086,1.22250447479131136E-016)
   1.0000000000000000                1          16
               (0.0000000000000000,0.0000000000000000)
  -1.5707963267948966       -1.5707963267948966     
        (0.45690345368307550,1.18457564140437369E-017)
  -1.5707963267948966        0.0000000000000000     
       (0.31274087017964047,-4.56224524347798999E-017)
  -1.5707963267948966        1.5707963267948966     
        (0.45628147862953328,1.38777878078144568E-017)
  -1.5707963267948966        3.1415926535897931     
        (0.52773196803263822,5.19541234459803645E-018)
   0.0000000000000000       -1.5707963267948966     
       (0.26190556470877269,-3.36784538226507804E-017)
   0.0000000000000000        0.0000000000000000     
         (7.05483113324171379E-003,0.0000000000000000)
   0.0000000000000000        1.5707963267948966     
        (0.26190556470877269,3.36784538226507804E-017)
   0.0000000000000000        3.1415926535897931     
       (0.43640051865390173,-4.92037241586808843E-018)
   1.5707963267948966       -1.5707963267948966     
       (0.45628147862953328,-1.38777878078144568E-017)
   1.5707963267948966        0.0000000000000000     
        (0.31274087017964047,4.56224524347798999E-017)
   1.5707963267948966        1.5707963267948966     
       (0.45690345368307550,-1.18457564140437369E-017)
   1.5707963267948966        3.1415926535897931     
       (0.52773196803263822,-3.70150507477683881E-017)
   3.1415926535897931       -1.5707963267948966     
        (0.63779453163179733,5.92287820702186845E-018)
   3.1415926535897931        0.0000000000000000     
       (0.48813337433536230,-7.97817802267305919E-018)
   3.1415926535897931        1.5707963267948966     
       (0.63779453163179733,-2.38647288023777634E-017)
   3.1415926535897931        3.1415926535897931     
         (1.7616955421465785,1.29621024600277091E-016)
   1.0000000000000000                1          16
               (0.0000000000000000,0.0000000000000000)
  -1.5707963267948966       -1.5707963267948966     
        (0.41812395872491737,3.71239677497169397E-017)
  -1.5707963267948966        0.0000000000000000     
        (0.27957776033463577,2.18724250320505551E-017)
  -1.5707963267948966        1.5707963267948966     
        (0.40047119737507131,2.77555756156289135E-017)
  -1.5707963267948966        3.1415926535897931     
        (0.61492708648045102,5.12062843544791468E-017)
   0.0000000000000000       -1.5707963267948966     
       (0.25221637369112299,-1.85619838748584698E-017)
   0.0000000000000000        0.0000000000000000     
         (9.76802046326900875E-003,0.0000000000000000)
   0.0000000000000000        1.5707963267948966     
        (0.25221637369112299,1.85619838748584698E-017)
   0.0000000000000000        3.1415926535897931     
       (0.39808388795157318,-5.91387076501985213E-018)
   1.5707963267948966       -1.5707963267948966     
       (0.40047119737507131,-2.77555756156289135E-017)
   1.5707963267948966        0.0000000000000000     
       (0.27957776033463577,-2.18724250320505551E-017)
   1.5707963267948966        1.5707963267948966     
       (0.41812395872491737,-3.71239677497169397E-017)
   1.5707963267948966        3.1415926535897931     
       (0.61492708648045102,-8.79806513175609277E-017)
   3.1415926535897931       -1.5707963267948966     
        (0.55299328502562572,4.63175594904873834E-017)
   3.1415926535897931        0.0000000000000000     
       (0.35722921954338405,-1.17663011671567198E-017)
   3.1415926535897931        1.5707963267948966     
       (0.55299328502562572,-5.53363508379402383E-017)
   3.1415926535897931        3.1415926535897931     
         (2.1982995487781252,1.72434645107816726E-016)
   1.0000000000000000                1          16
               (0.0000000000000000,0.0000000000000000)
  -1.5707963267948966       -1.5707963267948966     
        (0.42952302857275942,2.62678690336326040E-017)
  -1.5707963267948966        0.0000000000000000     
        (0.28005915675359666,3.86146206796342880E-017)
  -1.5707963267948966        1.5707963267948966     
        (0.41404745823643879,4.16333634234433703E-017)
  -1.5707963267948966        3.1415926535897931     
        (0.60418345471962787,6.13187470651657506E-017)
   0.0000000000000000       -1.5707963267948966     
       (0.29150644603337456,-3.39506162285379871E-017)
   0.0000000000000000        0.0000000000000000     
         (2.58283443077308994E-004,0.0000000000000000)
   0.0000000000000000        1.5707963267948966     
        (0.29150644603337456,3.39506162285379871E-017)
   0.0000000000000000        3.1415926535897931     
       (0.26808438017206782,-1.92679944030111570E-017)
   1.5707963267948966       -1.5707963267948966     
       (0.41404745823643879,-4.16333634234433703E-017)
   1.5707963267948966        0.0000000000000000     
       (0.28005915675359666,-3.86146206796342880E-017)
   1.5707963267948966        1.5707963267948966     
       (0.42952302857275942,-2.62678690336326040E-017)
   1.5707963267948966        3.1415926535897931     
       (0.60418345471962787,-9.20497358447872832E-017)
   3.1415926535897931       -1.5707963267948966     
        (0.57331337583322062,6.19504061290907361E-018)
   3.1415926535897931        0.0000000000000000     
       (0.46126040947438035,-6.03748548761817076E-018)
   3.1415926535897931        1.5707963267948966     
       (0.57331337583322062,-9.17045377690168961E-018)
   3.1415926535897931        3.1415926535897931     
         (2.0851310866124386,1.55812626753752702E-016)
   1.0000000000000000                1          16
               (0.0000000000000000,0.0000000000000000)
  -1.5707963267948966       -1.5707963267948966     
        (0.42970033206778852,6.49735125590842962E-017)
  -1.5707963267948966        0.0000000000000000     
        (0.29768242550417251,4.78524698839668649E-017)
  -1.5707963267948966        1.5707963267948966     
       (0.38608248630020886,-6.93889390390722838E-017)
  -1.5707963267948966        3.1415926535897931     
       (0.57421514740384172,-9.72833811598646003E-019)
   0.0000000000000000       -1.5707963267948966     
        (0.29142564910099017,7.85355461829734998E-017)
   0.0000000000000000        0.0000000000000000     
        (-3.24904912014251090E-003,0.0000000000000000)
   0.0000000000000000        1.5707963267948966     
       (0.29142564910099017,-7.85355461829734998E-017)
   0.0000000000000000        3.1415926535897931     
       (0.41486569398046164,-1.04850985058986224E-017)
   1.5707963267948966       -1.5707963267948966     
        (0.38608248630020886,6.93889390390722838E-017)
   1.5707963267948966        0.0000000000000000     
       (0.29768242550417251,-4.78524698839668649E-017)
   1.5707963267948966        1.5707963267948966     
       (0.42970033206778852,-6.49735125590842962E-017)
   1.5707963267948966        3.1415926535897931     
       (0.57421514740384172,-3.56135947640062396E-017)
   3.1415926535897931       -1.5707963267948966     
        (0.53792591691760050,7.41201197029855245E-017)
   3.1415926535897931        0.0000000000000000     
       (0.34846238370356447,-1.53173626945819243E-017)
   3.1415926535897931        1.5707963267948966     
       (0.53792591691760050,-8.29509726629614997E-017)
   3.1415926535897931        3.1415926535897931     
         (2.2058570568469120,1.80681943294010890E-016)
   1.0000000000000000                1          16
               (0.0000000000000000,0.0000000000000000)
  -1.5707963267948966       -1.5707963267948966     
        (0.45141236779856680,5.46265186977271284E-017)
  -1.5707963267948966        0.0000000000000000     
       (0.35927191354790355,-3.34232964040734039E-017)
  -1.5707963267948966        1.5707963267948966     
        (0.42871193413088998,2.77555756156289135E-017)
  -1.5707963267948966        3.1415926535897931     
        (0.51549963993529546,4.84315967104054489E-017)
   0.0000000000000000       -1.5707963267948966     
       (0.24966116977512148,-6.20077288683996999E-017)
   0.0000000000000000        0.0000000000000000     
         (1.11124983849590978E-002,0.0000000000000000)
   0.0000000000000000        1.5707963267948966     
        (0.24966116977512148,6.20077288683996999E-017)
   0.0000000000000000        3.1415926535897931     
       (0.34314194960673949,-8.88284645281133583E-018)
   1.5707963267948966       -1.5707963267948966     
       (0.42871193413088998,-2.77555756156289135E-017)
   1.5707963267948966        0.0000000000000000     
        (0.35927191354790355,3.34232964040734039E-017)
   1.5707963267948966        1.5707963267948966     
       (0.45141236779856680,-5.46265186977271284E-017)
   1.5707963267948966        3.1415926535897931     
       (0.51549963993529546,-7.79564373930957781E-017)
   3.1415926535897931       -1.5707963267948966     
       (0.63447865671469150,-4.90145735941159480E-017)
   3.1415926535897931        0.0000000000000000     
       (0.52230951914451185,-1.13354415768889654E-017)
   3.1415926535897931        1.5707963267948966     
        (0.63447865671469150,3.33675207192400878E-017)
   3.1415926535897931        3.1415926535897931     
         (1.8453646690588519,1.38153888065300340E-016)
   1.0000000000000000                1          16
               (0.0000000000000000,0.0000000000000000)
  -1.5707963267948966       -1.5707963267948966     
       (0.45298235452689695,-1.72507881238373081E-017)
  -1.5707963267948966        0.0000000000000000     
       (0.29666431810404192,-8.81560536099345610E-017)
  -1.5707963267948966        1.5707963267948966     
       (0.40590105587409808,-2.77555756156289135E-017)
  -1.5707963267948966        3.1415926535897931     
       (0.53606234163801170,-8.72495386750382307E-017)
   0.0000000000000000       -1.5707963267948966     
        (0.31562671552249266,2.25031818697331108E-017)
   0.0000000000000000        0.0000000000000000     
         (2.16112497927770791E-002,0.0000000000000000)
   0.0000000000000000        1.5707963267948966     
       (0.31562671552249266,-2.25031818697331108E-017)
   0.0000000000000000        3.1415926535897931     
       (0.36515912887587987,-1.49702693769222573E-017)
   1.5707963267948966       -1.5707963267948966     
        (0.40590105587409808,2.77555756156289135E-017)
   1.5707963267948966        0.0000000000000000     
        (0.29666431810404192,8.81560536099345610E-017)
   1.5707963267948966        1.5707963267948966     
        (0.45298235452689695,1.72507881238373081E-017)
   1.5707963267948966        3.1415926535897931     
        (0.53606234163801170,5.27479624273636144E-017)
   3.1415926535897931       -1.5707963267948966     
        (0.56991987485380635,1.91301815537102594E-017)
   3.1415926535897931        0.0000000000000000     
       (0.41201985512867112,-9.77865352609562562E-018)
   3.1415926535897931        1.5707963267948966     
       (0.56991987485380635,-2.58761821857559591E-017)
   3.1415926535897931        3.1415926535897931     
         (2.0468964451639757,1.62817247597844147E-016)
   1.0000000000000000                1          16
               (0.0000000000000000,0.0000000000000000)
  -1.5707963267948966       -1.5707963267948966     
        (0.47336007093777710,4.85051985953748809E-017)
  -1.5707963267948966        0.0000000000000000     
        (0.25191573985121940,2.37801890175722557E-017)
  -1.5707963267948966        1.5707963267948966     
        (0.41371441371325834,2.77555756156289135E-017)
  -1.5707963267948966        3.1415926535897931     
        (0.57523036719710885,2.14743284799365730E-017)
   0.0000000000000000       -1.5707963267948966     
       (0.31786034596360502,-3.43591758596575380E-018)
   0.0000000000000000        0.0000000000000000     
         (1.97074196303878291E-002,0.0000000000000000)
   0.0000000000000000        1.5707963267948966     
        (0.31786034596360502,3.43591758596575380E-018)
   0.0000000000000000        3.1415926535897931     
       (0.42702666400977057,-1.15720922460226124E-017)
   1.5707963267948966       -1.5707963267948966     
       (0.41371441371325834,-2.77555756156289135E-017)
   1.5707963267948966        0.0000000000000000     
       (0.25191573985121940,-2.37801890175722557E-017)
   1.5707963267948966        1.5707963267948966     
       (0.47336007093777710,-4.85051985953748809E-017)
   1.5707963267948966        3.1415926535897931     
       (0.57523036719710885,-6.32418093673313848E-017)
   3.1415926535897931       -1.5707963267948966     
        (0.51393618321203771,1.73137053937802121E-017)
   3.1415926535897931        0.0000000000000000     
       (0.35427807996335425,-7.95077319611332493E-018)
   3.1415926535897931        1.5707963267948966     
       (0.51393618321203771,-3.13256106655461042E-017)
   3.1415926535897931        3.1415926535897931     
         (2.1069535946464737,1.72484082287155244E-016)
   1.0000000000000000                1          16
               (0.0000000000000000,0.0000000000000000)
  -1.5707963267948966       -1.5707963267948966     
        (0.38412601602184210,1.53045182018928704E-018)
  -1.5707963267948966        0.0000000000000000     
       (0.28205033364910725,-3.45356204237116775E-017)
  -1.5707963267948966        1.5707963267948966     
       (0.37861715427024861,-2.77555756156289135E-017)
  -1.5707963267948966        3.1415926535897931     
       (0.50204803029586698,-2.09831531930198737E-017)
   0.0000000000000000       -1.5707963267948966     
       (0.23911734585447869,-1.46430137179091003E-017)
   0.0000000000000000        0.0000000000000000     
         (4.08710480654868313E-003,0.0000000000000000)
   0.0000000000000000        1.5707963267948966     
        (0.23911734585447869,1.46430137179091003E-017)
   0.0000000000000000        3.1415926535897931     
       (0.31190686636373877,-9.93437895495212991E-018)
   1.5707963267948966       -1.5707963267948966     
        (0.37861715427024861,2.77555756156289135E-017)
   1.5707963267948966        0.0000000000000000     
        (0.28205033364910725,3.45356204237116775E-017)
   1.5707963267948966        1.5707963267948966     
       (0.38412601602184210,-1.53045182018928704E-018)
   1.5707963267948966        3.1415926535897931     
       (0.50204803029586698,-3.14670943978593730E-017)
   3.1415926535897931       -1.5707963267948966     
        (0.54849551643004313,1.46430137179091003E-017)
   3.1415926535897931        0.0000000000000000     
       (0.33856049331928756,-1.35600896161655219E-017)
   3.1415926535897931        1.5707963267948966     
       (0.54849551643004313,-1.15821100775305231E-017)
   3.1415926535897931        3.1415926535897931     
         (2.6765367424672513,2.38956374759283338E-016)
   1.0000000000000000                1          16
               (0.0000000000000000,0.0000000000000000)
  -1.5707963267948966       -1.5707963267948966     
       (0.43818853587849443,-3.83507614785104864E-018)
  -1.5707963267948966        0.0000000000000000     
        (0.35223625358797711,7.48346970958409128E-018)
  -1.5707963267948966        1.5707963267948966     
       (0.45622005537544458,-1.38777878078144568E-017)
  -1.5707963267948966        3.1415926535897931     
        (0.48989661014753300,8.64871348317540843E-018)
   0.0000000000000000       -1.5707963267948966     
        (0.23534041287302554,3.66120075934616647E-017)
   0.0000000000000000        0.0000000000000000     
         (2.42423084608292955E-002,0.0000000000000000)
   0.0000000000000000        1.5707963267948966     
       (0.23534041287302554,-3.66120075934616647E-017)
   0.0000000000000000        3.1415926535897931     
       (0.32745095559174414,-7.28588682831329025E-018)
   1.5707963267948966       -1.5707963267948966     
        (0.45622005537544458,1.38777878078144568E-017)
   1.5707963267948966        0.0000000000000000     
       (0.35223625358797711,-7.48346970958409128E-018)
   1.5707963267948966        1.5707963267948966     
        (0.43818853587849443,3.83507614785104864E-018)
   1.5707963267948966        3.1415926535897931     
       (0.48989661014753300,-4.40744413945064146E-017)
   3.1415926535897931       -1.5707963267948966     
       (0.63325370250090418,-8.85643197783275270E-018)
   3.1415926535897931        0.0000000000000000     
       (0.47137591998978673,-1.27886361964607340E-017)
   3.1415926535897931        1.5707963267948966     
        (0.63325370250090396,1.50640674899451168E-017)
   3.1415926535897931        3.1415926535897931     
         (1.9666596752308825,1.52214142906431720E-016)
   1.0000000000000000                1          16
               (0.0000000000000000,0.0000000000000000)
  -1.5707963267948966       -1.5707963267948966     
        (0.40913661259496825,3.52864798168410994E-017)
  -1.5707963267948966        0.0000000000000000     
        (0.29171643802607239,1.04222460360386787E-016)
  -1.5707963267948966        1.5707963267948966     
        (0.38482140183071595,6.93889390390722838E-017)
  -1.5707963267948966        3.1415926535897931     
        (0.51718878937388080,3.36187947259941777E-018)
   0.0000000000000000       -1.5707963267948966     
       (0.26927239895576444,-5.92766033318639261E-017)
   0.0000000000000000        0.0000000000000000     
         (9.52849039224025474E-003,0.0000000000000000)
   0.0000000000000000        1.5707963267948966     
        (0.26927239895576444,5.92766033318639261E-017)
   0.0000000000000000        3.1415926535897931     
       (0.47465592708308812,-3.32861329508125855E-018)
   1.5707963267948966       -1.5707963267948966     
       (0.38482140183071595,-6.93889390390722838E-017)
   1.5707963267948966        0.0000000000000000     
       (0.29171643802607239,-1.04222460360386787E-016)
   1.5707963267948966        1.5707963267948966     
       (0.40913661259496825,-3.52864798168410994E-017)
   1.5707963267948966        3.1415926535897931     
       (0.51718878937388091,-4.38112223014328685E-017)
   3.1415926535897931       -1.5707963267948966     
        (0.59152842393571425,7.31543911396783829E-017)
   3.1415926535897931        0.0000000000000000     
       (0.35180468779230123,-1.35996842042577345E-017)
   3.1415926535897931        1.5707963267948966     
       (0.59152842393571425,-5.80925827372539988E-017)
   3.1415926535897931        3.1415926535897931     
         (2.2366827652981378,1.88742057610549572E-016)
   1.0000000000000000                1          16
               (0.0000000000000000,0.0000000000000000)
  -1.5707963267948966       -1.5707963267948966     
        (0.41919408618768267,1.24022842642228765E-017)
  -1.5707963267948966        0.0000000000000000     
        (0.29657280487212961,2.31780259121709946E-017)
  -1.5707963267948966        1.5707963267948966     
              (0.41911201086871780,0.0000000000000000)
  -1.5707963267948966        3.1415926535897931     
        (0.54054304956477472,7.99633743435766557E-017)
   0.0000000000000000       -1.5707963267948966     
        (0.30516553851078493,2.15544334835174768E-017)
   0.0000000000000000        0.0000000000000000     
         (2.78857254164770196E-003,0.0000000000000000)
   0.0000000000000000        1.5707963267948966     
       (0.30516553851078493,-2.15544334835174768E-017)
   0.0000000000000000        3.1415926535897931     
       (0.44075123153211831,-1.02130199270620121E-017)
   1.5707963267948966       -1.5707963267948966     
              (0.41911201086871780,0.0000000000000000)
   1.5707963267948966        0.0000000000000000     
       (0.29657280487212961,-2.31780259121709946E-017)
   1.5707963267948966        1.5707963267948966     
       (0.41919408618768267,-1.24022842642228765E-017)
   1.5707963267948966        3.1415926535897931     
       (0.54054304956477484,-1.10669957046388724E-016)
   3.1415926535897931       -1.5707963267948966     
        (0.60698033113315419,2.00789299399258935E-017)
   3.1415926535897931        0.0000000000000000     
       (0.44084291748597210,-9.15509940691584701E-018)
   3.1415926535897931        1.5707963267948966     
       (0.60698033113315419,-3.69077248349235107E-017)
   3.1415926535897931        3.1415926535897931     
         (1.9404816361657733,1.51091451578718429E-016)
   1.0000000000000000                1          16
               (0.0000000000000000,0.0000000000000000)
  -1.5707963267948966       -1.5707963267948966     
       (0.43684033590232035,-1.75005690442188019E-017)
  -1.5707963267948966        0.0000000000000000     
        (0.28402828889857895,9.79133635038413799E-018)
  -1.5707963267948966        1.5707963267948966     
        (0.41652472268391022,8.32667268468867405E-017)
  -1.5707963267948966        3.1415926535897931     
        (0.54373577256996541,9.30006006198135949E-017)
   0.0000000000000000       -1.5707963267948966     
       (0.30812050779933658,-3.28830789013339709E-017)
   0.0000000000000000        0.0000000000000000     
         (6.79530837815119082E-003,0.0000000000000000)
   0.0000000000000000        1.5707963267948966     
        (0.30812050779933658,3.28830789013339709E-017)
   0.0000000000000000        3.1415926535897931     
       (0.41471678490054714,-1.19237075710285361E-017)
   1.5707963267948966       -1.5707963267948966     
       (0.41652472268391022,-8.32667268468867405E-017)
   1.5707963267948966        0.0000000000000000     
       (0.28402828889857895,-9.79133635038413799E-018)
   1.5707963267948966        1.5707963267948966     
        (0.43684033590232035,1.75005690442188019E-017)
   1.5707963267948966        3.1415926535897931     
       (0.54373577256996541,-1.28001738708251180E-016)
   3.1415926535897931       -1.5707963267948966     
        (0.57830944885386026,7.45164423247773411E-017)
   3.1415926535897931        0.0000000000000000     
       (0.42778763570598960,-8.17290291486063752E-018)
   3.1415926535897931        1.5707963267948966     
       (0.57830944885386026,-8.17620047975860252E-017)
   3.1415926535897931        3.1415926535897931     
         (2.0155821175993682,1.61015227080308370E-016)
