   -1.570796     -1.570796
  1    1        0.43264072        0.00937451        0.00000000        0.00000000
   -1.570796      0.000000
  1    1        0.29920546        0.01548016        0.00000000        0.00000000
   -1.570796      1.570796
  1    1        0.43422143        0.00856280        0.00000000        0.00000000
   -1.570796      3.141593
  1    1        0.55499840        0.01815897        0.00000000        0.00000000
    0.000000     -1.570796
  1    1        0.28699013        0.01608479       -0.00000000        0.00000000
    0.000000      0.000000
  1    1        0.01650652        0.00239746        0.00000000        0.00000000
    0.000000      1.570796
  1    1        0.28699013        0.01608479        0.00000000        0.00000000
    0.000000      3.141593
  1    1        0.39860275        0.02084431       -0.00000000        0.00000000
    1.570796     -1.570796
  1    1        0.43422143        0.00856280       -0.00000000        0.00000000
    1.570796      0.000000
  1    1        0.29920546        0.01548016       -0.00000000        0.00000000
    1.570796      1.570796
  1    1        0.43264072        0.00937451       -0.00000000        0.00000000
    1.570796      3.141593
  1    1        0.55499840        0.01815897       -0.00000000        0.00000000
    3.141593     -1.570796
  1    1        0.56739426        0.02208321        0.00000000        0.00000000
    3.141593      0.000000
  1    1        0.47325141        0.02608193       -0.00000000        0.00000000
    3.141593      1.570796
  1    1        0.56739426        0.02208321       -0.00000000        0.00000000
    3.141593      3.141593
  1    1        1.96073851        0.06136502        0.00000000        0.00000000
