   -1.570796     -1.570796        1.77461979        0.48921718        0.34052604        0.31123896
   -1.570796      0.000000        2.06036979        0.72161101       -0.10560937        0.38955600
   -1.570796      1.570796        1.35374479        0.42402069        0.30279687        0.51472506
   -1.570796      3.141593        2.28682812        0.65164972        0.55407813        0.52280223
    0.000000     -1.570796        1.64721875        0.44918783       -0.27020833        0.47833888
    0.000000      0.000000        2.68125000        0.65654859        0.00000000        0.00000000
    0.000000      1.570796        1.64721875        0.44918783        0.27020833        0.47833888
    0.000000      3.141593        1.16650000        0.74188241        0.00000000        0.00000000
    1.570796     -1.570796        1.35374479        0.42402069       -0.30279687        0.51472506
    1.570796      0.000000        2.06036979        0.72161101        0.10560937        0.38955600
    1.570796      1.570796        1.77461979        0.48921718       -0.34052604        0.31123896
    1.570796      3.141593        2.28682812        0.65164972       -0.55407813        0.52280223
    3.141593     -1.570796        2.28841667        0.39900200       -0.52360417        0.32233993
    3.141593      0.000000        2.17917708        0.56251208        0.00000000        0.00000000
    3.141593      1.570796        2.28841667        0.39900200        0.52360417        0.32233993
    3.141593      3.141593        3.24117708        0.96519376        0.00000000        0.00000000
