     0.0000000        3.45625800        0.19366573
     0.1000000        3.23865732        0.19417099
     0.2000000        3.07920746        0.20107272
     0.3000000        2.96370680        0.20232414
     0.4000000        2.87797529        0.20943323
     0.5000000        2.81326829        0.21559734
     0.6000000        2.75370560        0.21686840
     0.7000000        2.69105704        0.21935171
     0.8000000        2.64333679        0.22407700
     0.9000000        2.59943015        0.22990463
     1.0000000        2.55899576        0.23037111
     1.1000000        2.53276606        0.23052200
     1.2000000        2.49194161        0.23217041
     1.3000000        2.45287611        0.23503867
     1.4000000        2.41308921        0.23999447
     1.5000000        2.39824304        0.23821585
     1.6000000        2.38877707        0.24354952
     1.7000000        2.36031595        0.24654751
     1.8000000        2.31994513        0.24227014
     1.9000000        2.28253393        0.24255331
     2.0000000        2.25314212        0.24501715
     2.1000000        2.23177031        0.24794780
     2.2000000        2.21874435        0.25731523
     2.3000000        2.20319429        0.26310268
     2.4000000        2.18195934        0.26453284
     2.5000000        2.14605031        0.26451520
     2.6000000        2.12502341        0.26164663
     2.7000000        2.10390917        0.26723616
     2.8000000        2.08380773        0.26756723
     2.9000000        2.04375773        0.26443758
     3.0000000        2.02652991        0.26598704
     3.1000000        1.99652939        0.26191073
     3.2000000        1.97544276        0.26441983
     3.3000000        1.94976560        0.26501775
     3.4000000        1.94078568        0.26711265
     3.5000000        1.93421445        0.26925068
     3.6000000        1.92684515        0.27608423
     3.7000000        1.90783396        0.28267995
     3.8000000        1.90262132        0.28831808
     3.9000000        1.89560388        0.28736925
     4.0000000        1.89134546        0.28874957
     4.1000000        1.89062653        0.28569309
     4.2000000        1.88349014        0.28936022
     4.3000000        1.88533537        0.29597312
     4.4000000        1.88435186        0.29705464
     4.5000000        1.88581019        0.29463532
     4.6000000        1.89251805        0.29637503
     4.7000000        1.89093435        0.29398990
     4.8000000        1.88014210        0.29984022
     4.9000000        1.87116116        0.30572653
     5.0000000        1.86993045        0.30944978
     5.1000000        1.87427761        0.30946862
     5.2000000        1.89012652        0.30913910
     5.3000000        1.90630346        0.30188922
     5.4000000        1.90847459        0.29703160
     5.5000000        1.90702581        0.29301819
     5.6000000        1.91509323        0.28814842
     5.7000000        1.90294394        0.28242901
     5.8000000        1.91012403        0.27649186
     5.9000000        1.90954848        0.26991396
     6.0000000        1.91606539        0.26844761
     6.1000000        1.92461520        0.27295137
     6.2000000        1.94153618        0.27691775
     6.3000000        1.95672314        0.27946178
     6.4000000        1.97183944        0.27606155
     6.5000000        1.99523932        0.27121594
     6.6000000        2.00039817        0.26833680
     6.7000000        2.00799910        0.26450349
     6.8000000        2.03068552        0.26174851
     6.9000000        2.06420123        0.26186910
     7.0000000        2.08569993        0.26469437
     7.1000000        2.10210529        0.26587097
     7.2000000        2.10907989        0.26654037
     7.3000000        2.11883225        0.26439049
     7.4000000        2.13648391        0.26321691
     7.5000000        2.16271817        0.26222694
     7.6000000        2.17879215        0.26185653
     7.7000000        2.19747341        0.25831630
     7.8000000        2.20391922        0.25294079
     7.9000000        2.21260027        0.25047926
     8.0000000        2.22211660        0.24120657
     8.1000000        2.24032683        0.23279039
     8.2000000        2.26507062        0.22634251
     8.3000000        2.29606876        0.22650510
     8.4000000        2.31793151        0.23099919
     8.5000000        2.34569393        0.23117271
     8.6000000        2.36711354        0.23418614
     8.7000000        2.40714796        0.23459332
     8.8000000        2.45778534        0.22968540
     8.9000000        2.50715252        0.22440896
     9.0000000        2.55390512        0.21638033
     9.1000000        2.58817826        0.21032735
     9.2000000        2.62826029        0.20284463
     9.3000000        2.68577240        0.19958322
     9.4000000        2.74649022        0.19669057
     9.5000000        2.81571008        0.19470295
     9.6000000        2.90016290        0.19521508
     9.7000000        2.98192812        0.19193463
     9.8000000        3.09027778        0.19110734
     9.9000000        3.23730004        0.19069288
    10.0000000        3.45625800        0.19366573
