     0.0000000        0.41863103        0.00400587
     0.1000000        0.35966706        0.00389502
     0.2000000        0.31012187        0.00366228
     0.3000000        0.26838045        0.00343045
     0.4000000        0.23291737        0.00318449
     0.5000000        0.20239227        0.00280204
     0.6000000        0.17601518        0.00244992
     0.7000000        0.15299764        0.00231284
     0.8000000        0.13326872        0.00219361
     0.9000000        0.11610078        0.00209442
     1.0000000        0.10122686        0.00205184
     1.1000000        0.08824723        0.00193543
     1.2000000        0.07686412        0.00171748
     1.3000000        0.06703106        0.00146037
     1.4000000        0.05880456        0.00138241
     1.5000000        0.05141471        0.00136095
     1.6000000        0.04487833        0.00128651
     1.7000000        0.03954241        0.00128620
     1.8000000        0.03479972        0.00127302
     1.9000000        0.03060436        0.00134170
     2.0000000        0.02714126        0.00149991
     2.1000000        0.02423883        0.00166965
     2.2000000        0.02145696        0.00177031
     2.3000000        0.01835717        0.00168461
     2.4000000        0.01588224        0.00161739
     2.5000000        0.01373322        0.00158506
     2.6000000        0.01180928        0.00156905
     2.7000000        0.01010870        0.00156216
     2.8000000        0.00895162        0.00160349
     2.9000000        0.00813427        0.00157392
     3.0000000        0.00747875        0.00151640
     3.1000000        0.00621034        0.00144451
     3.2000000        0.00501283        0.00132211
     3.3000000        0.00414067        0.00119475
     3.4000000        0.00347318        0.00113983
     3.5000000        0.00300940        0.00110861
     3.6000000        0.00274798        0.00106751
     3.7000000        0.00228550        0.00096211
     3.8000000        0.00232685        0.00090752
     3.9000000        0.00199477        0.00076876
     4.0000000        0.00210756        0.00074923
     4.1000000        0.00205928        0.00075891
     4.2000000        0.00221906        0.00088653
     4.3000000        0.00220504        0.00092845
     4.4000000        0.00238493        0.00103002
     4.5000000        0.00239173        0.00105004
     4.6000000        0.00233289        0.00098976
     4.7000000        0.00206788        0.00099608
     4.8000000        0.00233292        0.00099770
     4.9000000        0.00224926        0.00094381
     5.0000000        0.00224174        0.00100068
     5.1000000        0.00235797        0.00103600
     5.2000000        0.00265191        0.00107795
     5.3000000        0.00278803        0.00114735
     5.4000000        0.00261927        0.00103943
     5.5000000        0.00242202        0.00100903
     5.6000000        0.00228713        0.00109544
     5.7000000        0.00259382        0.00124284
     5.8000000        0.00309169        0.00132234
     5.9000000        0.00327300        0.00135951
     6.0000000        0.00349183        0.00130175
     6.1000000        0.00377309        0.00124492
     6.2000000        0.00385936        0.00114151
     6.3000000        0.00371595        0.00106035
     6.4000000        0.00386077        0.00101095
     6.5000000        0.00398000        0.00106648
     6.6000000        0.00351187        0.00100159
     6.7000000        0.00341080        0.00095059
     6.8000000        0.00402907        0.00100693
     6.9000000        0.00493096        0.00114551
     7.0000000        0.00618795        0.00130642
     7.1000000        0.00751006        0.00130726
     7.2000000        0.00867508        0.00123931
     7.3000000        0.01008734        0.00118886
     7.4000000        0.01167787        0.00126798
     7.5000000        0.01337116        0.00143647
     7.6000000        0.01537410        0.00152790
     7.7000000        0.01766662        0.00158178
     7.8000000        0.02046544        0.00157877
     7.9000000        0.02295706        0.00146284
     8.0000000        0.02595701        0.00135760
     8.1000000        0.02898277        0.00125398
     8.2000000        0.03280397        0.00119885
     8.3000000        0.03715132        0.00110885
     8.4000000        0.04229435        0.00098691
     8.5000000        0.04839094        0.00089923
     8.6000000        0.05540040        0.00086187
     8.7000000        0.06328277        0.00079997
     8.8000000        0.07234269        0.00088689
     8.9000000        0.08309824        0.00093939
     9.0000000        0.09553008        0.00100679
     9.1000000        0.11005170        0.00121446
     9.2000000        0.12697882        0.00150883
     9.3000000        0.14666422        0.00173380
     9.4000000        0.16977289        0.00200971
     9.5000000        0.19693913        0.00233894
     9.6000000        0.22830105        0.00276511
     9.7000000        0.26507933        0.00317219
     9.8000000        0.30751710        0.00345901
     9.9000000        0.35786131        0.00380614
    10.0000000        0.41863103        0.00400587
