     0.0000000        0.32112183        0.00078718
     0.1000000        0.17990633        0.00060806
     0.2000000        0.10437824        0.00058904
     0.3000000        0.06262331        0.00044496
     0.4000000        0.03882695        0.00032086
     0.5000000        0.02463150        0.00042614
     0.6000000        0.01641473        0.00039733
     0.7000000        0.01121317        0.00030950
     0.8000000        0.00779355        0.00029405
     0.9000000        0.00564981        0.00018759
     1.0000000        0.00408378        0.00014536
     1.1000000        0.00293131        0.00014595
     1.2000000        0.00225600        0.00012000
     1.3000000        0.00180379        0.00013256
     1.4000000        0.00147778        0.00023839
     1.5000000        0.00120663        0.00026962
     1.6000000        0.00095339        0.00017266
     1.7000000        0.00080443        0.00016842
     1.8000000        0.00063646        0.00017793
     1.9000000        0.00049554        0.00015492
     2.0000000        0.00034790        0.00012416
     2.1000000        0.00030114        0.00011753
     2.2000000        0.00020497        0.00008690
     2.3000000        0.00016362        0.00009577
     2.4000000        0.00012560        0.00010400
     2.5000000        0.00008942        0.00010037
     2.6000000        0.00008988        0.00011371
     2.7000000        0.00020434        0.00013222
     2.8000000        0.00029951        0.00016619
     2.9000000        0.00027439        0.00018603
     3.0000000        0.00025265        0.00020311
     3.1000000        0.00024339        0.00020323
     3.2000000        0.00027850        0.00024112
     3.3000000        0.00028716        0.00031104
     3.4000000        0.00048558        0.00033724
     3.5000000        0.00078981        0.00032190
     3.6000000        0.00126145        0.00021008
     3.7000000        0.00191940        0.00016120
     3.8000000        0.00229596        0.00015543
     3.9000000        0.00312164        0.00015522
     4.0000000        0.00421883        0.00014392
     4.1000000        0.00563319        0.00015321
     4.2000000        0.00782483        0.00020588
     4.3000000        0.01117956        0.00027806
     4.4000000        0.01664923        0.00025501
     4.5000000        0.02519427        0.00028213
     4.6000000        0.03935621        0.00036404
     4.7000000        0.06290965        0.00034356
     4.8000000        0.10425035        0.00037481
     4.9000000        0.17957955        0.00060461
     5.0000000        0.32112183        0.00078718
