   -1.000000      0.000000
  1    1       -0.00413125        0.00107705        0.00000000        0.00000000
  1    2       -0.00290336        0.00127934        0.00000000        0.00000000
  2    1       -0.00329185        0.00128188        0.00000000        0.00000000
  2    2       -0.00357195        0.00107901        0.00000000        0.00000000
   -0.500000      0.866025
  1    1       -0.00441617        0.00128720        0.00000000        0.00000000
  1    2       -0.06476230        0.00170799        0.00000000        0.00000000
  2    1       -0.00300371        0.00120628        0.00000000        0.00000000
  2    2       -0.00405432        0.00123939        0.00000000        0.00000000
    0.000000      1.732051
  1    1       -0.00181500        0.00104050        0.00000000        0.00000000
  1    2       -0.00321038        0.00108275        0.00000000        0.00000000
  2    1       -0.00324968        0.00108043        0.00000000        0.00000000
  2    2       -0.00230352        0.00114491        0.00000000        0.00000000
   -0.500000     -0.866025
  1    1       -0.00425081        0.00133676        0.00000000        0.00000000
  1    2       -0.00314562        0.00120768        0.00000000        0.00000000
  2    1       -0.06542766        0.00185607        0.00000000        0.00000000
  2    2       -0.00396475        0.00098491        0.00000000        0.00000000
    0.000000      0.000000
  1    1        0.24332581        0.00281191        0.00000000        0.00000000
  1    2       -0.06574002        0.00145385        0.00000000        0.00000000
  2    1       -0.06574002        0.00145385        0.00000000        0.00000000
  2    2        0.24396835        0.00294529        0.00000000        0.00000000
    0.500000      0.866025
  1    1       -0.00425081        0.00133676        0.00000000        0.00000000
  1    2       -0.06542766        0.00185607        0.00000000        0.00000000
  2    1       -0.00314562        0.00120768        0.00000000        0.00000000
  2    2       -0.00396475        0.00098491        0.00000000        0.00000000
    0.500000     -0.866025
  1    1       -0.00441617        0.00128720        0.00000000        0.00000000
  1    2       -0.00300371        0.00120628        0.00000000        0.00000000
  2    1       -0.06476230        0.00170799        0.00000000        0.00000000
  2    2       -0.00405432        0.00123939        0.00000000        0.00000000
    1.000000      0.000000
  1    1       -0.00413125        0.00107705        0.00000000        0.00000000
  1    2       -0.00329185        0.00128188        0.00000000        0.00000000
  2    1       -0.00290336        0.00127934        0.00000000        0.00000000
  2    2       -0.00357195        0.00107901        0.00000000        0.00000000
    1.500000      0.866025
  1    1       -0.00181500        0.00104050        0.00000000        0.00000000
  1    2       -0.00324968        0.00108043        0.00000000        0.00000000
  2    1       -0.00321038        0.00108275        0.00000000        0.00000000
  2    2       -0.00230352        0.00114491        0.00000000        0.00000000
