   1.0000000000000000                2           9
 (  1.0000000000000000     , -8.8962311970225741E-004)
 (  1.0000000000000002     ,  6.3406969747555986E-004)
  -2.0943951023931953       -1.2091995761561449     
 ( 0.24714375815322775     ,  1.4802973661668755E-015)
 ( -9.3220956080427297E-002, -5.4136749317571779E-002)
 ( -9.3220956080427991E-002,  5.4136749317572667E-002)
 ( 0.24606517928311364     ,  1.6776703483224587E-015)
  -2.0943951023931953        1.2091995761561449     
 ( 0.24368227119271671     , -2.9605947323337506E-016)
 ( -9.1831825909567399E-002,  5.4430467394526026E-002)
 ( -9.1831825909567302E-002, -5.4430467394526616E-002)
 ( 0.24666351006355816     ,  6.9080543754454186E-016)
   0.0000000000000000       -2.4183991523122899     
 ( 0.24741669127240368     ,  1.5789838572446670E-015)
 (  2.8962832217267476E-003,-0.10966783384228279     )
 (  2.8962832217267476E-003, 0.10966783384228575     )
 ( 0.24740881539596535     ,  1.8750433304780422E-015)
   0.0000000000000000        0.0000000000000000     
 (  9.2258547263748234     , -1.6013216154648881E-002)
 (  8.7681163686787880     , -2.2999808000523578E-003)
 (  8.7681163686787880     , -2.2999808000523638E-003)
 (  9.2372156973208615     ,  1.1413254554551657E-002)
   0.0000000000000000        2.4183991523122899     
 ( 0.24741669127240368     , -7.8949192862233350E-016)
 (  2.8962832217265502E-003, 0.10966783384228279     )
 (  2.8962832217269449E-003,-0.10966783384228575     )
 ( 0.24740881539596535     , -1.0855514018557087E-015)
   2.0943951023931953       -1.2091995761561449     
 ( 0.24368227119271690     ,  8.8817841970012523E-016)
 ( -9.1831825909567205E-002, -5.4430467394526220E-002)
 ( -9.1831825909567497E-002,  5.4430467394526616E-002)
 ( 0.24666351006355836     ,  8.8817841970012523E-016)
   2.0943951023931953        1.2091995761561449     
 ( 0.24714375815322795     , -2.9605947323337506E-016)
 ( -9.3220956080427894E-002,  5.4136749317571481E-002)
 ( -9.3220956080427408E-002, -5.4136749317573063E-002)
 ( 0.24606517928311364     , -4.9343245538895848E-016)
   2.0943951023931953        3.6275987284684348     
 ( 0.25392703179537840     ,  4.1278708846132558E-015)
 (  1.0528077198903832E-003,  6.2587917951001945E-004)
 (  1.0528077198905805E-003, -6.2587917950395421E-004)
 ( 0.25565267990974228     ,  3.4330177589581012E-015)
   4.1887902047863905        0.0000000000000000     
 ( 0.25392703179537918     ,  5.7554269991852732E-016)
 (  1.0528077198915674E-003, -6.2587917950624101E-004)
 (  1.0528077198909752E-003,  6.2587917950747982E-004)
 ( 0.25565267990974305     ,  6.6902502056838864E-016)
   1.0000000000000000                2           9
 (  1.0000000000000000     , -4.2266906295081120E-004)
 ( 0.99999999999999989     , -7.7921536935737952E-004)
  -2.0943951023931953       -1.2091995761561449     
 ( 0.24519313415740168     ,  1.9737298215558337E-016)
 ( -9.4131645541231004E-002, -5.4452298438189023E-002)
 ( -9.4131645541231393E-002,  5.4452298438190501E-002)
 ( 0.24826712475251819     ,  5.9211894646675012E-016)
  -2.0943951023931953        1.2091995761561449     
 ( 0.24774151883837081     , -1.0855514018557087E-015)
 ( -9.4222155473275684E-002,  5.6043009982243812E-002)
 ( -9.4222155473276670E-002, -5.6043009982244305E-002)
 ( 0.24967165986652398     , -4.9343245538895848E-016)
   0.0000000000000000       -2.4183991523122899     
 ( 0.24720533987347043     ,  4.9343245538895848E-016)
 ( -4.6291649538036478E-004,-0.10889051435770725     )
 ( -4.6291649537997002E-004, 0.10889051435770912     )
 ( 0.24943847006950381     ,  5.9211894646675012E-016)
   0.0000000000000000        0.0000000000000000     
 (  9.2253271567722059     , -7.6080431331029957E-003)
 (  8.7739094139342040     , -1.0816959890762694E-002)
 (  8.7739094139342040     , -1.0816959890762666E-002)
 (  9.2291386979682350     , -1.4025876648421608E-002)
   0.0000000000000000        2.4183991523122899     
 ( 0.24720533987347043     , -8.8817841970012523E-016)
 ( -4.6291649538036478E-004, 0.10889051435770705     )
 ( -4.6291649537997002E-004,-0.10889051435770931     )
 ( 0.24943847006950381     , -1.1842378929335002E-015)
   2.0943951023931953       -1.2091995761561449     
 ( 0.24774151883837081     ,  1.2829243840112920E-015)
 ( -9.4222155473276281E-002, -5.6043009982244207E-002)
 ( -9.4222155473276087E-002,  5.6043009982243909E-002)
 ( 0.24967165986652398     ,  4.9343245538895848E-016)
   2.0943951023931953        1.2091995761561449     
 ( 0.24519313415740168     , -9.8686491077791697E-016)
 ( -9.4131645541231601E-002,  5.4452298438189217E-002)
 ( -9.4131645541230810E-002, -5.4452298438190300E-002)
 ( 0.24826712475251819     , -9.8686491077791697E-016)
   2.0943951023931953        3.6275987284684348     
 ( 0.25578903827614968     ,  3.0746046141160043E-015)
 ( -1.0469082425651601E-003,  4.6642434874877661E-004)
 ( -1.0469082425657522E-003, -4.6642434874281588E-004)
 ( 0.25031669379381249     ,  2.9594382500164329E-015)
   4.1887902047863905        0.0000000000000000     
 ( 0.25578903827615052     , -3.7903707950093235E-016)
 ( -1.0469082425643705E-003, -4.6642434874494151E-004)
 ( -1.0469082425649627E-003,  4.6642434874617317E-004)
 ( 0.25031669379381327     ,  5.7824115865893567E-019)
   1.0000000000000000                2           9
 ( 0.99999999999999989     , -6.8621422469936153E-004)
 (  1.0000000000000000     ,  1.9004347213653885E-003)
  -2.0943951023931953       -1.2091995761561449     
 ( 0.25041920623839053     ,  8.8817841970012523E-016)
 ( -9.3777095208238945E-002, -5.5001377763258162E-002)
 ( -9.3777095208239444E-002,  5.5001377763259050E-002)
 ( 0.24797190728837956     ,  1.3816108750890837E-015)
  -2.0943951023931953        1.2091995761561449     
 ( 0.25056554235390915     ,  0.0000000000000000     )
 ( -9.4259919895439415E-002,  5.4208456011995115E-002)
 ( -9.4259919895438929E-002, -5.4208456011995504E-002)
 ( 0.24837654946355295     ,  0.0000000000000000     )
   0.0000000000000000       -2.4183991523122899     
 ( 0.25189419059073193     ,  8.8817841970012523E-016)
 (  4.2384683401445068E-003,-0.10977201943673492     )
 (  4.2384683401447036E-003, 0.10977201943673620     )
 ( 0.24619788256570876     ,  1.3816108750890837E-015)
   0.0000000000000000        0.0000000000000000     
 (  9.2262099383696992     , -1.2351856044589278E-002)
 (  8.7774258382590666     ,  1.0927984469994300E-002)
 (  8.7774258382590666     ,  1.0927984469994293E-002)
 (  9.2212498394413149     ,  3.4207824984576231E-002)
   0.0000000000000000        2.4183991523122899     
 ( 0.25189419059073209     , -1.2829243840112920E-015)
 (  4.2384683401449014E-003, 0.10977201943673472     )
 (  4.2384683401443090E-003,-0.10977201943673680     )
 ( 0.24619788256570857     , -7.8949192862233350E-016)
   2.0943951023931953       -1.2091995761561449     
 ( 0.25056554235390938     ,  1.9737298215558337E-016)
 ( -9.4259919895439026E-002, -5.4208456011995310E-002)
 ( -9.4259919895439317E-002,  5.4208456011994720E-002)
 ( 0.24837654946355295     ,  3.9474596431116675E-016)
   2.0943951023931953        1.2091995761561449     
 ( 0.25041920623839037     , -7.8949192862233350E-016)
 ( -9.3777095208239347E-002,  5.5001377763257864E-002)
 ( -9.3777095208239042E-002, -5.5001377763259245E-002)
 ( 0.24797190728837956     , -3.9474596431116675E-016)
   2.0943951023931953        3.6275987284684348     
 ( 0.25859669492630172     ,  3.0818326285992411E-015)
 (  9.2128787468976410E-004,  3.1062145745716006E-004)
 (  9.2128787468956667E-004, -3.1062145745032504E-004)
 ( 0.25771358963834307     ,  2.9991441429110132E-015)
   4.1887902047863905        0.0000000000000000     
 ( 0.25859669492630233     ,  5.1675484878820225E-016)
 (  9.2128787468996143E-004, -3.1062145745409134E-004)
 (  9.2128787469094838E-004,  3.1062145745372954E-004)
 ( 0.25771358963834395     ,  6.3066835704401251E-016)
   1.0000000000000000                2           9
 (  1.0000000000000000     , -1.3491082090957408E-003)
 (  1.0000000000000000     ,  1.2501894575957656E-003)
  -2.0943951023931953       -1.2091995761561449     
 ( 0.24420305337547965     ,  1.9737298215558337E-016)
 ( -9.2848800091180905E-002, -5.4826984701921551E-002)
 ( -9.2848800091180711E-002,  5.4826984701924014E-002)
 ( 0.24658152696142940     , -1.9737298215558337E-016)
  -2.0943951023931953        1.2091995761561449     
 ( 0.24901677315990442     , -7.8949192862233350E-016)
 ( -9.6634150703228644E-002,  5.3226232907306326E-002)
 ( -9.6634150703228061E-002, -5.3226232907307609E-002)
 ( 0.24722841350683339     , -1.4802973661668755E-015)
   0.0000000000000000       -2.4183991523122899     
 ( 0.24197447343170550     ,  2.9605947323337506E-016)
 (  2.0316876181297122E-003,-0.10457694593980874     )
 (  2.0316876181301069E-003, 0.10457694593981130     )
 ( 0.24507700417326828     ,  3.9474596431116675E-016)
   0.0000000000000000        0.0000000000000000     
 (  9.1976751323481363     , -2.4283947763704981E-002)
 (  8.7974580394859316     , -8.9026876348216773E-004)
 (  8.7974580394859316     , -8.9026876348217044E-004)
 (  9.2074371957788443     ,  2.2503410236742290E-002)
   0.0000000000000000        2.4183991523122899     
 ( 0.24197447343170550     , -1.4802973661668755E-015)
 (  2.0316876181301069E-003, 0.10457694593980893     )
 (  2.0316876181297122E-003,-0.10457694593981109     )
 ( 0.24507700417326828     , -2.1711028037114174E-015)
   2.0943951023931953       -1.2091995761561449     
 ( 0.24901677315990442     , -1.9737298215558337E-016)
 ( -9.6634150703228644E-002, -5.3226232907306131E-002)
 ( -9.6634150703228061E-002,  5.3226232907308199E-002)
 ( 0.24722841350683300     , -9.8686491077791687E-017)
   2.0943951023931953        1.2091995761561449     
 ( 0.24420305337547965     , -1.1842378929335002E-015)
 ( -9.2848800091180711E-002,  5.4826984701922238E-002)
 ( -9.2848800091180905E-002, -5.4826984701923230E-002)
 ( 0.24658152696142899     , -1.5789838572446670E-015)
   2.0943951023931953        3.6275987284684348     
 ( 0.25012429153516941     ,  2.8060115959189288E-015)
 (  2.5635644586488284E-004,  2.4647922422486451E-003)
 (  2.5635644586468546E-004, -2.4647922422417995E-003)
 ( 0.25044352596347480     ,  2.5392496747242731E-015)
   4.1887902047863905        0.0000000000000000     
 ( 0.25012429153517041     , -6.4416065074605433E-016)
 (  2.5635644586567236E-004, -2.4647922422447862E-003)
 (  2.5635644586547498E-004,  2.4647922422453192E-003)
 ( 0.25044352596347558     , -1.2220163152992174E-016)
   1.0000000000000000                2           9
 ( 0.99999999999999956     , -5.8394057069569038E-004)
 (  1.0000000000000002     ,  1.8028252959336798E-003)
  -2.0943951023931953       -1.2091995761561449     
 ( 0.24611290281181730     ,  1.1842378929335002E-015)
 ( -9.5241072876144708E-002, -5.4524869502087604E-002)
 ( -9.5241072876145000E-002,  5.4524869502087805E-002)
 ( 0.24643223962341310     ,  1.9737298215558339E-015)
  -2.0943951023931953        1.2091995761561449     
 ( 0.24014008421675420     ,  1.9737298215558337E-016)
 ( -9.4315018866080375E-002,  5.3992659067668626E-002)
 ( -9.4315018866079681E-002, -5.3992659067669715E-002)
 ( 0.24940508235188266     ,  3.9474596431116675E-016)
   0.0000000000000000       -2.4183991523122899     
 ( 0.23636517882320293     ,  1.1842378929335002E-015)
 ( -1.1309692088147865E-003, -9.9972666996624923E-002)
 ( -1.1309692088145892E-003,  9.9972666996627380E-002)
 ( 0.23837895199952225     ,  1.1842378929335002E-015)
   0.0000000000000000        0.0000000000000000     
 (  9.1721502348146799     , -1.0510930272533603E-002)
 (  8.8281731769250609     ,  1.0969962527125824E-002)
 (  8.8281731769250626     ,  1.0969962527125834E-002)
 (  9.1715351757899324     ,  3.2450855326791775E-002)
   0.0000000000000000        2.4183991523122899     
 ( 0.23636517882320313     , -7.8949192862233350E-016)
 ( -1.1309692088143919E-003,  9.9972666996624923E-002)
 ( -1.1309692088149841E-003, -9.9972666996627380E-002)
 ( 0.23837895199952225     , -9.8686491077791697E-016)
   2.0943951023931953       -1.2091995761561449     
 ( 0.24014008421675401     ,  1.9737298215558337E-016)
 ( -9.4315018866079584E-002, -5.3992659067669223E-002)
 ( -9.4315018866080277E-002,  5.3992659067669320E-002)
 ( 0.24940508235188227     ,  1.1842378929335002E-015)
   2.0943951023931953        1.2091995761561449     
 ( 0.24611290281181711     ,  1.9737298215558337E-016)
 ( -9.5241072876144903E-002,  5.4524869502086522E-002)
 ( -9.5241072876145000E-002, -5.4524869502088985E-002)
 ( 0.24643223962341348     , -3.9474596431116675E-016)
   2.0943951023931953        3.6275987284684348     
 ( 0.25159214508448774     ,  3.6859018923449425E-015)
 ( -7.6802014167181513E-004, -7.9774006697212643E-004)
 ( -7.6802014167122305E-004,  7.9774006697891787E-004)
 ( 0.25162469332951726     ,  3.9181620910729480E-015)
   4.1887902047863905        0.0000000000000000     
 ( 0.25159214508448829     ,  5.3256010712487978E-016)
 ( -7.6802014167063086E-004,  7.9774006697608799E-004)
 ( -7.6802014167102561E-004, -7.9774006697531984E-004)
 ( 0.25162469332951826     ,  9.6373526443155947E-016)
   1.0000000000000000                2           9
 ( 0.99999999999999989     , -1.8250621717524403E-003)
 (  1.0000000000000002     ,  1.5814745013486857E-003)
  -2.0943951023931953       -1.2091995761561449     
 ( 0.25731548657753067     ,  0.0000000000000000     )
 ( -9.8085607158585442E-002, -5.6063163144841804E-002)
 ( -9.8085607158585636E-002,  5.6063163144842797E-002)
 ( 0.25825607701425723     ,  9.8686491077791687E-017)
  -2.0943951023931953        1.2091995761561449     
 ( 0.25705389184160488     , -2.9605947323337506E-016)
 ( -9.5979133196695862E-002,  5.6955339351143844E-002)
 ( -9.5979133196695460E-002, -5.6955339351145620E-002)
 ( 0.25421298891479199     , -5.9211894646675012E-016)
   0.0000000000000000       -2.4183991523122899     
 ( 0.25225755067639188     ,  9.8686491077791697E-016)
 ( -1.5437870933471883E-004,-0.11109280640273728     )
 ( -1.5437870933540963E-004, 0.11109280640273954     )
 ( 0.25445603377936377     ,  1.6776703483224587E-015)
   0.0000000000000000        0.0000000000000000     
 (  9.2647645425167635     , -3.2851119091531614E-002)
 (  8.7392412565951005     , -2.1922890336225796E-003)
 (  8.7392412565951005     , -2.1922890336225700E-003)
 (  9.2581048622758217     ,  2.8466541024288979E-002)
   0.0000000000000000        2.4183991523122899     
 ( 0.25225755067639188     , -7.8949192862233350E-016)
 ( -1.5437870933511356E-004, 0.11109280640273728     )
 ( -1.5437870933521225E-004,-0.11109280640273934     )
 ( 0.25445603377936377     , -8.8817841970012523E-016)
   2.0943951023931953       -1.2091995761561449     
 ( 0.25705389184160526     , -6.9080543754454186E-016)
 ( -9.5979133196695862E-002, -5.6955339351144239E-002)
 ( -9.5979133196695071E-002,  5.6955339351145225E-002)
 ( 0.25421298891479199     , -3.9474596431116675E-016)
   2.0943951023931953        1.2091995761561449     
 ( 0.25731548657753067     , -3.9474596431116675E-016)
 ( -9.8085607158585442E-002,  5.6063163144842006E-002)
 ( -9.8085607158585636E-002, -5.6063163144842595E-002)
 ( 0.25825607701425723     , -8.8817841970012523E-016)
   2.0943951023931953        3.6275987284684348     
 ( 0.25919415372081711     ,  3.9914059711697465E-015)
 (  4.1189435482418761E-004, -4.7771039324504137E-005)
 (  4.1189435482399023E-004,  4.7771039331043658E-005)
 ( 0.25688519053447689     ,  2.8669196646310033E-015)
   4.1887902047863905        0.0000000000000000     
 ( 0.25919415372081794     ,  8.3189628025732214E-016)
 (  4.1189435482477974E-004,  4.7771039328139832E-005)
 (  4.1189435482537188E-004, -4.7771039327409846E-005)
 ( 0.25688519053447784     ,  4.6259292692714853E-018)
   1.0000000000000000                2           9
 (  1.0000000000000000     , -1.6401225192447214E-003)
 (  1.0000000000000000     ,  2.8493855783971261E-003)
  -2.0943951023931953       -1.2091995761561449     
 ( 0.23975772955803235     ,  1.9737298215558337E-016)
 ( -8.9269832607620697E-002, -5.3558535569189852E-002)
 ( -8.9269832607621391E-002,  5.3558535569191629E-002)
 ( 0.24410008185258431     ,  6.9080543754454186E-016)
  -2.0943951023931953        1.2091995761561449     
 ( 0.24520822950955701     ,  3.9474596431116675E-016)
 ( -9.3139293037275389E-002,  5.2877202775750774E-002)
 ( -9.3139293037275486E-002, -5.2877202775753140E-002)
 ( 0.24404379634511908     , -1.9737298215558337E-016)
   0.0000000000000000       -2.4183991523122899     
 ( 0.24338332823143125     ,  2.3684757858670005E-015)
 (  3.2873582030061854E-003,-0.10794414002474698     )
 (  3.2873582030059881E-003, 0.10794414002474914     )
 ( 0.24609667802396917     ,  1.0855514018557087E-015)
   0.0000000000000000        0.0000000000000000     
 (  9.2220387692443158     , -2.9522205346416332E-002)
 (  8.7725626814698821     ,  1.0883367532362133E-002)
 (  8.7725626814698838     ,  1.0883367532362133E-002)
 (  9.2315430901007005     ,  5.1288940411138288E-002)
   0.0000000000000000        2.4183991523122899     
 ( 0.24338332823143125     , -5.9211894646675012E-016)
 (  3.2873582030057908E-003, 0.10794414002474657     )
 (  3.2873582030063827E-003,-0.10794414002474895     )
 ( 0.24609667802396917     , -6.9080543754454186E-016)
   2.0943951023931953       -1.2091995761561449     
 ( 0.24520822950955701     ,  5.9211894646675012E-016)
 ( -9.3139293037275389E-002, -5.2877202775751954E-002)
 ( -9.3139293037275694E-002,  5.2877202775752349E-002)
 ( 0.24404379634511908     ,  3.9474596431116675E-016)
   2.0943951023931953        1.2091995761561449     
 ( 0.23975772955803254     ,  0.0000000000000000     )
 ( -8.9269832607620891E-002,  5.3558535569190054E-002)
 ( -8.9269832607621183E-002, -5.3558535569191629E-002)
 ( 0.24410008185258431     , -9.8686491077791687E-017)
   2.0943951023931953        3.6275987284684348     
 ( 0.25468798948619753     ,  3.7631934605523538E-015)
 (  1.7769571152444917E-003, -3.0642515747352980E-004)
 (  1.7769571152452812E-003,  3.0642515747969078E-004)
 ( 0.25102392613454366     ,  3.2412344413362207E-015)
   4.1887902047863905        0.0000000000000000     
 ( 0.25468798948619831     ,  5.0653925498522767E-016)
 (  1.7769571152460707E-003,  3.0642515747725447E-004)
 (  1.7769571152456759E-003, -3.0642515747631501E-004)
 ( 0.25102392613454466     ,  6.7538567331363686E-016)
   1.0000000000000000                2           9
 ( 0.99999999999999911     , -1.4129775373272500E-004)
 (  1.0000000000000009     ,  1.2026510602148426E-003)
  -2.0943951023931953       -1.2091995761561449     
 ( 0.23368927561415248     ,  3.0592812234115426E-015)
 ( -9.4002338363581295E-002, -5.0343258309833966E-002)
 ( -9.4002338363584459E-002,  5.0343258309835645E-002)
 ( 0.24348541420639336     ,  1.2829243840112920E-015)
  -2.0943951023931953        1.2091995761561449     
 ( 0.23974844084323443     , -2.0724163126336257E-015)
 ( -9.3792865666090464E-002,  5.4528568326810266E-002)
 ( -9.3792865666090366E-002, -5.4528568326812139E-002)
 ( 0.24518284508942351     , -1.9737298215558337E-016)
   0.0000000000000000       -2.4183991523122899     
 ( 0.24206607651643253     ,  5.9211894646675012E-016)
 ( -3.7539749381733222E-003,-0.10715011691219385     )
 ( -3.7539749381725329E-003, 0.10715011691219406     )
 ( 0.24657752473661157     ,  5.9211894646675012E-016)
   0.0000000000000000        0.0000000000000000     
 (  9.1784564821945516     , -2.5433595671854482E-003)
 (  8.8184185237344472     ,  9.5521797583455886E-003)
 (  8.8184185237344490     ,  9.5521797583455938E-003)
 (  9.1859184826076365     ,  2.1647719083872113E-002)
   0.0000000000000000        2.4183991523122899     
 ( 0.24206607651643233     , -1.9737298215558339E-015)
 ( -3.7539749381727302E-003, 0.10715011691219169     )
 ( -3.7539749381731249E-003,-0.10715011691219584     )
 ( 0.24657752473661157     , -1.5789838572446670E-015)
   2.0943951023931953       -1.2091995761561449     
 ( 0.23974844084323424     , -4.9343245538895848E-016)
 ( -9.3792865666090464E-002, -5.4528568326811050E-002)
 ( -9.3792865666090561E-002,  5.4528568326811550E-002)
 ( 0.24518284508942351     ,  1.3816108750890837E-015)
   2.0943951023931953        1.2091995761561449     
 ( 0.23368927561415229     ,  1.6776703483224587E-015)
 ( -9.4002338363584056E-002,  5.0343258309834660E-002)
 ( -9.4002338363581489E-002, -5.0343258309835055E-002)
 ( 0.24348541420639336     , -4.9343245538895848E-016)
   2.0943951023931953        3.6275987284684348     
 ( 0.24912625951320727     ,  2.9433920578636474E-015)
 ( -3.2002135786497218E-003, -3.5128238315193267E-004)
 ( -3.2002135786497218E-003,  3.5128238315880467E-004)
 ( 0.24285734698874359     ,  2.2177475905099045E-015)
   4.1887902047863905        0.0000000000000000     
 ( 0.24912625951320788     ,  2.8266355305777642E-016)
 ( -3.2002135786489325E-003,  3.5128238315579281E-004)
 ( -3.2002135786489325E-003, -3.5128238315503994E-004)
 ( 0.24285734698874439     , -2.4324678074252563E-016)
   1.0000000000000000                2           9
 ( 0.99999999999999989     ,  2.8847214049341520E-004)
 (  1.0000000000000002     , -3.0250315322695719E-004)
  -2.0943951023931953       -1.2091995761561449     
 ( 0.24284305941333914     ,  5.9211894646675012E-016)
 ( -8.9735568449360884E-002, -5.7345846640681861E-002)
 ( -8.9735568449360203E-002,  5.7345846640683540E-002)
 ( 0.24244895836718022     ,  7.8949192862233350E-016)
  -2.0943951023931953        1.2091995761561449     
 ( 0.24286750626212969     , -1.2829243840112920E-015)
 ( -9.4282440342825360E-002,  5.2399040609540926E-002)
 ( -9.4282440342825458E-002, -5.2399040609541619E-002)
 ( 0.24639679032029113     , -3.9474596431116675E-016)
   0.0000000000000000       -2.4183991523122899     
 ( 0.24575836728495393     ,  6.9080543754454186E-016)
 (  6.8232607612779515E-003,-0.10936470581756937     )
 (  6.8232607612777546E-003, 0.10936470581757184     )
 ( 0.24530936062279818     ,  1.8750433304780422E-015)
   0.0000000000000000        0.0000000000000000     
 (  9.1964079283016460     ,  5.1924985288836975E-003)
 (  8.8022219054447923     , -1.2627911459661722E-004)
 (  8.8022219054447906     , -1.2627911459661272E-004)
 (  9.2009742305845492     , -5.4450567580821563E-003)
   0.0000000000000000        2.4183991523122899     
 ( 0.24575836728495393     , -1.8750433304780422E-015)
 (  6.8232607612783470E-003, 0.10936470581756977     )
 (  6.8232607612773600E-003,-0.10936470581757145     )
 ( 0.24530936062279818     , -1.2829243840112920E-015)
   2.0943951023931953       -1.2091995761561449     
 ( 0.24286750626212988     ,  2.9605947323337506E-016)
 ( -9.4282440342825763E-002, -5.2399040609540731E-002)
 ( -9.4282440342825263E-002,  5.2399040609541814E-002)
 ( 0.24639679032029094     ,  9.8686491077791697E-016)
   2.0943951023931953        1.2091995761561449     
 ( 0.24284305941333914     , -5.9211894646675012E-016)
 ( -8.9735568449360689E-002,  5.7345846640681764E-002)
 ( -8.9735568449360398E-002, -5.7345846640683346E-002)
 ( 0.24244895836718022     , -1.9737298215558337E-016)
   2.0943951023931953        3.6275987284684348     
 ( 0.25394309321625297     ,  2.9294660832926113E-015)
 (  1.9868785120290434E-003,  1.2658943022951510E-003)
 (  1.9868785120290434E-003, -1.2658943022883901E-003)
 ( 0.25179672251184787     ,  3.0163950041443379E-015)
   4.1887902047863905        0.0000000000000000     
 ( 0.25394309321625397     ,  7.0256300777060687E-017)
 (  1.9868785120298327E-003, -1.2658943022918986E-003)
 (  1.9868785120296354E-003,  1.2658943022914584E-003)
 ( 0.25179672251184865     ,  7.4949691514842380E-016)
   1.0000000000000000                2           9
 (  1.0000000000000000     ,  8.0079720433074331E-004)
 (  1.0000000000000000     , -3.6742599073415628E-004)
  -2.0943951023931953       -1.2091995761561449     
 ( 0.24214920160074638     ,  1.9737298215558337E-016)
 ( -9.3770809550862422E-002, -5.3397277669205226E-002)
 ( -9.3770809550861645E-002,  5.3397277669206905E-002)
 ( 0.24821511010157268     ,  7.8949192862233350E-016)
  -2.0943951023931953        1.2091995761561449     
 ( 0.24271804246012685     , -7.8949192862233350E-016)
 ( -9.4133473892029362E-002,  5.1212384537946659E-002)
 ( -9.4133473892028974E-002, -5.1212384537947742E-002)
 ( 0.24556050113911512     , -4.9343245538895848E-016)
   0.0000000000000000       -2.4183991523122899     
 ( 0.24102001412764829     ,  4.9343245538895848E-016)
 ( -3.6133045391360716E-003,-0.10475808867185726     )
 ( -3.6133045391352819E-003, 0.10475808867185915     )
 ( 0.24375862817579316     ,  0.0000000000000000     )
   0.0000000000000000        0.0000000000000000     
 (  9.2059141131207767     ,  1.4414349677964598E-002)
 (  8.7928641501641156     ,  3.9003409223794406E-003)
 (  8.7928641501641138     ,  3.9003409223794341E-003)
 (  9.2101706706127153     , -6.6136678332044474E-003)
   0.0000000000000000        2.4183991523122899     
 ( 0.24102001412764829     , -1.6776703483224587E-015)
 ( -3.6133045391352819E-003, 0.10475808867185707     )
 ( -3.6133045391360716E-003,-0.10475808867185954     )
 ( 0.24375862817579336     , -1.1842378929335002E-015)
   2.0943951023931953       -1.2091995761561449     
 ( 0.24271804246012707     , -3.9474596431116675E-016)
 ( -9.4133473892029168E-002, -5.1212384537946264E-002)
 ( -9.4133473892029168E-002,  5.1212384537947346E-002)
 ( 0.24556050113911512     , -4.9343245538895848E-016)
   2.0943951023931953        1.2091995761561449     
 ( 0.24214920160074638     , -1.5789838572446670E-015)
 ( -9.3770809550862033E-002,  5.3397277669205621E-002)
 ( -9.3770809550862033E-002, -5.3397277669206510E-002)
 ( 0.24821511010157288     , -3.9474596431116675E-016)
   2.0943951023931953        3.6275987284684348     
 ( 0.24921533191661085     ,  2.2021350792261133E-015)
 ( -3.8848712003157634E-004,  8.5558348471140050E-004)
 ( -3.8848712003177371E-004, -8.5558348470492077E-004)
 ( 0.25490450640091666     ,  2.0532379808714375E-015)
   4.1887902047863905        0.0000000000000000     
 ( 0.24921533191661155     , -2.6290698013692941E-016)
 ( -3.8848712003078687E-004, -8.5558348470806691E-004)
 ( -3.8848712003058949E-004,  8.5558348470803666E-004)
 ( 0.25490450640091766     , -1.1613009936400292E-016)
   1.0000000000000000                2           9
 ( 0.99999999999999978     ,  9.0908660711220331E-004)
 (  1.0000000000000002     ,  2.1268300741270155E-005)
  -2.0943951023931953       -1.2091995761561449     
 ( 0.24498749845371648     ,  1.2829243840112920E-015)
 ( -8.9096438734195760E-002, -5.0828439177567887E-002)
 ( -8.9096438734196245E-002,  5.0828439177569268E-002)
 ( 0.22849725032287527     ,  2.4671622769447922E-015)
  -2.0943951023931953        1.2091995761561449     
 ( 0.24051931781181907     , -5.9211894646675012E-016)
 ( -8.7476101332399220E-002,  5.5013832955945162E-002)
 ( -8.7476101332399317E-002, -5.5013832955945752E-002)
 ( 0.23653746067373443     ,  9.8686491077791687E-017)
   0.0000000000000000       -2.4183991523122899     
 ( 0.23918148579799059     ,  2.0724163126336257E-015)
 ( -2.6739266883426538E-003,-0.10235723422640852     )
 ( -2.6739266883439366E-003, 0.10235723422641119     )
 ( 0.24030334982276821     ,  1.7763568394002505E-015)
   0.0000000000000000        0.0000000000000000     
 (  9.1976816083310720     ,  1.6363558928027110E-002)
 (  8.8080062769623133     ,  8.3731941706835043E-003)
 (  8.8080062769623133     ,  8.3731941706835043E-003)
 (  9.1872000170436383     ,  3.8282941334970847E-004)
   0.0000000000000000        2.4183991523122899     
 ( 0.23918148579799059     , -6.9080543754454186E-016)
 ( -2.6739266883440355E-003, 0.10235723422640891     )
 ( -2.6739266883425549E-003,-0.10235723422641059     )
 ( 0.24030334982276802     , -5.9211894646675012E-016)
   2.0943951023931953       -1.2091995761561449     
 ( 0.24051931781181926     ,  3.9474596431116675E-016)
 ( -8.7476101332399622E-002, -5.5013832955945162E-002)
 ( -8.7476101332399317E-002,  5.5013832955946342E-002)
 ( 0.23653746067373443     ,  1.2829243840112920E-015)
   2.0943951023931953        1.2091995761561449     
 ( 0.24498749845371670     , -4.9343245538895848E-016)
 ( -8.9096438734196148E-002,  5.0828439177567103E-002)
 ( -8.9096438734196051E-002, -5.0828439177570059E-002)
 ( 0.22849725032287546     ,  4.9343245538895848E-016)
   2.0943951023931953        3.6275987284684348     
 ( 0.24813299426919708     ,  3.1313686211910231E-015)
 ( -2.8018564841432911E-003, -2.2301613690389396E-004)
 ( -2.8018564841434885E-003,  2.2301613691109480E-004)
 ( 0.23792866704956714     ,  3.6614712033916022E-015)
   4.1887902047863905        0.0000000000000000     
 ( 0.24813299426919785     ,  2.7254433278124503E-016)
 ( -2.8018564841425014E-003,  2.2301613690844165E-004)
 ( -2.8018564841426987E-003, -2.2301613690696114E-004)
 ( 0.23792866704956792     ,  4.0898515284314306E-016)
   1.0000000000000000                2           9
 ( 0.99999999999999933     ,  2.3892066698254703E-003)
 (  1.0000000000000002     , -2.3324051478241957E-003)
  -2.0943951023931953       -1.2091995761561449     
 ( 0.24384208547050573     ,  1.5789838572446670E-015)
 ( -9.2296142818097657E-002, -5.4598232141192762E-002)
 ( -9.2296142818096963E-002,  5.4598232141192860E-002)
 ( 0.24496080566891276     ,  5.9211894646675012E-016)
  -2.0943951023931953        1.2091995761561449     
 ( 0.24148726451430758     , -5.9211894646675012E-016)
 ( -9.3289196836004978E-002,  5.0469791043296595E-002)
 ( -9.3289196836004784E-002, -5.0469791043297775E-002)
 ( 0.24408527121386550     ,  9.8686491077791697E-016)
   0.0000000000000000       -2.4183991523122899     
 ( 0.24422917919674988     ,  1.0855514018557087E-015)
 (  8.1996892463524296E-004,-0.10468093813479455     )
 (  8.1996892463563772E-004, 0.10468093813479672     )
 ( 0.24230356664299535     ,  1.3816108750890837E-015)
   0.0000000000000000        0.0000000000000000     
 (  9.1705255281497724     ,  4.3005720056846872E-002)
 (  8.8246004640586033     ,  5.1121369801048150E-004)
 (  8.8246004640586033     ,  5.1121369801048052E-004)
 (  9.1789083862723349     , -4.1983292660843254E-002)
   0.0000000000000000        2.4183991523122899     
 ( 0.24422917919674988     , -6.9080543754454186E-016)
 (  8.1996892463563772E-004, 0.10468093813479494     )
 (  8.1996892463524296E-004,-0.10468093813479652     )
 ( 0.24230356664299535     , -9.8686491077791697E-016)
   2.0943951023931953       -1.2091995761561449     
 ( 0.24148726451430758     ,  5.9211894646675012E-016)
 ( -9.3289196836004590E-002, -5.0469791043296790E-002)
 ( -9.3289196836005173E-002,  5.0469791043297380E-002)
 ( 0.24408527121386550     ,  1.7763568394002505E-015)
   2.0943951023931953        1.2091995761561449     
 ( 0.24384208547050573     ,  1.9737298215558337E-016)
 ( -9.2296142818097449E-002,  5.4598232141191277E-002)
 ( -9.2296142818097351E-002, -5.4598232141194240E-002)
 ( 0.24496080566891276     , -1.6776703483224587E-015)
   2.0943951023931953        3.6275987284684348     
 ( 0.24786519712760560     ,  4.6876083261951053E-015)
 ( -4.9123742624905577E-003, -2.1020250115908602E-003)
 ( -4.9123742624921363E-003,  2.1020250115970007E-003)
 ( 0.24830397562811246     ,  3.6583390637821995E-015)
   4.1887902047863905        0.0000000000000000     
 ( 0.24786519712760618     ,  1.5358085173981333E-015)
 ( -4.9123742624911492E-003,  2.1020250115938925E-003)
 ( -4.9123742624903599E-003, -2.1020250115939688E-003)
 ( 0.24830397562811346     ,  8.0182774000705751E-016)
   1.0000000000000000                2           9
 (  1.0000000000000000     ,  1.1564744311815384E-003)
 (  1.0000000000000000     , -1.2680012982656667E-003)
  -2.0943951023931953       -1.2091995761561449     
 ( 0.24703463006522203     ,  3.9474596431116675E-016)
 ( -9.4899129154005946E-002, -5.3929411142637287E-002)
 ( -9.4899129154006445E-002,  5.3929411142639064E-002)
 ( 0.24969448378017656     ,  9.8686491077791697E-016)
  -2.0943951023931953        1.2091995761561449     
 ( 0.24573008702588103     , -5.9211894646675012E-016)
 ( -9.4915990150038321E-002,  5.0943940863305372E-002)
 ( -9.4915990150038612E-002, -5.0943940863305476E-002)
 ( 0.24561483524976591     ,  2.9605947323337506E-016)
   0.0000000000000000       -2.4183991523122899     
 ( 0.24884060179634501     ,  8.8817841970012523E-016)
 ( -1.9095992954939096E-003,-0.10662280001144087     )
 ( -1.9095992954938109E-003, 0.10662280001144353     )
 ( 0.24959471048793930     ,  8.8817841970012523E-016)
   0.0000000000000000        0.0000000000000000     
 (  9.2342221200253860     ,  2.0816539761276280E-002)
 (  8.7651742568499778     , -1.0037418037495683E-003)
 (  8.7651742568499778     , -1.0037418037495672E-003)
 (  9.2355295744123929     , -2.2824023368773285E-002)
   0.0000000000000000        2.4183991523122899     
 ( 0.24884060179634501     , -6.9080543754454186E-016)
 ( -1.9095992954941072E-003, 0.10662280001144125     )
 ( -1.9095992954936136E-003,-0.10662280001144334     )
 ( 0.24959471048793930     , -1.0855514018557087E-015)
   2.0943951023931953       -1.2091995761561449     
 ( 0.24573008702588084     ,  0.0000000000000000     )
 ( -9.4915990150038709E-002, -5.0943940863305372E-002)
 ( -9.4915990150038210E-002,  5.0943940863305476E-002)
 ( 0.24561483524976591     ,  4.9343245538895848E-016)
   2.0943951023931953        1.2091995761561449     
 ( 0.24703463006522203     , -7.8949192862233350E-016)
 ( -9.4899129154006348E-002,  5.3929411142637683E-002)
 ( -9.4899129154006057E-002, -5.3929411142638668E-002)
 ( 0.24969448378017656     , -7.8949192862233350E-016)
   2.0943951023931953        3.6275987284684348     
 ( 0.25597687483997206     ,  3.3846382486836369E-015)
 ( -2.9768110338440502E-003, -3.0455732240492411E-004)
 ( -2.9768110338444448E-003,  3.0455732241216652E-004)
 ( 0.25473741508127290     ,  3.1810973608356917E-015)
   4.1887902047863905        0.0000000000000000     
 ( 0.25597687483997283     ,  6.2103100439969694E-016)
 ( -2.9768110338436551E-003,  3.0455732240848441E-004)
 ( -2.9768110338432604E-003, -3.0455732240833772E-004)
 ( 0.25473741508127368     ,  3.1918911957973251E-016)
   1.0000000000000000                2           9
 (  1.0000000000000000     ,  1.2328517314617682E-003)
 (  1.0000000000000000     , -1.8423658204748316E-003)
  -2.0943951023931953       -1.2091995761561449     
 ( 0.24658824235118310     ,  6.9080543754454186E-016)
 ( -9.0840066578061221E-002, -5.5273533709897786E-002)
 ( -9.0840066578060930E-002,  5.5273533709899070E-002)
 ( 0.24639007900771048     ,  9.8686491077791697E-016)
  -2.0943951023931953        1.2091995761561449     
 ( 0.24618305873474572     , -3.9474596431116675E-016)
 ( -9.7605505015490979E-002,  5.2797657762286988E-002)
 ( -9.7605505015490091E-002, -5.2797657762288272E-002)
 ( 0.25127689974345213     , -9.8686491077791697E-016)
   0.0000000000000000       -2.4183991523122899     
 ( 0.24823909074161488     ,  1.5789838572446670E-015)
 ( -2.9062643948293892E-003,-0.10860260373404756     )
 ( -2.9062643948295865E-003, 0.10860260373404963     )
 ( 0.24973413560260985     ,  4.9343245538895848E-016)
   0.0000000000000000        0.0000000000000000     
 (  9.2247233106607993     ,  2.2191331166315990E-002)
 (  8.7748873806370078     , -5.4856268011134893E-003)
 (  8.7748873806370078     , -5.4856268011134936E-003)
 (  9.2277335313828583     , -3.3162584768542405E-002)
   0.0000000000000000        2.4183991523122899     
 ( 0.24823909074161488     , -9.8686491077791697E-016)
 ( -2.9062643948291919E-003, 0.10860260373404795     )
 ( -2.9062643948297839E-003,-0.10860260373404983     )
 ( 0.24973413560260985     , -1.4802973661668755E-015)
   2.0943951023931953       -1.2091995761561449     
 ( 0.24618305873474533     ,  5.9211894646675012E-016)
 ( -9.7605505015490979E-002, -5.2797657762286988E-002)
 ( -9.7605505015490673E-002,  5.2797657762288272E-002)
 ( 0.25127689974345213     ,  9.8686491077791697E-016)
   2.0943951023931953        1.2091995761561449     
 ( 0.24658824235118329     , -4.9343245538895848E-016)
 ( -9.0840066578060819E-002,  5.5273533709897196E-002)
 ( -9.0840066578061318E-002, -5.5273533709899465E-002)
 ( 0.24639007900771048     , -9.8686491077791697E-016)
   2.0943951023931953        3.6275987284684348     
 ( 0.25065367027943086     ,  2.7535843975338517E-015)
 ( -1.6229911141546359E-003,  1.6110816369945046E-003)
 ( -1.6229911141544386E-003, -1.6110816369874648E-003)
 ( 0.25754117479495192     ,  3.7500866609560844E-015)
   4.1887902047863905        0.0000000000000000     
 ( 0.25065367027943164     ,  2.8796409701214998E-016)
 ( -1.6229911141540437E-003, -1.6110816369905982E-003)
 ( -1.6229911141536491E-003,  1.6110816369909345E-003)
 ( 0.25754117479495292     ,  7.7098821154524755E-019)
   1.0000000000000000                2           9
 ( 0.99999999999999989     ,  7.8852544021142904E-004)
 (  1.0000000000000000     , -5.4019008616117278E-004)
  -2.0943951023931953       -1.2091995761561449     
 ( 0.24869805212363300     ,  2.9605947323337506E-016)
 ( -9.6921629971886442E-002, -5.7064665717532409E-002)
 ( -9.6921629971886539E-002,  5.7064665717534185E-002)
 ( 0.25095099409273480     ,  2.9605947323337506E-016)
  -2.0943951023931953        1.2091995761561449     
 ( 0.25035021280942815     , -2.9605947323337506E-016)
 ( -9.6412691447621865E-002,  5.3942521817163955E-002)
 ( -9.6412691447621574E-002, -5.3942521817165044E-002)
 ( 0.24677509394956290     , -9.8686491077791697E-016)
   0.0000000000000000       -2.4183991523122899     
 ( 0.25047715601619508     ,  1.1842378929335002E-015)
 ( -1.2745407066033900E-003,-0.11199027904115688     )
 ( -1.2745407066027978E-003, 0.11199027904115827     )
 ( 0.25333643467165806     ,  2.9605947323337506E-016)
   0.0000000000000000        0.0000000000000000     
 (  9.2461083300689477     ,  1.4193457923814299E-002)
 (  8.7548377421836818     ,  2.2350181864608781E-003)
 (  8.7548377421836854     ,  2.2350181864608867E-003)
 (  9.2455024303501787     , -9.7234215508925810E-003)
   0.0000000000000000        2.4183991523122899     
 ( 0.25047715601619530     , -9.8686491077791697E-016)
 ( -1.2745407066027978E-003, 0.11199027904115649     )
 ( -1.2745407066033900E-003,-0.11199027904115885     )
 ( 0.25333643467165828     , -1.8750433304780422E-015)
   2.0943951023931953       -1.2091995761561449     
 ( 0.25035021280942815     ,  8.8817841970012523E-016)
 ( -9.6412691447622059E-002, -5.3942521817163955E-002)
 ( -9.6412691447621574E-002,  5.3942521817164843E-002)
 ( 0.24677509394956271     ,  0.0000000000000000     )
   2.0943951023931953        1.2091995761561449     
 ( 0.24869805212363300     , -8.8817841970012523E-016)
 ( -9.6921629971886442E-002,  5.7064665717532610E-002)
 ( -9.6921629971886539E-002, -5.7064665717533991E-002)
 ( 0.25095099409273480     , -6.9080543754454186E-016)
   2.0943951023931953        3.6275987284684348     
 ( 0.25614478679106845     ,  2.9004576518332215E-015)
 (  2.3987355015488987E-003, -1.5662919965980506E-003)
 (  2.3987355015483067E-003,  1.5662919966041354E-003)
 ( 0.25354438202846502     ,  2.7133002634806126E-015)
   4.1887902047863905        0.0000000000000000     
 ( 0.25614478679106906     , -2.5847379792054426E-016)
 (  2.3987355015496880E-003,  1.5662919966009500E-003)
 (  2.3987355015488987E-003, -1.5662919966012707E-003)
 ( 0.25354438202846530     , -4.4486019806160789E-016)
