   -2.094395     -1.209200
  1    1        0.24469053        0.00204024        0.00000000        0.00000000
  1    2       -0.09289176        0.00057373       -0.05424024        0.00073862
  2    1       -0.09289176        0.00057373        0.05424024        0.00073862
  2    2        0.24569993        0.00253578        0.00000000        0.00000000
   -2.094395      1.209200
  1    1        0.24518661        0.00216632       -0.00000000        0.00000000
  1    2       -0.09410267        0.00110499        0.05311403        0.00075954
  2    1       -0.09410267        0.00110499       -0.05311403        0.00075954
  2    2        0.24596865        0.00167365       -0.00000000        0.00000000
    0.000000     -2.418399
  1    1        0.24554529        0.00182008        0.00000000        0.00000000
  1    2       -0.00053554        0.00105842       -0.10745637        0.00140125
  2    1       -0.00053554        0.00105842        0.10745637        0.00140125
  2    2        0.24714704        0.00190570        0.00000000        0.00000000
    0.000000      0.000000
  1    1        0.21409937        0.01202611        0.00000000        0.00000000
  1    2       -0.21473458        0.01180764        0.00000000        0.00000000
  2    1       -0.21473458        0.01180764        0.00000000        0.00000000
  2    2        0.21617925        0.01157553        0.00000000        0.00000000
    0.000000      2.418399
  1    1        0.24554529        0.00182008       -0.00000000        0.00000000
  1    2       -0.00053554        0.00105842        0.10745637        0.00140125
  2    1       -0.00053554        0.00105842       -0.10745637        0.00140125
  2    2        0.24714704        0.00190570       -0.00000000        0.00000000
    2.094395     -1.209200
  1    1        0.24518661        0.00216632        0.00000000        0.00000000
  1    2       -0.09410267        0.00110499       -0.05311403        0.00075954
  2    1       -0.09410267        0.00110499        0.05311403        0.00075954
  2    2        0.24596865        0.00167365        0.00000000        0.00000000
    2.094395      1.209200
  1    1        0.24469053        0.00204024       -0.00000000        0.00000000
  1    2       -0.09289176        0.00057373        0.05424024        0.00073862
  2    1       -0.09289176        0.00057373       -0.05424024        0.00073862
  2    2        0.24569993        0.00253578       -0.00000000        0.00000000
    2.094395      3.627599
  1    1        0.25249404        0.00150905        0.00000000        0.00000000
  1    2       -0.00093283        0.00098329       -0.00011688        0.00032793
  2    1       -0.00093283        0.00098329        0.00011688        0.00032793
  2    2        0.25095233        0.00200194        0.00000000        0.00000000
    4.188790      0.000000
  1    1        0.25249404        0.00150905        0.00000000        0.00000000
  1    2       -0.00093283        0.00098329        0.00011688        0.00032793
  2    1       -0.00093283        0.00098329       -0.00011688        0.00032793
  2    2        0.25095233        0.00200194        0.00000000        0.00000000
