           2 ( -13.947316439015271     , -4.5999616001283659E-003)   1.0000000000000000     
           2 ( -14.041875697410237     , -2.1633919781481981E-002)   1.0000000000000000     
           2 ( -13.952861417075608     ,  2.1855968939988847E-002)   1.0000000000000000     
           2 ( -14.161916308075050     , -1.7805375268972927E-003)   1.0000000000000000     
           2 ( -14.371870484821850     ,  2.1939925054203224E-002)   1.0000000000000000     
           2 ( -13.650664751182159     , -4.3845780671914114E-003)   1.0000000000000000     
           2 ( -14.089050891608188     ,  2.1766735064693066E-002)   1.0000000000000000     
           2 ( -14.320192919440835     ,  1.9104359516712816E-002)   1.0000000000000000     
           2 ( -14.204958035060981     , -2.5255822918687592E-004)   1.0000000000000000     
           2 ( -14.179747000796356     ,  7.8006818447969081E-003)   1.0000000000000000     
           2 ( -14.476897498648677     ,  1.6746388341421992E-002)   1.0000000000000000     
           2 ( -14.385485692610001     ,  1.0224273959825861E-003)   1.0000000000000000     
           2 ( -13.979033761107466     , -2.0074836074620256E-003)   1.0000000000000000     
           2 ( -13.986103797756080     , -1.0971253602206365E-002)   1.0000000000000000     
           2 ( -13.878901316561278     ,  4.4700363729460683E-003)   1.0000000000000000     
