   1.0000000000000000                2           9
 (  0.0000000000000000     ,  0.0000000000000000     )
 (  0.0000000000000000     ,  0.0000000000000000     )
  -2.0943951023931953       -1.2091995761561449     
 (  1.0000000000000004     , -6.9105217531245699E-004)
 ( 0.72211046909908883     , 0.42361941963478933     )
 ( 0.72211046909909216     ,-0.42361941963478794     )
 (  1.0000000000000004     ,  1.0861444499793013E-003)
  -2.0943951023931953        1.2091995761561449     
 ( 0.99999999999999878     , -2.6701453829758529E-003)
 ( 0.72409703431932071     ,-0.41902245410443495     )
 ( 0.72409703431931915     , 0.41902245410443811     )
 ( 0.99999999999999944     , -2.6435833732180395E-003)
   0.0000000000000000       -2.4183991523122899     
 ( 0.99999999999999978     ,  6.9528688493118945E-004)
 ( -2.0633475979080309E-003, 0.83560230460064533     )
 ( -2.0633475979073466E-003,-0.83560230460064533     )
 (  1.0000000000000002     ,  1.5735151505431894E-003)
   0.0000000000000000        0.0000000000000000     
 (  1.0000000000000044     , -2.1367677127067369E-003)
 ( 0.90481145512577554     ,  1.3346307086483154E-003)
 ( 0.90481145512577554     , -1.3346307086462023E-003)
 (  1.0000000000000047     ,  1.8563162686033269E-003)
   0.0000000000000000        2.4183991523122899     
 (  1.0000000000000002     , -4.6320705834740063E-004)
 (  2.7691455854057462E-003,-0.83798090167441208     )
 (  2.7691455854022612E-003, 0.83798090167441175     )
 (  1.0000000000000002     ,  2.6609825273222120E-003)
   2.0943951023931953       -1.2091995761561449     
 ( 0.99999999999999900     ,  1.6204994109481178E-003)
 ( 0.72460164362342483     , 0.41783589169678598     )
 ( 0.72460164362342472     ,-0.41783589169678587     )
 ( 0.99999999999999900     , -2.6233344083377102E-003)
   2.0943951023931953        1.2091995761561449     
 (  1.0000000000000000     ,  2.8142996332783787E-003)
 ( 0.72755579643574186     ,-0.41607304523800226     )
 ( 0.72755579643574342     , 0.41607304523800503     )
 (  1.0000000000000009     ,  1.0296581097029824E-004)
   2.0943951023931953        3.6275987284684348     
 ( 0.99999999999999956     , -7.6673974192785028E-003)
 ( -9.6171820271849658E-004, -5.6656528365659816E-003)
 ( -9.6171820271722600E-004,  5.6656528365661221E-003)
 ( 0.99999999999999845     , -1.4023332505895545E-003)
   4.1887902047863905        0.0000000000000000     
 ( 0.99999999999999900     ,  4.9187574214295095E-004)
 ( -1.9616144310045471E-003,  6.7049258811703646E-003)
 ( -1.9616144310042635E-003, -6.7049258811717263E-003)
 ( 0.99999999999999900     ,  5.0959541020070128E-003)
   1.0000000000000000                2           9
 (  0.0000000000000000     ,  0.0000000000000000     )
 (  0.0000000000000000     ,  0.0000000000000000     )
  -2.0943951023931953       -1.2091995761561449     
 (  1.0000000000000002     , -2.8120417563283376E-003)
 ( 0.72493561406670337     , 0.42325247511237513     )
 ( 0.72493561406670437     ,-0.42325247511237701     )
 (  1.0000000000000004     ,  8.1339962597117607E-004)
  -2.0943951023931953        1.2091995761561449     
 ( 0.99999999999999878     , -3.5935516296591984E-003)
 ( 0.72951553747261866     ,-0.42038695414312632     )
 ( 0.72951553747261677     , 0.42038695414312616     )
 ( 0.99999999999999867     ,  1.3350283272775990E-004)
   0.0000000000000000       -2.4183991523122899     
 (  1.0000000000000000     , -3.7203744272177319E-003)
 ( -2.8058513490575249E-003, 0.83779071220908752     )
 ( -2.8058513490586043E-003,-0.83779071220908707     )
 ( 0.99999999999999956     , -3.0613065630569558E-003)
   0.0000000000000000        0.0000000000000000     
 (  1.0000000000000042     ,  1.1532142183203536E-003)
 ( 0.90790619871186229     , -1.3832965898816980E-004)
 ( 0.90790619871186173     ,  1.3832965898612494E-004)
 (  1.0000000000000038     , -2.1146920689329662E-003)
   0.0000000000000000        2.4183991523122899     
 (  1.0000000000000000     , -3.6275848759032528E-003)
 (  4.0813382098023694E-003,-0.83981210903824310     )
 (  4.0813382098052369E-003, 0.83981210903824288     )
 ( 0.99999999999999978     ,  4.5953652415772111E-003)
   2.0943951023931953       -1.2091995761561449     
 ( 0.99999999999999878     , -6.5837267125388099E-004)
 ( 0.72806556335472838     , 0.42317980051278409     )
 ( 0.72806556335472461     ,-0.42317980051278714     )
 ( 0.99999999999999900     ,  2.5134644833908096E-003)
   2.0943951023931953        1.2091995761561449     
 (  1.0000000000000002     ,  1.7907423982439002E-003)
 ( 0.73230389666896945     ,-0.42020614098305598     )
 ( 0.73230389666897266     , 0.42020614098305453     )
 (  1.0000000000000000     ,  1.5470179895621810E-003)
   2.0943951023931953        3.6275987284684348     
 ( 0.99999999999999922     , -2.2821617311829198E-003)
 (  7.3733619148532836E-003, -1.2654239968463606E-003)
 (  7.3733619148526426E-003,  1.2654239968480389E-003)
 ( 0.99999999999999800     , -1.0394380784591907E-002)
   4.1887902047863905        0.0000000000000000     
 ( 0.99999999999999944     ,  9.9461089084237689E-003)
 ( -2.1761453897227107E-003,  8.1468748254643741E-003)
 ( -2.1761453897224513E-003, -8.1468748254664627E-003)
 ( 0.99999999999999845     , -1.0453090808637178E-003)
   1.0000000000000000                2           9
 (  0.0000000000000000     ,  0.0000000000000000     )
 (  0.0000000000000000     ,  0.0000000000000000     )
  -2.0943951023931953       -1.2091995761561449     
 ( 0.99999999999999978     , -1.0725062789855144E-003)
 ( 0.72689731255226253     , 0.41729821283498847     )
 ( 0.72689731255226475     ,-0.41729821283498936     )
 (  1.0000000000000007     ,  3.6479646001739020E-003)
  -2.0943951023931953        1.2091995761561449     
 ( 0.99999999999999845     ,  1.2416532994329280E-003)
 ( 0.72676873747246340     ,-0.42308069325208769     )
 ( 0.72676873747246351     , 0.42308069325208769     )
 ( 0.99999999999999922     , -1.5565368035396513E-003)
   0.0000000000000000       -2.4183991523122899     
 ( 0.99999999999999978     ,  1.3941748368783112E-003)
 (  1.5572298271823838E-003, 0.84054345518119078     )
 (  1.5572298271826243E-003,-0.84054345518119089     )
 (  1.0000000000000007     ,  4.0951003087677986E-003)
   0.0000000000000000        0.0000000000000000     
 (  1.0000000000000040     ,  7.1362042835021813E-004)
 ( 0.90551434419542076     , -2.6795517614950305E-005)
 ( 0.90551434419542298     ,  2.6795517614901346E-005)
 (  1.0000000000000044     , -6.8924571246755187E-004)
   0.0000000000000000        2.4183991523122899     
 ( 0.99999999999999978     , -5.7484721103675325E-004)
 (  1.3846294380191718E-003,-0.83906958840414658     )
 (  1.3846294380195109E-003, 0.83906958840414692     )
 (  1.0000000000000004     , -1.4323463818719452E-003)
   2.0943951023931953       -1.2091995761561449     
 ( 0.99999999999999867     ,  1.0704861745822471E-003)
 ( 0.73031270362033762     , 0.42003642057698820     )
 ( 0.73031270362033773     ,-0.42003642057698787     )
 ( 0.99999999999999922     ,  6.6389010406609416E-004)
   2.0943951023931953        1.2091995761561449     
 ( 0.99999999999999978     , -4.9206359628359243E-003)
 ( 0.72744030042435270     ,-0.41911377708602099     )
 ( 0.72744030042435481     , 0.41911377708602221     )
 (  1.0000000000000004     ,  3.7205750720945095E-003)
   2.0943951023931953        3.6275987284684348     
 ( 0.99999999999999922     ,  6.8718504492929150E-004)
 ( -5.9923764800434588E-003, -4.9884902286727222E-003)
 ( -5.9923764800420770E-003,  4.9884902286736850E-003)
 ( 0.99999999999999867     ,  1.0860592022959876E-002)
   4.1887902047863905        0.0000000000000000     
 ( 0.99999999999999944     , -4.7150583536090607E-003)
 ( -5.6491515523012425E-004, -3.8856805494228808E-003)
 ( -5.6491515523061767E-004,  3.8856805494221821E-003)
 ( 0.99999999999999822     , -2.2060807178945416E-003)
   1.0000000000000000                2           9
 (  0.0000000000000000     ,  0.0000000000000000     )
 (  0.0000000000000000     ,  0.0000000000000000     )
  -2.0943951023931953       -1.2091995761561449     
 ( 0.99999999999999978     , -2.9952700811478618E-003)
 ( 0.72574250129775608     , 0.42071833079081355     )
 ( 0.72574250129775408     ,-0.42071833079081600     )
 (  1.0000000000000009     ,  3.1564957392990253E-003)
  -2.0943951023931953        1.2091995761561449     
 ( 0.99999999999999867     , -4.0108353482276662E-003)
 ( 0.72684148804566928     ,-0.41716604143800839     )
 ( 0.72684148804567261     , 0.41716604143800368     )
 ( 0.99999999999999878     ,  3.6288948305363338E-003)
   0.0000000000000000       -2.4183991523122899     
 ( 0.99999999999999956     , -6.6931308467622756E-004)
 (  3.5185456153149250E-003, 0.83761845986768857     )
 (  3.5185456153134015E-003,-0.83761845986768779     )
 (  1.0000000000000002     , -9.9208160925915887E-004)
   0.0000000000000000        0.0000000000000000     
 (  1.0000000000000042     , -2.1735013710029094E-003)
 ( 0.90689317453983398     ,  1.7582626064547068E-003)
 ( 0.90689317453983520     , -1.7582626064586819E-003)
 (  1.0000000000000042     ,  1.6925073214133547E-003)
   0.0000000000000000        2.4183991523122899     
 ( 0.99999999999999978     , -2.3202586080936817E-003)
 ( -1.2043795472184520E-003,-0.83695894628075451     )
 ( -1.2043795472128330E-003, 0.83695894628075396     )
 (  1.0000000000000000     ,  2.6471705919956473E-003)
   2.0943951023931953       -1.2091995761561449     
 ( 0.99999999999999878     ,  5.3584346766274581E-004)
 ( 0.72739667278434883     , 0.42041761256546423     )
 ( 0.72739667278434872     ,-0.42041761256546600     )
 ( 0.99999999999999922     , -1.2556948948006326E-003)
   2.0943951023931953        1.2091995761561449     
 (  1.0000000000000002     , -2.4159689031480296E-003)
 ( 0.72676908299380505     ,-0.42076113513950475     )
 ( 0.72676908299380705     , 0.42076113513950170     )
 (  1.0000000000000002     ,  1.6009863448929748E-003)
   2.0943951023931953        3.6275987284684348     
 ( 0.99999999999999944     ,  5.6599564159702668E-003)
 (  6.9267583997487912E-003,  5.9662392248636458E-003)
 (  6.9267583997496178E-003, -5.9662392248645071E-003)
 ( 0.99999999999999822     ,  9.0768868129959988E-004)
   4.1887902047863905        0.0000000000000000     
 ( 0.99999999999999944     , -3.7526263691983080E-003)
 ( -1.5514030001588396E-002, -6.2696725919282542E-003)
 ( -1.5514030001586916E-002,  6.2696725919292734E-003)
 ( 0.99999999999999800     , -1.3426188701525117E-004)
   1.0000000000000000                2           9
 (  0.0000000000000000     ,  0.0000000000000000     )
 (  0.0000000000000000     ,  0.0000000000000000     )
  -2.0943951023931953       -1.2091995761561449     
 (  1.0000000000000004     ,  4.8081144588102605E-004)
 ( 0.72485914358097248     , 0.42139607069046459     )
 ( 0.72485914358097636     ,-0.42139607069046003     )
 (  1.0000000000000004     ,  5.2395771742623574E-004)
  -2.0943951023931953        1.2091995761561449     
 ( 0.99999999999999800     ,  8.0098905029828528E-004)
 ( 0.72874143188811746     ,-0.41617038943592716     )
 ( 0.72874143188811491     , 0.41617038943593060     )
 ( 0.99999999999999900     ,  2.4244609374334254E-003)
   0.0000000000000000       -2.4183991523122899     
 ( 0.99999999999999956     , -1.2028841510455853E-003)
 ( -5.0594298057513275E-003, 0.84179719348626325     )
 ( -5.0594298057455613E-003,-0.84179719348626059     )
 (  1.0000000000000004     ,  2.6870536751878457E-003)
   0.0000000000000000        0.0000000000000000     
 (  1.0000000000000044     , -1.0746093672678451E-003)
 ( 0.90687398566516975     ,  1.5501785249567742E-003)
 ( 0.90687398566516919     , -1.5501785249541311E-003)
 (  1.0000000000000038     ,  1.6690269866262925E-003)
   0.0000000000000000        2.4183991523122899     
 ( 0.99999999999999822     , -1.4441642479595593E-003)
 (  5.9955110712073885E-004,-0.84003380409921824     )
 (  5.9955110711983214E-004, 0.84003380409921502     )
 ( 0.99999999999999956     , -1.4308991637733203E-004)
   2.0943951023931953       -1.2091995761561449     
 ( 0.99999999999999900     ,  1.8918844940667885E-003)
 ( 0.72494664657363683     , 0.42341493526713914     )
 ( 0.72494664657363761     ,-0.42341493526713792     )
 (  1.0000000000000009     , -1.0652811681181743E-003)
   2.0943951023931953        1.2091995761561449     
 ( 0.99999999999999978     ,  7.6303239775321163E-004)
 ( 0.72939406488423120     ,-0.41815247088078988     )
 ( 0.72939406488423209     , 0.41815247088078994     )
 (  1.0000000000000009     ,  2.6766068465910375E-003)
   2.0943951023931953        3.6275987284684348     
 ( 0.99999999999999944     , -4.1119535792141096E-003)
 ( -1.1788277020818127E-002, -5.5885868322952488E-003)
 ( -1.1788277020815585E-002,  5.5885868322975811E-003)
 ( 0.99999999999999778     , -4.3649609805917139E-003)
   4.1887902047863905        0.0000000000000000     
 ( 0.99999999999999778     , -1.3585711787734217E-003)
 ( -7.0757620454608245E-003, -8.3184285486251307E-003)
 ( -7.0757620454595166E-003,  8.3184285486221712E-003)
 ( 0.99999999999999944     ,  1.1817653565225503E-002)
   1.0000000000000000                2           9
 (  0.0000000000000000     ,  0.0000000000000000     )
 (  0.0000000000000000     ,  0.0000000000000000     )
  -2.0943951023931953       -1.2091995761561449     
 (  1.0000000000000000     , -2.4780620011526843E-003)
 ( 0.72822203236123662     , 0.41908305710064703     )
 ( 0.72822203236123606     ,-0.41908305710064941     )
 (  1.0000000000000007     ,  1.9230276650882244E-003)
  -2.0943951023931953        1.2091995761561449     
 ( 0.99999999999999867     , -3.4390470497544928E-003)
 ( 0.72804123961023459     ,-0.41813781165227110     )
 ( 0.72804123961023559     , 0.41813781165226965     )
 ( 0.99999999999999944     , -3.8846116304363398E-004)
   0.0000000000000000       -2.4183991523122899     
 ( 0.99999999999999978     , -2.0708429865564384E-003)
 ( -2.8782230952308363E-003, 0.83793965358093703     )
 ( -2.8782230952326187E-003,-0.83793965358093880     )
 (  1.0000000000000007     ,  6.1279371873075919E-004)
   0.0000000000000000        0.0000000000000000     
 (  1.0000000000000042     , -1.8387877663896307E-003)
 ( 0.90763310357477822     ,  4.3836447707131177E-004)
 ( 0.90763310357478011     , -4.3836447707359391E-004)
 (  1.0000000000000044     ,  8.9857784441222234E-004)
   0.0000000000000000        2.4183991523122899     
 ( 0.99999999999999978     , -5.6672888781602172E-004)
 (  3.0455323704306728E-003,-0.83922962692019631     )
 (  3.0455323704328130E-003, 0.83922962692019765     )
 (  1.0000000000000007     ,  8.3738024638936224E-004)
   2.0943951023931953       -1.2091995761561449     
 ( 0.99999999999999867     ,  2.0879433597173318E-004)
 ( 0.72546728420529394     , 0.42121240897094947     )
 ( 0.72546728420529272     ,-0.42121240897095141     )
 ( 0.99999999999999900     ,  1.8659746910432132E-003)
   2.0943951023931953        1.2091995761561449     
 (  1.0000000000000000     ,  8.2613485575283347E-004)
 ( 0.72875302237048400     ,-0.42038288041741945     )
 ( 0.72875302237048556     , 0.42038288041741778     )
 (  1.0000000000000007     ,  2.7166011951160083E-003)
   2.0943951023931953        3.6275987284684348     
 ( 0.99999999999999900     , -4.2276578860338228E-003)
 ( -1.6313563250621374E-002,  4.2707574228804546E-003)
 ( -1.6313563250622293E-002, -4.2707574228788812E-003)
 ( 0.99999999999999800     ,  5.7451256072193297E-003)
   4.1887902047863905        0.0000000000000000     
 ( 0.99999999999999878     , -2.8393621597934365E-003)
 ( -2.9165128152769393E-003, -8.7839156019954359E-003)
 ( -2.9165128152786788E-003,  8.7839156019938643E-003)
 ( 0.99999999999999822     ,  2.2250707182682292E-005)
   1.0000000000000000                2           9
 (  0.0000000000000000     ,  0.0000000000000000     )
 (  0.0000000000000000     ,  0.0000000000000000     )
  -2.0943951023931953       -1.2091995761561449     
 (  1.0000000000000004     ,  3.4698471676197998E-003)
 ( 0.72887691555716105     , 0.41517278773193778     )
 ( 0.72887691555716094     ,-0.41517278773193583     )
 (  1.0000000000000004     , -1.3765427116994762E-003)
  -2.0943951023931953        1.2091995761561449     
 ( 0.99999999999999867     ,  1.4143788511024795E-003)
 ( 0.72189308339760339     ,-0.42489135976790143     )
 ( 0.72189308339760239     , 0.42489135976790232     )
 ( 0.99999999999999922     , -3.1880530646853601E-003)
   0.0000000000000000       -2.4183991523122899     
 (  1.0000000000000000     ,  1.5810580986285905E-003)
 ( -6.8065202055693648E-004, 0.84121660619002614     )
 ( -6.8065202055446320E-004,-0.84121660619002381     )
 (  1.0000000000000002     ,  8.5188926442307294E-004)
   0.0000000000000000        0.0000000000000000     
 (  1.0000000000000038     ,  4.5623944468178657E-003)
 ( 0.90665320993084308     , -1.2486737755551670E-003)
 ( 0.90665320993084109     ,  1.2486737755568391E-003)
 (  1.0000000000000044     , -1.8156478508164356E-003)
   0.0000000000000000        2.4183991523122899     
 ( 0.99999999999999978     ,  4.5481605723782141E-003)
 ( -8.2152604800243313E-003,-0.84029312063976969     )
 ( -8.2152604800246210E-003, 0.84029312063976813     )
 (  1.0000000000000000     , -1.2415587262385001E-003)
   2.0943951023931953       -1.2091995761561449     
 ( 0.99999999999999900     ,  1.0543185588018115E-003)
 ( 0.72397258935189424     , 0.41943287833882725     )
 ( 0.72397258935189546     ,-0.41943287833882531     )
 ( 0.99999999999999900     , -4.2574031039218269E-004)
   2.0943951023931953        1.2091995761561449     
 (  1.0000000000000004     , -1.6298918486631260E-004)
 ( 0.72283211773091094     ,-0.42166480605510936     )
 ( 0.72283211773090894     , 0.42166480605510992     )
 (  1.0000000000000004     , -3.7682782159139732E-003)
   2.0943951023931953        3.6275987284684348     
 ( 0.99999999999999900     , -7.9176912294954562E-004)
 ( -1.3800286542242642E-002, -1.1700351790976934E-002)
 ( -1.3800286542240629E-002,  1.1700351790975389E-002)
 ( 0.99999999999999822     ,  1.2151997099640301E-002)
   4.1887902047863905        0.0000000000000000     
 ( 0.99999999999999956     , -3.0436502060735376E-002)
 ( -1.0666025143542836E-002,  4.6424959863803177E-003)
 ( -1.0666025143540437E-002, -4.6424959863794633E-003)
 ( 0.99999999999999867     ,  2.4456404721256660E-002)
   1.0000000000000000                2           9
 (  0.0000000000000000     ,  0.0000000000000000     )
 (  0.0000000000000000     ,  0.0000000000000000     )
  -2.0943951023931953       -1.2091995761561449     
 ( 0.99999999999999978     , -9.3511937607535151E-004)
 ( 0.72339045784429779     , 0.42110281386992537     )
 ( 0.72339045784429667     ,-0.42110281386992593     )
 (  1.0000000000000031     , -1.9596721274391191E-003)
  -2.0943951023931953        1.2091995761561449     
 ( 0.99999999999999745     ,  5.6854731435720994E-004)
 ( 0.72736949539260320     ,-0.41724237062252600     )
 ( 0.72736949539260176     , 0.41724237062252478     )
 ( 0.99999999999999922     , -8.7179102669584835E-004)
   0.0000000000000000       -2.4183991523122899     
 ( 0.99999999999999956     , -2.5365017272884344E-003)
 ( -1.1137862893299667E-003, 0.83727229092667654     )
 ( -1.1137862893328410E-003,-0.83727229092667621     )
 (  1.0000000000000009     , -4.3016688705729389E-004)
   0.0000000000000000        0.0000000000000000     
 (  1.0000000000000040     ,  1.6687296158586409E-005)
 ( 0.90489676177344103     ,  4.6458360757279965E-004)
 ( 0.90489676177344025     , -4.6458360757480673E-004)
 (  1.0000000000000049     ,  9.8063212838714830E-004)
   0.0000000000000000        2.4183991523122899     
 ( 0.99999999999999956     , -1.7905140757579867E-003)
 (  3.0916461173603905E-003,-0.83664990632465541     )
 (  3.0916461173595266E-003, 0.83664990632465397     )
 (  1.0000000000000022     ,  3.4761808001910625E-004)
   2.0943951023931953       -1.2091995761561449     
 ( 0.99999999999999667     ,  3.3869547514517912E-003)
 ( 0.72433901364382092     , 0.41720821580019890     )
 ( 0.72433901364381692     ,-0.41720821580019762     )
 ( 0.99999999999999956     , -1.6790662744756068E-003)
   2.0943951023931953        1.2091995761561449     
 ( 0.99999999999999800     ,  2.8476289968728937E-003)
 ( 0.72256250770595232     ,-0.41811228485671437     )
 ( 0.72256250770595065     , 0.41811228485671109     )
 (  1.0000000000000009     , -1.1022815184000190E-003)
   2.0943951023931953        3.6275987284684348     
 ( 0.99999999999999778     ,  2.1618276463546064E-003)
 (  3.9511109980432512E-003,  2.4709510686604721E-003)
 (  3.9511109980430786E-003, -2.4709510686592349E-003)
 ( 0.99999999999999878     ,  1.1460121661106279E-002)
   4.1887902047863905        0.0000000000000000     
 ( 0.99999999999999845     , -4.9911906096678366E-003)
 ( -2.0981238957109693E-003, -1.8487102421557355E-003)
 ( -2.0981238957110803E-003,  1.8487102421532186E-003)
 ( 0.99999999999999845     ,  4.0784655064889271E-003)
   1.0000000000000000                2           9
 (  0.0000000000000000     ,  0.0000000000000000     )
 (  0.0000000000000000     ,  0.0000000000000000     )
  -2.0943951023931953       -1.2091995761561449     
 ( 0.99999999999999956     , -5.7926172849300460E-004)
 ( 0.72517488915895034     , 0.42418151895644063     )
 ( 0.72517488915895134     ,-0.42418151895644091     )
 (  1.0000000000000002     ,  3.4547412235397365E-003)
  -2.0943951023931953        1.2091995761561449     
 ( 0.99999999999999867     , -1.4416926466495590E-003)
 ( 0.72860161580021510     ,-0.41801471199578666     )
 ( 0.72860161580021332     , 0.41801471199578794     )
 ( 0.99999999999999944     , -2.5278625679852940E-004)
   0.0000000000000000       -2.4183991523122899     
 ( 0.99999999999999978     , -5.0775643218874990E-003)
 ( -5.2377959008221408E-003, 0.83971089773695662     )
 ( -5.2377959008232449E-003,-0.83971089773695684     )
 (  1.0000000000000007     ,  3.5356749822183847E-003)
   0.0000000000000000        0.0000000000000000     
 (  1.0000000000000038     , -2.2858936753608092E-003)
 ( 0.90647968885793473     ,  4.1905067639750751E-003)
 ( 0.90647968885793362     , -4.1905067639759121E-003)
 (  1.0000000000000044     ,  3.4203990565025723E-003)
   0.0000000000000000        2.4183991523122899     
 ( 0.99999999999999956     , -2.4322297351879324E-003)
 ( -2.8463473544759136E-004,-0.83670025452889940     )
 ( -2.8463473544710412E-004, 0.83670025452889907     )
 (  1.0000000000000000     , -1.0858743889969051E-003)
   2.0943951023931953       -1.2091995761561449     
 ( 0.99999999999999867     , -4.8979765879561760E-003)
 ( 0.72381696211770030     , 0.42612472325669448     )
 ( 0.72381696211769819     ,-0.42612472325669670     )
 ( 0.99999999999999922     ,  1.6307012470349325E-003)
   2.0943951023931953        1.2091995761561449     
 (  1.0000000000000000     ,  7.1573989615173307E-004)
 ( 0.72715075602060497     ,-0.42031796412359201     )
 ( 0.72715075602060641     , 0.42031796412359107     )
 (  1.0000000000000004     ,  2.3184817647253545E-003)
   2.0943951023931953        3.6275987284684348     
 ( 0.99999999999999867     ,  9.0835073365224134E-003)
 ( -9.5693892831955184E-003, -5.8683131767223390E-003)
 ( -9.5693892831943336E-003,  5.8683131767230216E-003)
 ( 0.99999999999999867     , -1.1669566721886652E-002)
   4.1887902047863905        0.0000000000000000     
 ( 0.99999999999999978     ,  9.5116207273015594E-003)
 ( -8.2816369467596396E-003,  1.5718966481312055E-003)
 ( -8.2816369467606319E-003, -1.5718966481340509E-003)
 ( 0.99999999999999867     , -4.0742992853814962E-003)
   1.0000000000000000                2           9
 (  0.0000000000000000     ,  0.0000000000000000     )
 (  0.0000000000000000     ,  0.0000000000000000     )
  -2.0943951023931953       -1.2091995761561449     
 (  1.0000000000000004     ,  1.8435883708560028E-003)
 ( 0.72889202021242172     , 0.41639910015194687     )
 ( 0.72889202021241761     ,-0.41639910015194914     )
 (  1.0000000000000004     , -1.5411015227536921E-003)
  -2.0943951023931953        1.2091995761561449     
 ( 0.99999999999999867     ,  4.5604498184220188E-003)
 ( 0.72383525477877053     ,-0.42208923844700741     )
 ( 0.72383525477876931     , 0.42208923844700430     )
 ( 0.99999999999999922     , -2.6890710544488052E-003)
   0.0000000000000000       -2.4183991523122899     
 ( 0.99999999999999956     , -4.9012374709555217E-004)
 (  2.2784788474663415E-003, 0.83868420847935543     )
 (  2.2784788474642936E-003,-0.83868420847935488     )
 (  1.0000000000000000     , -2.1609625700900469E-004)
   0.0000000000000000        0.0000000000000000     
 (  1.0000000000000042     ,  1.3950241392365588E-004)
 ( 0.90578687819052861     , -9.9768136498742162E-004)
 ( 0.90578687819052384     ,  9.9768136498475405E-004)
 (  1.0000000000000044     , -1.3364934763668403E-003)
   0.0000000000000000        2.4183991523122899     
 ( 0.99999999999999978     ,  2.8822712886069789E-004)
 (  1.1144792998764833E-003,-0.83950400238573486     )
 (  1.1144792998786296E-003, 0.83950400238573386     )
 (  1.0000000000000000     , -2.0625043792017518E-003)
   2.0943951023931953       -1.2091995761561449     
 ( 0.99999999999999878     ,  9.5755114600740024E-004)
 ( 0.72870209026667654     , 0.41640562363381750     )
 ( 0.72870209026667310     ,-0.41640562363382000     )
 ( 0.99999999999999900     ,  1.6181626187028626E-003)
   2.0943951023931953        1.2091995761561449     
 (  1.0000000000000002     , -7.5915211692048179E-004)
 ( 0.72888772119519574     ,-0.42115091993916071     )
 ( 0.72888772119519385     , 0.42115091993915937     )
 (  1.0000000000000004     ,  1.6724819574117226E-003)
   2.0943951023931953        3.6275987284684348     
 ( 0.99999999999999944     ,  7.9397500730089051E-005)
 (  6.1161766768763615E-003,  5.3750416615631728E-005)
 (  6.1161766768754733E-003, -5.3750416616810859E-005)
 ( 0.99999999999999822     ,  2.5045576774851528E-003)
   4.1887902047863905        0.0000000000000000     
 ( 0.99999999999999900     ,  5.8773432419286008E-004)
 (  1.4244758760666602E-002, -1.5525580729627068E-002)
 (  1.4244758760665357E-002,  1.5525580729627123E-002)
 ( 0.99999999999999822     , -1.2567694804270515E-003)
   1.0000000000000000                2           9
 (  0.0000000000000000     ,  0.0000000000000000     )
 (  0.0000000000000000     ,  0.0000000000000000     )
  -2.0943951023931953       -1.2091995761561449     
 ( 0.99999999999999956     , -2.6757059608266639E-003)
 ( 0.72822310857297656     , 0.41993459919130277     )
 ( 0.72822310857297579     ,-0.41993459919130366     )
 (  1.0000000000000007     , -2.4997502384606690E-003)
  -2.0943951023931953        1.2091995761561449     
 ( 0.99999999999999867     ,  1.9043423648949552E-003)
 ( 0.72943222375525962     ,-0.42261593079593462     )
 ( 0.72943222375526062     , 0.42261593079593318     )
 ( 0.99999999999999956     ,  1.6603285664581089E-004)
   0.0000000000000000       -2.4183991523122899     
 ( 0.99999999999999978     ,  5.5333063395880708E-005)
 ( -7.7527907525346300E-004, 0.83725601826193208     )
 ( -7.7527907525577603E-004,-0.83725601826193119     )
 (  1.0000000000000009     ,  3.3520627170410388E-003)
   0.0000000000000000        0.0000000000000000     
 (  1.0000000000000038     ,  2.1071362281398502E-003)
 ( 0.90827528169964267     , -6.1999279058496065E-004)
 ( 0.90827528169964133     ,  6.1999279058393782E-004)
 (  1.0000000000000044     , -9.2042339132247407E-004)
   0.0000000000000000        2.4183991523122899     
 ( 0.99999999999999900     ,  1.8021409793616874E-004)
 (  2.0098620429796856E-003,-0.83991104843955178     )
 (  2.0098620429803704E-003, 0.83991104843955000     )
 (  1.0000000000000000     , -2.1859688585988656E-003)
   2.0943951023931953       -1.2091995761561449     
 ( 0.99999999999999878     ,  2.5197335005264065E-003)
 ( 0.72568581661756781     , 0.42259566555586936     )
 ( 0.72568581661756693     ,-0.42259566555587003     )
 ( 0.99999999999999922     , -1.7935220388428479E-003)
   2.0943951023931953        1.2091995761561449     
 ( 0.99999999999999978     ,  2.8075501688099597E-003)
 ( 0.72861766002584050     ,-0.41818062820492607     )
 ( 0.72861766002584105     , 0.41818062820492535     )
 (  1.0000000000000004     , -1.0654754098300941E-003)
   2.0943951023931953        3.6275987284684348     
 (  1.0000000000000000     , -2.7178258545575624E-003)
 ( -7.8909838564369828E-003, -1.5898313995986825E-002)
 ( -7.8909838564361501E-003,  1.5898313995986679E-002)
 ( 0.99999999999999778     ,  1.1771738283748905E-003)
   4.1887902047863905        0.0000000000000000     
 ( 0.99999999999999867     ,  4.0010018556908391E-003)
 (  1.2031571404281842E-002,  7.2657175865530844E-003)
 (  1.2031571404282633E-002, -7.2657175865542805E-003)
 ( 0.99999999999999867     ,  3.9612852416646338E-003)
   1.0000000000000000                2           9
 (  0.0000000000000000     ,  0.0000000000000000     )
 (  0.0000000000000000     ,  0.0000000000000000     )
  -2.0943951023931953       -1.2091995761561449     
 (  1.0000000000000000     ,  3.8371900232261735E-003)
 ( 0.72976572622583502     , 0.41780453959534736     )
 ( 0.72976572622583846     ,-0.41780453959534536     )
 (  1.0000000000000007     , -3.9133740069056608E-005)
  -2.0943951023931953        1.2091995761561449     
 ( 0.99999999999999867     ,  3.3031681730921261E-003)
 ( 0.72791018157653165     ,-0.42194836794865614     )
 ( 0.72791018157653109     , 0.42194836794865997     )
 (  1.0000000000000000     , -1.6246807042624017E-003)
   0.0000000000000000       -2.4183991523122899     
 (  1.0000000000000000     ,  2.0150001638993098E-003)
 (  7.3844589101860697E-003, 0.83963188845637382     )
 (  7.3844589101886970E-003,-0.83963188845637282     )
 (  1.0000000000000002     , -3.0753981371698925E-004)
   0.0000000000000000        0.0000000000000000     
 (  1.0000000000000042     ,  1.9774740833772893E-003)
 ( 0.90685566409393203     , -1.7152701626511270E-003)
 ( 0.90685566409393259     ,  1.7152701626519330E-003)
 (  1.0000000000000047     , -6.1662279105062262E-004)
   0.0000000000000000        2.4183991523122899     
 (  1.0000000000000002     ,  5.9149842305407916E-004)
 ( -2.1353474493677194E-003,-0.84208466066339982     )
 ( -2.1353474493676083E-003, 0.84208466066339938     )
 (  1.0000000000000002     , -1.4665126239727900E-003)
   2.0943951023931953       -1.2091995761561449     
 ( 0.99999999999999878     , -1.0159432810257819E-003)
 ( 0.73002553005287252     , 0.41653073007394981     )
 ( 0.73002553005287218     ,-0.41653073007395081     )
 ( 0.99999999999999900     , -3.2963863451322701E-003)
   2.0943951023931953        1.2091995761561449     
 (  1.0000000000000000     , -1.2716735838318885E-003)
 ( 0.72572626205631452     ,-0.42127038810711515     )
 ( 0.72572626205631663     , 0.42127038810711487     )
 (  1.0000000000000007     ,  1.1688841844841660E-003)
   2.0943951023931953        3.6275987284684348     
 ( 0.99999999999999689     ,  1.2970308879113815E-002)
 (  1.1140738664849018E-003, -4.1355532065180832E-003)
 (  1.1140738664850991E-003,  4.1355532065160787E-003)
 ( 0.99999999999999922     ,  1.5638939457605294E-003)
   4.1887902047863905        0.0000000000000000     
 ( 0.99999999999999667     , -9.0416285247589567E-004)
 ( -1.0605231482219202E-002, -1.3587807575642880E-003)
 ( -1.0605231482217266E-002,  1.3587807575656014E-003)
 ( 0.99999999999999867     , -1.6373548442458318E-002)
   1.0000000000000000                2           9
 (  0.0000000000000000     ,  0.0000000000000000     )
 (  0.0000000000000000     ,  0.0000000000000000     )
  -2.0943951023931953       -1.2091995761561449     
 (  1.0000000000000000     ,  1.0615955915412412E-003)
 ( 0.72587521499217278     , 0.42184291458490131     )
 ( 0.72587521499216878     ,-0.42184291458490386     )
 (  1.0000000000000004     ,  2.7150545833756288E-003)
  -2.0943951023931953        1.2091995761561449     
 ( 0.99999999999999845     , -2.2702061338353489E-004)
 ( 0.72664559209419455     ,-0.41822373742876501     )
 ( 0.72664559209419588     , 0.41822373742876279     )
 ( 0.99999999999999900     , -2.0454289321089011E-003)
   0.0000000000000000       -2.4183991523122899     
 ( 0.99999999999999978     ,  3.4314186731643687E-003)
 (  4.3495552515584085E-004, 0.84195765451939997     )
 (  4.3495552515305917E-004,-0.84195765451940119     )
 (  1.0000000000000002     , -1.7390388820158831E-003)
   0.0000000000000000        0.0000000000000000     
 (  1.0000000000000042     , -1.0816614860816140E-003)
 ( 0.90675767424965259     ,  7.3351368373868837E-004)
 ( 0.90675767424965215     , -7.3351368374026393E-004)
 (  1.0000000000000044     ,  7.6556799637322274E-004)
   0.0000000000000000        2.4183991523122899     
 ( 0.99999999999999978     ,  1.1453927084585916E-003)
 (  4.5001371096453080E-003,-0.84106811492767353     )
 (  4.5001371096457425E-003, 0.84106811492767408     )
 (  1.0000000000000004     ,  2.8372258485258994E-003)
   2.0943951023931953       -1.2091995761561449     
 ( 0.99999999999999900     ,  3.4925663835494408E-003)
 ( 0.72825911465989013     , 0.41649291648534059     )
 ( 0.72825911465989013     ,-0.41649291648534043     )
 ( 0.99999999999999900     , -4.2851933573637545E-003)
   2.0943951023931953        1.2091995761561449     
 (  1.0000000000000002     , -8.1530940575346854E-004)
 ( 0.72816414208020441     ,-0.42346111411333076     )
 ( 0.72816414208020186     , 0.42346111411333065     )
 (  1.0000000000000009     ,  3.9111955643116112E-004)
   2.0943951023931953        3.6275987284684348     
 ( 0.99999999999999922     ,  2.2611610300565725E-003)
 (  2.0482365574065305E-002,  1.0847957224404656E-002)
 (  2.0482365574065204E-002, -1.0847957224407644E-002)
 ( 0.99999999999999845     , -3.8853003020937272E-003)
   4.1887902047863905        0.0000000000000000     
 ( 0.99999999999999878     ,  1.1401269990822434E-003)
 (  1.7480675587239154E-002,  2.3215750312385510E-003)
 (  1.7480675587238551E-002, -2.3215750312383467E-003)
 ( 0.99999999999999822     , -6.1660181955146363E-003)
   1.0000000000000000                2           9
 (  0.0000000000000000     ,  0.0000000000000000     )
 (  0.0000000000000000     ,  0.0000000000000000     )
  -2.0943951023931953       -1.2091995761561449     
 (  1.0000000000000002     ,  3.0691566086903741E-003)
 ( 0.72811488683325343     , 0.41625725434697186     )
 ( 0.72811488683325409     ,-0.41625725434697336     )
 (  1.0000000000000002     , -4.5815647718616109E-003)
  -2.0943951023931953        1.2091995761561449     
 ( 0.99999999999999878     ,  2.3214031730574769E-003)
 ( 0.72577462276423177     ,-0.41850157757707307     )
 ( 0.72577462276423244     , 0.41850157757707268     )
 ( 0.99999999999999878     , -1.8944608336483689E-004)
   0.0000000000000000       -2.4183991523122899     
 (  1.0000000000000000     ,  3.9103827596861764E-003)
 (  3.2738698031147509E-003, 0.83825562924413999     )
 (  3.2738698031128510E-003,-0.83825562924414010     )
 (  1.0000000000000000     , -2.5624303376458684E-003)
   0.0000000000000000        0.0000000000000000     
 (  1.0000000000000044     ,  2.3698307207591042E-003)
 ( 0.90741377857601813     , -1.4200433224282212E-003)
 ( 0.90741377857601768     ,  1.4200433224273196E-003)
 (  1.0000000000000042     , -2.3735757355626764E-004)
   0.0000000000000000        2.4183991523122899     
 ( 0.99999999999999956     ,  6.3364372255740381E-004)
 (  3.0885813980742072E-003,-0.83786461652335698     )
 (  3.0885813980741825E-003, 0.83786461652335731     )
 (  1.0000000000000000     , -3.7439373727845649E-004)
   2.0943951023931953       -1.2091995761561449     
 ( 0.99999999999999878     ,  4.6018826806623779E-003)
 ( 0.72796987776456057     , 0.41770912462720794     )
 ( 0.72796987776456146     ,-0.41770912462720922     )
 ( 0.99999999999999878     , -5.3652964360866604E-004)
   2.0943951023931953        1.2091995761561449     
 (  1.0000000000000000     ,  6.6876767014130303E-004)
 ( 0.72828993743652282     ,-0.41968933688884252     )
 ( 0.72828993743652415     , 0.41968933688884302     )
 (  1.0000000000000002     , -2.6440037478309662E-003)
   2.0943951023931953        3.6275987284684348     
 ( 0.99999999999999900     , -3.8732085445851586E-003)
 (  3.4737358169461413E-002, -1.0418215095342563E-002)
 (  3.4737358169460428E-002,  1.0418215095341283E-002)
 ( 0.99999999999999845     , -8.9834536651798379E-005)
   4.1887902047863905        0.0000000000000000     
 ( 0.99999999999999944     , -2.6061932078131401E-003)
 (  1.4851486470610131E-002, -1.5429726259176454E-002)
 (  1.4851486470611297E-002,  1.5429726259177561E-002)
 ( 0.99999999999999867     , -5.3657319524750132E-003)
   1.0000000000000000                2           9
 (  0.0000000000000000     ,  0.0000000000000000     )
 (  0.0000000000000000     ,  0.0000000000000000     )
  -2.0943951023931953       -1.2091995761561449     
 (  1.0000000000000000     , -1.7269075735321111E-003)
 ( 0.72721761276909280     , 0.42364481795211922     )
 ( 0.72721761276909147     ,-0.42364481795212000     )
 (  1.0000000000000000     , -6.2152278939297750E-005)
  -2.0943951023931953        1.2091995761561449     
 ( 0.99999999999999878     , -4.8508163361195576E-004)
 ( 0.72827242254499680     ,-0.41766659526022765     )
 ( 0.72827242254499602     , 0.41766659526022615     )
 ( 0.99999999999999944     , -3.2086385959022675E-004)
   0.0000000000000000       -2.4183991523122899     
 ( 0.99999999999999978     ,  2.0556281650240208E-003)
 ( -4.1575323443180751E-004, 0.83918533460851152     )
 ( -4.1575323443259079E-004,-0.83918533460851064     )
 (  1.0000000000000002     ,  3.7079696677170381E-003)
   0.0000000000000000        0.0000000000000000     
 (  1.0000000000000040     , -9.1762399645012706E-004)
 ( 0.90690346770885688     , -1.3898547076936248E-004)
 ( 0.90690346770885588     ,  1.3898547076751625E-004)
 (  1.0000000000000044     ,  2.3753337925615565E-004)
   0.0000000000000000        2.4183991523122899     
 (  1.0000000000000000     , -1.5341450019182642E-003)
 (  2.8536883931677601E-003,-0.83991575768516125     )
 (  2.8536883931698388E-003, 0.83991575768515991     )
 (  1.0000000000000000     , -7.9637200037487618E-004)
   2.0943951023931953       -1.2091995761561449     
 ( 0.99999999999999878     ,  7.2472428270058239E-004)
 ( 0.72868726000811124     , 0.41806645348993166     )
 ( 0.72868726000810891     ,-0.41806645348993260     )
 ( 0.99999999999999922     ,  1.0306095811273857E-004)
   2.0943951023931953        1.2091995761561449     
 (  1.0000000000000000     ,  5.8047049780334654E-004)
 ( 0.72689723454875799     ,-0.42187194014226592     )
 ( 0.72689723454875832     , 0.42187194014226381     )
 (  1.0000000000000000     , -3.6312786894036509E-003)
   2.0943951023931953        3.6275987284684348     
 ( 0.99999999999999878     , -3.0727105542361533E-003)
 (  3.1233040097011777E-004,  1.7624982155578864E-004)
 (  3.1233040097058653E-004, -1.7624982155524171E-004)
 ( 0.99999999999999845     ,  9.3745619172206987E-003)
   4.1887902047863905        0.0000000000000000     
 ( 0.99999999999999878     ,  1.1472374776123517E-002)
 (  1.0812677326222819E-002, -1.0094753385276815E-002)
 (  1.0812677326222153E-002,  1.0094753385275889E-002)
 ( 0.99999999999999778     , -1.3474169869449137E-002)
