   -2.094395     -1.209200
  1    1        1.00000000        0.00000000        0.00048863        0.00062492
  1    2        0.72737529        0.00088824        0.41954234        0.00104811
  2    1        0.72737529        0.00088824       -0.41954234        0.00104811
  2    2        1.00000000        0.00000000       -0.00039671        0.00083329
   -2.094395      1.209200
  1    1        1.00000000        0.00000000        0.00084794        0.00083955
  1    2        0.72677757        0.00056282       -0.41993317        0.00103405
  2    1        0.72677757        0.00056282        0.41993317        0.00103405
  2    2        1.00000000        0.00000002       -0.00114045        0.00035662
    0.000000     -2.418399
  1    1        1.00000000        0.00000002        0.00028738        0.00138072
  1    2        0.00022703        0.00138941        0.83911102        0.00055290
  2    1        0.00022703        0.00138941       -0.83911102        0.00055290
  2    2        1.00000000        0.00000000        0.00068051        0.00052830
    0.000000      0.000000
  1    1        1.00000000        0.00000005        0.00050491        0.00049097
  1    2        0.90676555        0.00030922       -0.00003137        0.00066518
  2    1        0.90676555        0.00030922        0.00003137        0.00066518
  2    2        1.00000000        0.00000000        0.00013762        0.00062434
    0.000000      2.418399
  1    1        1.00000000        0.00000002        0.00010635        0.00076551
  1    2        0.00090687        0.00103698       -0.83932211        0.00088800
  2    1        0.00090687        0.00103698        0.83932211        0.00088800
  2    2        1.00000000        0.00000000       -0.00051910        0.00050957
    2.094395     -1.209200
  1    1        1.00000000        0.00000000        0.00110326        0.00063900
  1    2        0.72669255        0.00110839        0.41917787        0.00101180
  2    1        0.72669255        0.00110839       -0.41917787        0.00101180
  2    2        1.00000000        0.00000000       -0.00067985        0.00088857
    2.094395      1.209200
  1    1        1.00000000        0.00000002        0.00054372        0.00052047
  1    2        0.72678814        0.00076054       -0.42061023        0.00061848
  2    1        0.72678814        0.00076054        0.42061023        0.00061848
  2    2        1.00000000        0.00000000       -0.00039437        0.00080677
    2.094395      3.627599
  1    1        1.00000000        0.00000000        0.00118730        0.00253310
  1    2        0.00191392        0.00632849       -0.00302011        0.00211144
  2    1        0.00191392        0.00632849        0.00302011        0.00211144
  2    2        1.00000000        0.00000000        0.00283327        0.00203467
    4.188790      0.000000
  1    1        1.00000000        0.00000000       -0.00150646        0.00429762
  1    2        0.00348536        0.00475269       -0.00372398        0.00268246
  2    1        0.00348536        0.00475269        0.00372398        0.00268246
  2    2        1.00000000        0.00000000       -0.00141921        0.00472561
