   -1.000000      0.000000
  1    1        0.00028908        0.00041342       -0.00004817        0.00046620
  1    2       -0.06098993        0.00043491        0.00066491        0.00055462
  2    1       -0.06092495        0.00051381       -0.00023313        0.00045878
  2    2        0.00045374        0.00028614        0.00009974        0.00038641
   -0.500000      0.866025
  1    1       -0.00021722        0.00049850        0.00005826        0.00034305
  1    2        0.42339722        0.00096010        0.00022861        0.00055271
  2    1       -0.06096892        0.00048060       -0.00038383        0.00054117
  2    2       -0.00024944        0.00047673       -0.00005901        0.00046583
    0.000000      1.732051
  1    1        0.00000185        0.00012809       -0.00016699        0.00059843
  1    2       -0.06016663        0.00087772       -0.00075355        0.00055611
  2    1       -0.06032646        0.00102146        0.00052608        0.00045971
  2    2       -0.00007134        0.00012745        0.00030852        0.00064316
   -0.500000     -0.866025
  1    1       -0.00027133        0.00043119        0.00021141        0.00030927
  1    2       -0.06132015        0.00080151        0.00019819        0.00041651
  2    1        0.42351735        0.00048831       -0.00051845        0.00062610
  2    2       -0.00052440        0.00033902       -0.00023054        0.00035055
    0.000000      0.000000
  1    1        1.00000000        0.00000002        0.00039589        0.00066704
  1    2        0.42454803        0.00158775       -0.00097886        0.00068316
  2    1        0.42454803        0.00158775        0.00097886        0.00068316
  2    2        1.00000000        0.00000005       -0.00009981        0.00078065
    0.500000      0.866025
  1    1        0.00027133        0.00043119        0.00021141        0.00030927
  1    2        0.42351735        0.00048831        0.00051845        0.00062610
  2    1       -0.06132015        0.00080151       -0.00019819        0.00041651
  2    2        0.00052440        0.00033902       -0.00023054        0.00035055
    0.500000     -0.866025
  1    1        0.00021722        0.00049850        0.00005826        0.00034305
  1    2       -0.06096892        0.00048060        0.00038383        0.00054117
  2    1        0.42339722        0.00096010       -0.00022861        0.00055271
  2    2        0.00024944        0.00047673       -0.00005901        0.00046583
    1.000000      0.000000
  1    1       -0.00028908        0.00041342       -0.00004817        0.00046620
  1    2       -0.06092495        0.00051381        0.00023313        0.00045878
  2    1       -0.06098993        0.00043491       -0.00066491        0.00055462
  2    2       -0.00045374        0.00028614        0.00009974        0.00038641
    1.500000      0.866025
  1    1       -0.00000185        0.00012809       -0.00016699        0.00059843
  1    2       -0.06032646        0.00102146       -0.00052608        0.00045971
  2    1       -0.06016663        0.00087772        0.00075355        0.00055611
  2    2        0.00007134        0.00012745        0.00030852        0.00064316
