           2 ( -22.825297034670328     , -2.7218300745157834E-014)   1.0000000000000000     
           2 ( -22.925299325402012     ,  2.7996896195040934E-014)   1.0000000000000000     
           2 ( -22.894723224956959     , -1.3104366207674990E-015)   1.0000000000000000     
           2 ( -22.870737212756367     ,  4.8688469706651094E-014)   1.0000000000000000     
           2 ( -22.899446418993247     , -3.8846529785071836E-014)   1.0000000000000000     
           2 ( -22.894929053002407     ,  2.7951780249263819E-014)   1.0000000000000000     
           2 ( -22.869421646864087     , -2.0832789321945149E-014)   1.0000000000000000     
           2 ( -22.819875583077248     ,  1.6684568541544409E-014)   1.0000000000000000     
           2 ( -22.885177784828493     ,  9.7641282835525853E-015)   1.0000000000000000     
           2 ( -22.882081911952543     ,  3.1595900415120190E-014)   1.0000000000000000     
           2 ( -22.911012846203811     ,  1.5540417667898224E-014)   1.0000000000000000     
           2 ( -22.912662903305474     , -1.5615010668887774E-014)   1.0000000000000000     
           2 ( -22.907431703288889     ,  2.0869579508693317E-014)   1.0000000000000000     
           2 ( -22.877442886865062     ,  1.2341105648591078E-014)   1.0000000000000000     
           2 ( -22.903231287329927     ,  2.0629369550566959E-014)   1.0000000000000000     
