    -1.0000000       0.0000000
    -1.0000000      -0.5773503

    -1.0000000       0.0000000
    -1.5000000       0.2886751

    -1.0000000       0.0000000
    -0.5000000       0.2886751

    -0.5000000       0.8660254
    -0.5000000       0.2886751

    -0.5000000       0.8660254
    -1.0000000       1.1547005

    -0.5000000       0.8660254
     0.0000000       1.1547005

     0.0000000       1.7320508
     0.0000000       1.1547005

     0.0000000       1.7320508
    -0.5000000       2.0207259

     0.0000000       1.7320508
     0.5000000       2.0207259

    -0.5000000      -0.8660254
    -0.5000000      -1.4433757

    -0.5000000      -0.8660254
    -1.0000000      -0.5773503

    -0.5000000      -0.8660254
     0.0000000      -0.5773503

     0.0000000       0.0000000
     0.0000000      -0.5773503

     0.0000000       0.0000000
    -0.5000000       0.2886751

     0.0000000       0.0000000
     0.5000000       0.2886751

     0.5000000       0.8660254
     0.5000000       0.2886751

     0.5000000       0.8660254
     0.0000000       1.1547005

     0.5000000       0.8660254
     1.0000000       1.1547005

     0.5000000      -0.8660254
     0.5000000      -1.4433757

     0.5000000      -0.8660254
     0.0000000      -0.5773503

     0.5000000      -0.8660254
     1.0000000      -0.5773503

     1.0000000       0.0000000
     1.0000000      -0.5773503

     1.0000000       0.0000000
     0.5000000       0.2886751

     1.0000000       0.0000000
     1.5000000       0.2886751

     1.5000000       0.8660254
     1.5000000       0.2886751

     1.5000000       0.8660254
     1.0000000       1.1547005

     1.5000000       0.8660254
     2.0000000       1.1547005

