           2 (  18.000000000000000     , -2.2999808000402845E-003)   1.0000000000000000     
           2 (  18.000000000000000     , -1.0816959890773852E-002)   1.0000000000000000     
           2 (  18.000000000000000     ,  1.0927984469994302E-002)   1.0000000000000000     
           2 (  18.000000000000000     , -8.9026876350022208E-004)   1.0000000000000000     
           2 (  18.000000000000000     ,  1.0969962527141757E-002)   1.0000000000000000     
           2 (  18.000000000000000     , -2.1922890336329112E-003)   1.0000000000000000     
           2 (  18.000000000000000     ,  1.0883367532370932E-002)   1.0000000000000000     
           2 (  18.000000000000000     ,  9.5521797583396611E-003)   1.0000000000000000     
           2 (  18.000000000000000     , -1.2627911460191734E-004)   1.0000000000000000     
           2 (  18.000000000000000     ,  3.9003409223693167E-003)   1.0000000000000000     
           2 (  18.000000000000000     ,  8.3731941706806732E-003)   1.0000000000000000     
           2 (  17.999999999999996     ,  5.1121369801250701E-004)   1.0000000000000000     
           2 (  18.000000000000000     , -1.0037418037583733E-003)   1.0000000000000000     
           2 (  18.000000000000000     , -5.4856268011180282E-003)   1.0000000000000000     
           2 (  18.000000000000000     ,  2.2350181864531529E-003)   1.0000000000000000     
