           2 (  8.8779805956551208     , -4.5999616001009651E-003)   1.0000000000000000     
           2 (  8.8834236279913608     , -2.1633919781510275E-002)   1.0000000000000000     
           2 (  8.9418618078814571     ,  2.1855968939989666E-002)   1.0000000000000000     
           2 (  8.7088209046816640     , -1.7805375269459270E-003)   1.0000000000000000     
           2 (  8.5275759341716242     ,  2.1939925054241988E-002)   1.0000000000000000     
           2 (  9.2442643018202073     , -4.3845780672190438E-003)   1.0000000000000000     
           2 (  8.7803707552552765     ,  2.1766735064713980E-002)   1.0000000000000000     
           2 (  8.4996826636363565     ,  1.9104359516695774E-002)   1.0000000000000000     
           2 (  8.6802197497677955     , -2.5255822919673635E-004)   1.0000000000000000     
           2 (  8.7023349111558872     ,  7.8006818447655842E-003)   1.0000000000000000     
           2 (  8.4341153475550925     ,  1.6746388341406553E-002)   1.0000000000000000     
           2 (  8.5271772106949282     ,  1.0224273959983216E-003)   1.0000000000000000     
           2 (  8.9283979421811903     , -2.0074836074826944E-003)   1.0000000000000000     
           2 (  8.8913390891087065     , -1.0971253602218711E-002)   1.0000000000000000     
           2 (  9.0243299707688944     ,  4.4700363729252655E-003)   1.0000000000000000     
