   -1.000000      0.000000
  1    1        0.10838566        0.00126964       -0.00000000        0.00000000
  1    2       -0.10957866        0.00130498        0.00000000        0.00000000
  2    1       -0.10909561        0.00130500        0.00000000        0.00000000
  2    2        0.10828271        0.00125549       -0.00000000        0.00000000
   -0.500000      0.866025
  1    1        0.10913344        0.00149006       -0.00000000        0.00000000
  1    2       -0.30099899        0.00204275        0.00000000        0.00000000
  2    1       -0.10990098        0.00128167        0.00000000        0.00000000
  2    2        0.10904126        0.00135735       -0.00000000        0.00000000
    0.000000      1.732051
  1    1        0.09624040        0.00102400       -0.00000000        0.00000000
  1    2       -0.10874942        0.00124996        0.00000000        0.00000000
  2    1       -0.10864002        0.00130030        0.00000000        0.00000000
  2    2        0.09647806        0.00140322       -0.00000000        0.00000000
   -0.500000     -0.866025
  1    1        0.10866809        0.00120047       -0.00000000        0.00000000
  1    2       -0.10916703        0.00108868        0.00000000        0.00000000
  2    1       -0.30014018        0.00162231        0.00000000        0.00000000
  2    2        0.10827457        0.00099960       -0.00000000        0.00000000
    0.000000      0.000000
  1    1        0.75667587        0.00281152       -0.00000000        0.00000000
  1    2       -0.30128979        0.00208618        0.00000000        0.00000000
  2    1       -0.30128979        0.00208618        0.00000000        0.00000000
  2    2        0.75603395        0.00294449       -0.00000000        0.00000000
    0.500000      0.866025
  1    1        0.10866809        0.00120047       -0.00000000        0.00000000
  1    2       -0.30014018        0.00162231        0.00000000        0.00000000
  2    1       -0.10916703        0.00108868        0.00000000        0.00000000
  2    2        0.10827457        0.00099960        0.00000000        0.00000000
    0.500000     -0.866025
  1    1        0.10913344        0.00149006       -0.00000000        0.00000000
  1    2       -0.10990098        0.00128167        0.00000000        0.00000000
  2    1       -0.30099899        0.00204275        0.00000000        0.00000000
  2    2        0.10904126        0.00135735       -0.00000000        0.00000000
    1.000000      0.000000
  1    1        0.10838566        0.00126964       -0.00000000        0.00000000
  1    2       -0.10909561        0.00130500        0.00000000        0.00000000
  2    1       -0.10957866        0.00130498        0.00000000        0.00000000
  2    2        0.10828271        0.00125549       -0.00000000        0.00000000
    1.500000      0.866025
  1    1        0.09624040        0.00102400       -0.00000000        0.00000000
  1    2       -0.10864002        0.00130030        0.00000000        0.00000000
  2    1       -0.10874942        0.00124996       -0.00000000        0.00000000
  2    2        0.09647806        0.00140322       -0.00000000        0.00000000
