   1.0000000000000000                2           9
 (  0.0000000000000000     ,  0.0000000000000000     )
 (  0.0000000000000000     ,  0.0000000000000000     )
  -2.0943951023931953       -1.2091995761561449     
 ( 0.65689106426203225     ,  5.1810407815840642E-016)
 (-0.28942560532224587     ,-0.16363842483958621     )
 (-0.28942560532224593     , 0.16363842483958577     )
 ( 0.65895364641373255     ,  5.9211894646675012E-016)
  -2.0943951023931953        1.2091995761561449     
 ( 0.65813061129344774     ,  5.1810407815840642E-016)
 (-0.28477063322830215     , 0.16525988220894000     )
 (-0.28477063322830176     ,-0.16525988220894031     )
 ( 0.65522482162264906     ,  5.5511151231257827E-016)
   0.0000000000000000       -2.4183991523122899     
 ( 0.65995797820017321     ,  4.6876083261951055E-016)
 (  1.0514377696538600E-004,-0.33129314616100963     )
 (  1.0514377696499124E-004, 0.33129314616100963     )
 ( 0.65691548321117388     ,  6.9080543754454186E-016)
   0.0000000000000000        0.0000000000000000     
 (  1.5946050879415483     ,  9.3078152112885644E-016)
 ( -1.5478351066326044     , -7.2259517150049956E-016)
 ( -1.5478351066326044     , -7.2259517150049956E-016)
 (  1.5882882063055348     ,  7.1980740201645788E-016)
   0.0000000000000000        2.4183991523122899     
 ( 0.65995797820017321     ,  3.7007434154171886E-016)
 (  1.0514377696500359E-004, 0.33129314616100980     )
 (  1.0514377696537365E-004,-0.33129314616100952     )
 ( 0.65691548321117388     ,  3.9474596431116675E-016)
   2.0943951023931953       -1.2091995761561449     
 ( 0.65813061129344763     ,  4.6876083261951055E-016)
 (-0.28477063322830182     ,-0.16525988220894042     )
 (-0.28477063322830215     , 0.16525988220893986     )
 ( 0.65522482162264906     ,  7.5248449446816164E-016)
   2.0943951023931953        1.2091995761561449     
 ( 0.65689106426203214     ,  3.2073109600282300E-016)
 (-0.28942560532224593     , 0.16363842483958588     )
 (-0.28942560532224587     ,-0.16363842483958604     )
 ( 0.65895364641373244     ,  5.4277570092785435E-016)
   2.0943951023931953        3.6275987284684348     
 ( 0.62262068667259340     ,  7.0837767839033643E-016)
 (  5.7115569375739328E-004,  2.3716647584878301E-004)
 (  5.7115569375738092E-004, -2.3716647584938201E-004)
 ( 0.62036391228717325     ,  1.0373067480982126E-015)
   4.1887902047863905        0.0000000000000000     
 ( 0.62262068667259352     ,  4.5032564851930666E-016)
 (  5.7115569375708482E-004, -2.3716647584877664E-004)
 (  5.7115569375708482E-004,  2.3716647584891233E-004)
 ( 0.62036391228717325     ,  7.7994006905500103E-016)
   1.0000000000000000                2           9
 (  0.0000000000000000     ,  0.0000000000000000     )
 (  0.0000000000000000     ,  0.0000000000000000     )
  -2.0943951023931953       -1.2091995761561449     
 ( 0.66096934747425473     , -8.0182774000705751E-016)
 (-0.29030426724629016     ,-0.16455432859861385     )
 (-0.29030426724628938     , 0.16455432859861474     )
 ( 0.65908486390179044     , -9.4985747662374502E-016)
  -2.0943951023931953        1.2091995761561449     
 ( 0.66005001912180139     , -9.8686491077791697E-016)
 (-0.28496521038430572     , 0.16717543237284083     )
 (-0.28496521038430628     ,-0.16717543237283974     )
 ( 0.65810856703997389     , -1.0115365335473648E-015)
   0.0000000000000000       -2.4183991523122899     
 ( 0.65886301095596367     , -7.8949192862233350E-016)
 ( -3.0668485899707870E-004,-0.33083448399694082     )
 ( -3.0668485899626452E-004, 0.33083448399694071     )
 ( 0.65726771968889930     , -8.8817841970012523E-016)
   0.0000000000000000        0.0000000000000000     
 (  1.5821747804474788     , -1.9172734985161466E-015)
 ( -1.5406607715026004     ,  1.8687485155906013E-015)
 ( -1.5406607715026004     ,  1.8687485155906013E-015)
 (  1.5837959887849917     , -2.0323487431523195E-015)
   0.0000000000000000        2.4183991523122899     
 ( 0.65886301095596367     , -9.8686491077791697E-016)
 ( -3.0668485899623985E-004, 0.33083448399694093     )
 ( -3.0668485899710337E-004,-0.33083448399694060     )
 ( 0.65726771968889930     , -1.0115365335473648E-015)
   2.0943951023931953       -1.2091995761561449     
 ( 0.66005001912180139     , -9.8686491077791697E-016)
 (-0.28496521038430611     ,-0.16717543237283999     )
 (-0.28496521038430589     , 0.16717543237284063     )
 ( 0.65810856703997400     , -8.8817841970012523E-016)
   2.0943951023931953        1.2091995761561449     
 ( 0.66096934747425484     , -9.7452909939319305E-016)
 (-0.29030426724628966     , 0.16455432859861485     )
 (-0.29030426724628988     ,-0.16455432859861385     )
 ( 0.65908486390179044     , -9.9920072216264089E-016)
   2.0943951023931953        3.6275987284684348     
 ( 0.62043762269276870     , -6.2286763936543381E-016)
 ( -1.1109126659700517E-004,  2.2147573129798386E-003)
 ( -1.1109126659736290E-004, -2.2147573129803104E-003)
 ( 0.62137755751029256     , -6.5780311860888549E-016)
   4.1887902047863905        0.0000000000000000     
 ( 0.62043762269276870     , -8.4177082119656248E-016)
 ( -1.1109126659760961E-004, -2.2147573129799782E-003)
 ( -1.1109126659736290E-004,  2.2147573129797462E-003)
 ( 0.62137755751029256     , -8.5291518863287333E-016)
   1.0000000000000000                2           9
 (  0.0000000000000000     ,  0.0000000000000000     )
 (  0.0000000000000000     ,  0.0000000000000000     )
  -2.0943951023931953       -1.2091995761561449     
 ( 0.65688013589044003     ,  9.8686491077791687E-017)
 (-0.28767850667324246     ,-0.16582245822234432     )
 (-0.28767850667324241     , 0.16582245822234440     )
 ( 0.66062082904771735     ,  0.0000000000000000     )
  -2.0943951023931953        1.2091995761561449     
 ( 0.65741504054103039     ,  1.2335811384723962E-016)
 (-0.28609619781728024     , 0.16597242192432787     )
 (-0.28609619781728085     ,-0.16597242192432846     )
 ( 0.65803682432144628     , -2.4671622769447922E-017)
   0.0000000000000000       -2.4183991523122899     
 ( 0.65603418089626209     ,  2.9605947323337506E-016)
 ( -2.2725646137358416E-003,-0.32964560458153680     )
 ( -2.2725646137357614E-003, 0.32964560458153647     )
 ( 0.65930701316846363     ,  7.4014868308343765E-017)
   0.0000000000000000        0.0000000000000000     
 (  1.5695478615511109     , -5.3914449106770243E-016)
 ( -1.5297051811911297     ,  6.0899979025906337E-016)
 ( -1.5297051811911300     ,  6.0899979025906239E-016)
 (  1.5767222997858186     , -7.1921555358882940E-016)
   0.0000000000000000        2.4183991523122899     
 ( 0.65603418089626198     ,  7.4014868308343765E-017)
 ( -2.2725646137357800E-003, 0.32964560458153669     )
 ( -2.2725646137358229E-003,-0.32964560458153669     )
 ( 0.65930701316846363     , -9.8686491077791687E-017)
   2.0943951023931953       -1.2091995761561449     
 ( 0.65741504054103050     ,  1.7270135938613546E-016)
 (-0.28609619781728074     ,-0.16597242192432851     )
 (-0.28609619781728046     , 0.16597242192432782     )
 ( 0.65803682432144628     ,  2.4671622769447922E-017)
   2.0943951023931953        1.2091995761561449     
 ( 0.65688013589044003     ,  1.2335811384723961E-017)
 (-0.28767850667324252     , 0.16582245822234454     )
 (-0.28767850667324230     ,-0.16582245822234423     )
 ( 0.66062082904771746     , -1.2335811384723962E-016)
   2.0943951023931953        3.6275987284684348     
 ( 0.62031610860277364     ,  3.4982746442606368E-016)
 ( -3.2548163890814646E-004,  1.6921944411264151E-004)
 ( -3.2548163890841784E-004, -1.6921944411317903E-004)
 ( 0.62278933489305988     ,  3.1255436267025903E-016)
   4.1887902047863905        0.0000000000000000     
 ( 0.62031610860277386     ,  8.1908372928231534E-017)
 ( -3.2548163890876321E-004, -1.6921944411287765E-004)
 ( -3.2548163890845487E-004,  1.6921944411250382E-004)
 ( 0.62278933489306010     ,  1.9520982093900439E-017)
   1.0000000000000000                2           9
 (  0.0000000000000000     ,  0.0000000000000000     )
 (  0.0000000000000000     ,  0.0000000000000000     )
  -2.0943951023931953       -1.2091995761561449     
 ( 0.66204036943569899     , -1.1595662701640524E-015)
 (-0.28297719510170116     ,-0.16904402108724920     )
 (-0.28297719510170039     , 0.16904402108724970     )
 ( 0.65931749602207534     , -1.2212453270876722E-015)
  -2.0943951023931953        1.2091995761561449     
 ( 0.65792618759071564     , -1.3199318181654639E-015)
 (-0.28769733337777065     , 0.16388796793917251     )
 (-0.28769733337777115     ,-0.16388796793917096     )
 ( 0.65860653076011388     , -1.6529987255530109E-015)
   0.0000000000000000       -2.4183991523122899     
 ( 0.66393773372941356     , -1.3939466864738076E-015)
 (  2.7150921297371339E-003,-0.33678218487230144     )
 (  2.7150921297388548E-003, 0.33678218487230094     )
 ( 0.66319133523756568     , -1.3322676295501878E-015)
   0.0000000000000000        0.0000000000000000     
 (  1.6176638351300672     , -2.7146474107943259E-015)
 ( -1.5668595913441170     ,  2.6017287008222301E-015)
 ( -1.5668595913441168     ,  2.6017287008222293E-015)
 (  1.6044899506923889     , -2.6853050004915203E-015)
   0.0000000000000000        2.4183991523122899     
 ( 0.66393773372941356     , -1.5419764230904952E-015)
 (  2.7150921297388487E-003, 0.33678218487230116     )
 (  2.7150921297371647E-003,-0.33678218487230116     )
 ( 0.66319133523756579     , -1.5296406117057713E-015)
   2.0943951023931953       -1.2091995761561449     
 ( 0.65792618759071564     , -1.4186183092432557E-015)
 (-0.28769733337777115     ,-0.16388796793917093     )
 (-0.28769733337777059     , 0.16388796793917240     )
 ( 0.65860653076011377     , -1.5296406117057713E-015)
   2.0943951023931953        1.2091995761561449     
 ( 0.66204036943569888     , -1.2829243840112920E-015)
 (-0.28297719510170039     , 0.16904402108724981     )
 (-0.28297719510170111     ,-0.16904402108724909     )
 ( 0.65931749602207523     , -1.3939466864738076E-015)
   2.0943951023931953        3.6275987284684348     
 ( 0.62310763400294011     , -9.3137037648613656E-016)
 (  1.8154480708559234E-003, -5.2300501658478623E-003)
 (  1.8154480708561331E-003,  5.2300501658469742E-003)
 ( 0.62359059413985618     , -9.6631045824151430E-016)
   4.1887902047863905        0.0000000000000000     
 ( 0.62310763400294034     , -1.2402566078818000E-015)
 (  1.8154480708557506E-003,  5.2300501658473740E-003)
 (  1.8154480708556890E-003, -5.2300501658477444E-003)
 ( 0.62359059413985629     , -1.2249239125425779E-015)
   1.0000000000000000                2           9
 (  0.0000000000000000     ,  0.0000000000000000     )
 (  0.0000000000000000     ,  0.0000000000000000     )
  -2.0943951023931953       -1.2091995761561449     
 ( 0.66111917575607915     ,  8.2649936277650545E-016)
 (-0.28107848836345939     ,-0.16902056783465719     )
 (-0.28107848836345967     , 0.16902056783465555     )
 ( 0.65991839118746753     ,  1.2582527612418441E-015)
  -2.0943951023931953        1.2091995761561449     
 ( 0.66454787923690395     ,  7.7715611723760958E-016)
 (-0.28567196925789712     , 0.16704139714515337     )
 (-0.28567196925789645     ,-0.16704139714515376     )
 ( 0.65840970598342308     ,  1.1225588360098805E-015)
   0.0000000000000000       -2.4183991523122899     
 ( 0.67076943550916635     ,  1.2705885726265681E-015)
 (  7.1126699776693008E-003,-0.34249663432753102     )
 (  7.1126699776680674E-003, 0.34249663432753036     )
 ( 0.66686061947459807     ,  9.6219328800846894E-016)
   0.0000000000000000        0.0000000000000000     
 (  1.6406551786539079     ,  1.8686813214256752E-015)
 ( -1.5952157233606692     , -2.4815318888032483E-015)
 ( -1.5952157233606694     , -2.4815318888032471E-015)
 (  1.6372265511547690     ,  3.3415624955837249E-015)
   0.0000000000000000        2.4183991523122899     
 ( 0.67076943550916623     ,  1.0732155904709846E-015)
 (  7.1126699776680423E-003, 0.34249663432753069     )
 (  7.1126699776693008E-003,-0.34249663432753075     )
 ( 0.66686061947459807     ,  7.4014868308343773E-016)
   2.0943951023931953       -1.2091995761561449     
 ( 0.66454787923690395     ,  8.7584260831540131E-016)
 (-0.28567196925789656     ,-0.16704139714515381     )
 (-0.28567196925789723     , 0.16704139714515331     )
 ( 0.65840970598342308     ,  1.2212453270876722E-015)
   2.0943951023931953        1.2091995761561449     
 ( 0.66111917575607915     ,  6.5379800339037001E-016)
 (-0.28107848836345978     , 0.16902056783465566     )
 (-0.28107848836345922     ,-0.16902056783465708     )
 ( 0.65991839118746753     ,  1.1348946473946044E-015)
   2.0943951023931953        3.6275987284684348     
 ( 0.62295049182723927     ,  1.3045162947661012E-015)
 (  3.5812848090037213E-003, -5.6692385404566838E-004)
 (  3.5812848090039928E-003,  5.6692385404503065E-004)
 ( 0.62458945257791243     ,  1.1872130634720526E-015)
   4.1887902047863905        0.0000000000000000     
 ( 0.62295049182723949     ,  1.0193005255606447E-015)
 (  3.5812848090037708E-003,  5.6692385404561525E-004)
 (  3.5812848090034008E-003, -5.6692385404548244E-004)
 ( 0.62458945257791254     ,  9.0090216357835206E-016)
   1.0000000000000000                2           9
 (  0.0000000000000000     ,  0.0000000000000000     )
 (  0.0000000000000000     ,  0.0000000000000000     )
  -2.0943951023931953       -1.2091995761561449     
 ( 0.64885641862229859     , -9.8686491077791697E-016)
 (-0.27866958086025367     ,-0.16479455479187891     )
 (-0.27866958086025295     , 0.16479455479187960     )
 ( 0.64984135858061487     , -9.3752166523902110E-016)
  -2.0943951023931953        1.2091995761561449     
 ( 0.65058759479506845     , -1.1842378929335002E-015)
 (-0.28388586933514420     , 0.16414260447783460     )
 (-0.28388586933514459     ,-0.16414260447783313     )
 ( 0.65314109979840151     , -1.0362081563168128E-015)
   0.0000000000000000       -2.4183991523122899     
 ( 0.65224279279925224     , -9.4985747662374502E-016)
 (  4.8220507079983176E-003,-0.32951703123581849     )
 (  4.8220507079992864E-003, 0.32951703123581821     )
 ( 0.65208976795669482     , -9.7452909939319305E-016)
   0.0000000000000000        0.0000000000000000     
 (  1.5490037679758448     , -3.5445174911116461E-015)
 ( -1.5098182666915638     ,  3.5050064616306496E-015)
 ( -1.5098182666915634     ,  3.5050064616306496E-015)
 (  1.5505191394343598     , -3.5537709133468000E-015)
   0.0000000000000000        2.4183991523122899     
 ( 0.65224279279925201     , -1.1472304587793285E-015)
 (  4.8220507079993298E-003, 0.32951703123581866     )
 (  4.8220507079982872E-003,-0.32951703123581810     )
 ( 0.65208976795669482     , -1.1225588360098805E-015)
   2.0943951023931953       -1.2091995761561449     
 ( 0.65058759479506845     , -9.8686491077791697E-016)
 (-0.28388586933514448     ,-0.16414260447783338     )
 (-0.28388586933514426     , 0.16414260447783441     )
 ( 0.65314109979840151     , -1.0855514018557087E-015)
   2.0943951023931953        1.2091995761561449     
 ( 0.64885641862229870     , -1.0115365335473648E-015)
 (-0.27866958086025306     , 0.16479455479187977     )
 (-0.27866958086025356     ,-0.16479455479187877     )
 ( 0.64984135858061487     , -1.1102230246251565E-015)
   2.0943951023931953        3.6275987284684348     
 ( 0.61560795572090476     , -6.2342063748209213E-016)
 (  3.5029048267051222E-003, -1.1608448065799845E-003)
 (  3.5029048267050480E-003,  1.1608448065796306E-003)
 ( 0.61680548256664225     , -7.1588738665540337E-016)
   4.1887902047863905        0.0000000000000000     
 ( 0.61560795572090488     , -9.1489443302121061E-016)
 (  3.5029048267048012E-003,  1.1608448065799993E-003)
 (  3.5029048267047275E-003, -1.1608448065801051E-003)
 ( 0.61680548256664236     , -9.8274137032937154E-016)
   1.0000000000000000                2           9
 (  0.0000000000000000     ,  0.0000000000000000     )
 (  0.0000000000000000     ,  0.0000000000000000     )
  -2.0943951023931953       -1.2091995761561449     
 ( 0.66334483282772638     ,  1.1225588360098805E-015)
 (-0.29193509209056234     ,-0.16571887506718153     )
 (-0.29193509209056256     , 0.16571887506718053     )
 ( 0.66261472668668620     ,  6.2912638062092207E-016)
  -2.0943951023931953        1.2091995761561449     
 ( 0.65938475833190702     ,  5.3043988954313034E-016)
 (-0.28069103990584537     , 0.16874019438192905     )
 (-0.28069103990584532     ,-0.16874019438192919     )
 ( 0.65837404986666725     ,  5.6744732369730219E-016)
   0.0000000000000000       -2.4183991523122899     
 ( 0.66106872518733362     ,  7.8949192862233350E-016)
 (  5.1410188852941685E-003,-0.33591715671112854     )
 (  5.1410188852936750E-003, 0.33591715671112848     )
 ( 0.65953180826731783     ,  6.2912638062092207E-016)
   0.0000000000000000        0.0000000000000000     
 (  1.5995239828093146     ,  2.1504126118841044E-015)
 ( -1.5539610144133160     , -1.8455416864527683E-015)
 ( -1.5539610144133158     , -1.8455416864527695E-015)
 (  1.5942286861398560     ,  1.6846464591661536E-015)
   0.0000000000000000        2.4183991523122899     
 ( 0.66106872518733373     ,  5.4277570092785435E-016)
 (  5.1410188852936750E-003, 0.33591715671112859     )
 (  5.1410188852941685E-003,-0.33591715671112837     )
 ( 0.65953180826731783     ,  3.8241015292644283E-016)
   2.0943951023931953       -1.2091995761561449     
 ( 0.65938475833190691     ,  6.7846962615981784E-016)
 (-0.28069103990584510     ,-0.16874019438192936     )
 (-0.28069103990584554     , 0.16874019438192878     )
 ( 0.65837404986666725     ,  6.1679056923619806E-016)
   2.0943951023931953        1.2091995761561449     
 ( 0.66334483282772627     ,  9.2518585385429718E-016)
 (-0.29193509209056256     , 0.16571887506718053     )
 (-0.29193509209056218     ,-0.16571887506718150     )
 ( 0.66261472668668631     ,  4.8109664400423447E-016)
   2.0943951023931953        3.6275987284684348     
 ( 0.62238303084107605     ,  1.0323513109613359E-015)
 (  3.9083128720057824E-003,  1.8974435801310684E-003)
 (  3.9083128720058691E-003, -1.8974435801317939E-003)
 ( 0.62132904470269468     ,  8.4634821519015094E-016)
   4.1887902047863905        0.0000000000000000     
 ( 0.62238303084107616     ,  7.7473104232315462E-016)
 (  3.9083128720055604E-003, -1.8974435801313726E-003)
 (  3.9083128720055239E-003,  1.8974435801310499E-003)
 ( 0.62132904470269468     ,  6.2614251551792416E-016)
   1.0000000000000000                2           9
 (  0.0000000000000000     ,  0.0000000000000000     )
 (  0.0000000000000000     ,  0.0000000000000000     )
  -2.0943951023931953       -1.2091995761561449     
 ( 0.67208767762433774     , -4.8109664400423447E-016)
 (-0.28581291403430276     ,-0.16932525001246035     )
 (-0.28581291403430292     , 0.16932525001246088     )
 ( 0.66169824647835640     , -1.9737298215558337E-016)
  -2.0943951023931953        1.2091995761561449     
 ( 0.66079896189104792     , -5.4277570092785435E-016)
 (-0.28774102642667493     , 0.16439156436324437     )
 (-0.28774102642667471     ,-0.16439156436324368     )
 ( 0.65878833364889422     , -4.9343245538895848E-016)
   0.0000000000000000       -2.4183991523122899     
 ( 0.66329491430204812     , -5.3043988954313034E-016)
 (  2.5241899830062112E-003,-0.33242229561774012     )
 (  2.5241899830060139E-003, 0.33242229561773973     )
 ( 0.65804245952118134     , -2.4671622769447922E-017)
   0.0000000000000000        0.0000000000000000     
 (  1.6501557831455971     , -8.9063918566506019E-016)
 ( -1.6044684181909004     ,  1.1590792404645227E-015)
 ( -1.6044684181909004     ,  1.1590792404645229E-015)
 (  1.6460274892643365     , -1.3059848894400871E-015)
   0.0000000000000000        2.4183991523122899     
 ( 0.66329491430204823     , -7.2781287169871371E-016)
 (  2.5241899830060139E-003, 0.33242229561774000     )
 (  2.5241899830062112E-003,-0.33242229561774000     )
 ( 0.65804245952118146     , -1.7270135938613546E-016)
   2.0943951023931953       -1.2091995761561449     
 ( 0.66079896189104792     , -4.9343245538895848E-016)
 (-0.28774102642667454     ,-0.16439156436324381     )
 (-0.28774102642667493     , 0.16439156436324412     )
 ( 0.65878833364889411     , -2.7138785046392718E-016)
   2.0943951023931953        1.2091995761561449     
 ( 0.67208767762433785     , -5.3043988954313034E-016)
 (-0.28581291403430287     , 0.16932525001246101     )
 (-0.28581291403430270     ,-0.16932525001246035     )
 ( 0.66169824647835651     , -3.4540271877227093E-016)
   2.0943951023931953        3.6275987284684348     
 ( 0.62488226102556355     , -2.8520678082901101E-016)
 (  3.2570255311692689E-003, -1.9866633675782409E-003)
 (  3.2570255311688248E-003,  1.9866633675776233E-003)
 ( 0.62739484339462781     ,  1.9987137465390834E-016)
   4.1887902047863905        0.0000000000000000     
 ( 0.62488226102556366     , -5.4709494643979360E-016)
 (  3.2570255311684792E-003,  1.9866633675781533E-003)
 (  3.2570255311690469E-003, -1.9866633675781485E-003)
 ( 0.62739484339462781     , -1.1319061021562402E-016)
   1.0000000000000000                2           9
 (  0.0000000000000000     ,  0.0000000000000000     )
 (  0.0000000000000000     ,  0.0000000000000000     )
  -2.0943951023931953       -1.2091995761561449     
 ( 0.66234079820191749     , -6.1679056923619811E-017)
 (-0.28973323963461967     ,-0.16206730806140254     )
 (-0.28973323963461994     , 0.16206730806140304     )
 ( 0.66174120777047862     , -4.1941758708061468E-016)
  -2.0943951023931953        1.2091995761561449     
 ( 0.66316834100965860     , -6.1679056923619811E-017)
 (-0.27953067090956207     , 0.17095221060568228     )
 (-0.27953067090956213     ,-0.17095221060568205     )
 ( 0.65863388391893551     , -3.3306690738754696E-016)
   0.0000000000000000       -2.4183991523122899     
 ( 0.66256059113328858     ,  1.7270135938613546E-016)
 (  5.1931678574245062E-004,-0.33387059648505474     )
 (  5.1931678574241983E-004, 0.33387059648505463     )
 ( 0.66195981837083773     , -2.2204460492503131E-016)
   0.0000000000000000        0.0000000000000000     
 (  1.6176960499541264     ,  3.3403552099150756E-016)
 ( -1.5685885314728745     ,  1.2083763861399070E-016)
 ( -1.5685885314728745     ,  1.2083763861398960E-016)
 (  1.6094696003343563     , -3.7346346585166210E-016)
   0.0000000000000000        2.4183991523122899     
 ( 0.66256059113328847     , -4.9343245538895844E-017)
 (  5.1931678574245062E-004, 0.33387059648505485     )
 (  5.1931678574241983E-004,-0.33387059648505457     )
 ( 0.66195981837083773     , -4.6876083261951055E-016)
   2.0943951023931953       -1.2091995761561449     
 ( 0.66316834100965871     , -6.1679056923619811E-017)
 (-0.27953067090956218     ,-0.17095221060568219     )
 (-0.27953067090956207     , 0.17095221060568211     )
 ( 0.65863388391893551     , -2.0970879354030734E-016)
   2.0943951023931953        1.2091995761561449     
 ( 0.66234079820191771     , -1.1102230246251565E-016)
 (-0.28973323963462000     , 0.16206730806140315     )
 (-0.28973323963461961     ,-0.16206730806140240     )
 ( 0.66174120777047862     , -5.6744732369730219E-016)
   2.0943951023931953        3.6275987284684348     
 ( 0.61946625435060376     ,  2.6899139684568786E-016)
 (  4.2499540185447276E-003,  2.4396343039343395E-003)
 (  4.2499540185445056E-003, -2.4396343039347831E-003)
 ( 0.62649134265822615     , -7.0454573066297193E-017)
   4.1887902047863905        0.0000000000000000     
 ( 0.61946625435060376     , -6.3439853909389817E-017)
 (  4.2499540185441846E-003, -2.4396343039342298E-003)
 (  4.2499540185444813E-003,  2.4396343039345490E-003)
 ( 0.62649134265822637     , -2.8066838244716380E-016)
   1.0000000000000000                2           9
 (  0.0000000000000000     ,  0.0000000000000000     )
 (  0.0000000000000000     ,  0.0000000000000000     )
  -2.0943951023931953       -1.2091995761561449     
 ( 0.66660550446528344     , -4.9343245538895848E-016)
 (-0.28829574446400419     ,-0.16820491963534737     )
 (-0.28829574446400424     , 0.16820491963534798     )
 ( 0.65767232997906078     , -7.5248449446816164E-016)
  -2.0943951023931953        1.2091995761561449     
 ( 0.66223552897437288     , -4.8109664400423447E-016)
 (-0.29317537836338547     , 0.16631327305808680     )
 (-0.29317537836338570     ,-0.16631327305808660     )
 ( 0.66094746346752298     , -7.0314124892926578E-016)
   0.0000000000000000       -2.4183991523122899     
 ( 0.66264212867692196     , -3.4540271877227093E-016)
 ( -3.9970041613156850E-003,-0.33021294131479517     )
 ( -3.9970041613153640E-003, 0.33021294131479551     )
 ( 0.66181129441857611     , -7.6482030585288566E-016)
   0.0000000000000000        0.0000000000000000     
 (  1.6054641924286637     , -1.3618998476632190E-015)
 ( -1.5620018119999655     ,  1.5046309162082028E-015)
 ( -1.5620018119999655     ,  1.5046309162082026E-015)
 (  1.6043749067912036     , -1.7806543800530803E-015)
   0.0000000000000000        2.4183991523122899     
 ( 0.66264212867692196     , -5.6744732369730219E-016)
 ( -3.9970041613153267E-003, 0.33021294131479567     )
 ( -3.9970041613157335E-003,-0.33021294131479495     )
 ( 0.66181129441857611     , -9.8686491077791697E-016)
   2.0943951023931953       -1.2091995761561449     
 ( 0.66223552897437288     , -4.0708177569589072E-016)
 (-0.29317537836338586     ,-0.16631327305808663     )
 (-0.29317537836338547     , 0.16631327305808685     )
 ( 0.66094746346752287     , -6.5379800339037001E-016)
   2.0943951023931953        1.2091995761561449     
 ( 0.66660550446528344     , -6.1679056923619806E-016)
 (-0.28829574446400413     , 0.16820491963534817     )
 (-0.28829574446400430     ,-0.16820491963534717     )
 ( 0.65767232997906067     , -8.2649936277650545E-016)
   2.0943951023931953        3.6275987284684348     
 ( 0.62772509500362683     , -2.6104162090701664E-016)
 ( -5.3927367734231367E-003, -3.0753652372732423E-003)
 ( -5.3927367734233960E-003,  3.0753652372724708E-003)
 ( 0.61985737761574444     , -5.8699260089890269E-016)
   4.1887902047863905        0.0000000000000000     
 ( 0.62772509500362672     , -5.6888734219884608E-016)
 ( -5.3927367734237413E-003,  3.0753652372731881E-003)
 ( -5.3927367734233960E-003, -3.0753652372729995E-003)
 ( 0.61985737761574455     , -9.0660445138151393E-016)
   1.0000000000000000                2           9
 (  0.0000000000000000     ,  0.0000000000000000     )
 (  0.0000000000000000     ,  0.0000000000000000     )
  -2.0943951023931953       -1.2091995761561449     
 ( 0.66400234527808000     , -4.6876083261951055E-016)
 (-0.30071742655952005     ,-0.16475752685225922     )
 (-0.30071742655951955     , 0.16475752685226069     )
 ( 0.67840990393263945     , -1.7886926507849744E-015)
  -2.0943951023931953        1.2091995761561449     
 ( 0.66317220808684640     , -5.7978313508202620E-016)
 (-0.28617723005686124     , 0.16533000558618494     )
 (-0.28617723005686074     ,-0.16533000558618433     )
 ( 0.66164282909951211     , -4.4408920985006262E-016)
   0.0000000000000000       -2.4183991523122899     
 ( 0.66147782575891256     , -6.7846962615981784E-016)
 (  9.6428600707761561E-005,-0.33512954380975113     )
 (  9.6428600709112341E-005, 0.33512954380975085     )
 ( 0.66521077497853032     , -9.0051423108484915E-016)
   0.0000000000000000        0.0000000000000000     
 (  1.6288396240603769     , -3.9464942797643696E-015)
 ( -1.5936837190522415     ,  4.3477058265610671E-015)
 ( -1.5936837190522413     ,  4.3477058265610664E-015)
 (  1.6447432532874939     , -4.8363167895881060E-015)
   0.0000000000000000        2.4183991523122899     
 ( 0.66147782575891256     , -9.0051423108484915E-016)
 (  9.6428600709069163E-005, 0.33512954380975113     )
 (  9.6428600707792407E-005,-0.33512954380975091     )
 ( 0.66521077497853032     , -1.0978872132404326E-015)
   2.0943951023931953       -1.2091995761561449     
 ( 0.66317220808684629     , -3.8241015292644283E-016)
 (-0.28617723005686080     ,-0.16533000558618438     )
 (-0.28617723005686124     , 0.16533000558618488     )
 ( 0.66164282909951233     , -3.7007434154171886E-016)
   2.0943951023931953        1.2091995761561449     
 ( 0.66400234527807978     , -6.1679056923619806E-016)
 (-0.30071742655951950     , 0.16475752685226094     )
 (-0.30071742655952016     ,-0.16475752685225897     )
 ( 0.67840990393263956     , -1.9367223874016618E-015)
   2.0943951023931953        3.6275987284684348     
 ( 0.62526570834780681     , -3.7463923468255857E-016)
 (  3.2269154274010927E-003,  2.7087039468729136E-003)
 (  3.2269154274009817E-003, -2.7087039468747767E-003)
 ( 0.63549812895492153     , -8.5256601338726144E-016)
   4.1887902047863905        0.0000000000000000     
 ( 0.62526570834780681     , -6.3524249332267798E-016)
 (  3.2269154274006981E-003, -2.7087039468742398E-003)
 (  3.2269154274007844E-003,  2.7087039468730676E-003)
 ( 0.63549812895492153     , -1.1521264888925922E-015)
   1.0000000000000000                2           9
 (  0.0000000000000000     ,  0.0000000000000000     )
 (  0.0000000000000000     ,  0.0000000000000000     )
  -2.0943951023931953       -1.2091995761561449     
 ( 0.66228490137738094     ,  7.0314124892926578E-016)
 (-0.28924316634153241     ,-0.16568989696729006     )
 (-0.28924316634153241     , 0.16568989696728942     )
 ( 0.66523884280641565     ,  5.0576826677368240E-016)
  -2.0943951023931953        1.2091995761561449     
 ( 0.66648734506856144     ,  5.3043988954313034E-016)
 (-0.28751465988688724     , 0.17105745931237448     )
 (-0.28751465988688740     ,-0.17105745931237504     )
 ( 0.66327660378284081     ,  3.3306690738754696E-016)
   0.0000000000000000       -2.4183991523122899     
 ( 0.66218623338214977     ,  7.5248449446816164E-016)
 (  1.6450267416654575E-003,-0.33499251999563906     )
 (  1.6450267416652602E-003, 0.33499251999563889     )
 ( 0.66367463749697309     ,  4.5642502123478653E-016)
   0.0000000000000000        0.0000000000000000     
 (  1.6337157229043437     ,  2.2738809430226417E-015)
 ( -1.5821744836791867     , -2.1076203074685411E-015)
 ( -1.5821744836791867     , -2.1076203074685423E-015)
 (  1.6220185640254277     ,  2.5621622018850512E-015)
   0.0000000000000000        2.4183991523122899     
 ( 0.66218623338214977     ,  5.3043988954313034E-016)
 (  1.6450267416651737E-003, 0.33499251999563917     )
 (  1.6450267416655562E-003,-0.33499251999563884     )
 ( 0.66367463749697309     ,  2.8372366184865109E-016)
   2.0943951023931953       -1.2091995761561449     
 ( 0.66648734506856144     ,  6.0445475785147414E-016)
 (-0.28751465988688713     ,-0.17105745931237518     )
 (-0.28751465988688740     , 0.17105745931237434     )
 ( 0.66327660378284081     ,  4.5642502123478653E-016)
   2.0943951023931953        1.2091995761561449     
 ( 0.66228490137738083     ,  5.3043988954313034E-016)
 (-0.28924316634153258     , 0.16568989696728950     )
 (-0.28924316634153224     ,-0.16568989696729000     )
 ( 0.66523884280641576     ,  3.3306690738754696E-016)
   2.0943951023931953        3.6275987284684348     
 ( 0.62949716833583758     ,  1.0781566588007373E-015)
 (  3.6909800183205898E-003,  6.5027849754463419E-004)
 (  3.6909800183205898E-003, -6.5027849754539053E-004)
 ( 0.62769282161115036     ,  8.2857124782216601E-016)
   4.1887902047863905        0.0000000000000000     
 ( 0.62949716833583769     ,  8.0412878880069943E-016)
 (  3.6909800183202940E-003, -6.5027849754502700E-004)
 (  3.6909800183202693E-003,  6.5027849754456676E-004)
 ( 0.62769282161115025     ,  5.4383958999927016E-016)
   1.0000000000000000                2           9
 (  0.0000000000000000     ,  0.0000000000000000     )
 (  0.0000000000000000     ,  0.0000000000000000     )
  -2.0943951023931953       -1.2091995761561449     
 ( 0.65926841855218521     , -7.7715611723760958E-016)
 (-0.28969344566631150     ,-0.16412795352513079     )
 (-0.28969344566631139     , 0.16412795352513182     )
 ( 0.65806292782668174     , -7.4014868308343773E-016)
  -2.0943951023931953        1.2091995761561449     
 ( 0.66025547577850618     , -8.7584260831540131E-016)
 (-0.29104515480339987     , 0.16312105420898321     )
 (-0.29104515480340021     ,-0.16312105420898237     )
 ( 0.65867953253470135     , -8.2649936277650545E-016)
   0.0000000000000000       -2.4183991523122899     
 ( 0.65754242757909054     , -7.2781287169871371E-016)
 ( -9.0364216767824003E-003,-0.32672101928294672     )
 ( -9.0364216767816405E-003, 0.32672101928294683     )
 ( 0.65799657535915712     , -7.2781287169871371E-016)
   0.0000000000000000        0.0000000000000000     
 (  1.5719803658401188     , -1.9102828652198423E-015)
 ( -1.5289467241477539     ,  1.7128805288018079E-015)
 ( -1.5289467241477541     ,  1.7128805288018079E-015)
 (  1.5739733636381137     , -1.6740473887795897E-015)
   0.0000000000000000        2.4183991523122899     
 ( 0.65754242757909054     , -9.4985747662374502E-016)
 ( -9.0364216767816717E-003, 0.32672101928294711     )
 ( -9.0364216767823934E-003,-0.32672101928294650     )
 ( 0.65799657535915734     , -9.2518585385429718E-016)
   2.0943951023931953       -1.2091995761561449     
 ( 0.66025547577850618     , -7.7715611723760958E-016)
 (-0.29104515480340021     ,-0.16312105420898246     )
 (-0.29104515480339999     , 0.16312105420898312     )
 ( 0.65867953253470124     , -7.5248449446816164E-016)
   2.0943951023931953        1.2091995761561449     
 ( 0.65926841855218510     , -9.0051423108484915E-016)
 (-0.28969344566631139     , 0.16412795352513193     )
 (-0.28969344566631161     ,-0.16412795352513068     )
 ( 0.65806292782668185     , -8.6350679693067730E-016)
   2.0943951023931953        3.6275987284684348     
 ( 0.62225024142991892     , -5.2825241972853099E-016)
 ( -3.1361730728952037E-003, -1.4894760366552472E-003)
 ( -3.1361730728953147E-003,  1.4894760366545446E-003)
 ( 0.62086805065531747     , -4.7789246712771791E-016)
   4.1887902047863905        0.0000000000000000     
 ( 0.62225024142991925     , -7.9612846470803801E-016)
 ( -3.1361730728956352E-003,  1.4894760366550475E-003)
 ( -3.1361730728954752E-003, -1.4894760366551069E-003)
 ( 0.62086805065531769     , -8.1993692696763744E-016)
   1.0000000000000000                2           9
 (  0.0000000000000000     ,  0.0000000000000000     )
 (  0.0000000000000000     ,  0.0000000000000000     )
  -2.0943951023931953       -1.2091995761561449     
 ( 0.66029603409676008     , -4.4408920985006262E-016)
 (-0.29607568911778048     ,-0.16102232800172192     )
 (-0.29607568911778032     , 0.16102232800172217     )
 ( 0.65990820225898794     , -4.0708177569589072E-016)
  -2.0943951023931953        1.2091995761561449     
 ( 0.66147120080771771     , -3.9474596431116675E-016)
 (-0.29062609616349633     , 0.16349362069435733     )
 (-0.29062609616349622     ,-0.16349362069435636     )
 ( 0.65657538324804199     , -5.0576826677368240E-016)
   0.0000000000000000       -2.4183991523122899     
 ( 0.65592100649817831     , -4.0708177569589072E-016)
 ( -1.0757676196611783E-002,-0.32139451861336266     )
 ( -1.0757676196611356E-002, 0.32139451861336255     )
 ( 0.65265284166503257     , -3.7007434154171886E-016)
   0.0000000000000000        0.0000000000000000     
 (  1.5886242694707735     , -5.0304029871683346E-016)
 ( -1.5441890705219812     ,  6.1640482463976177E-016)
 ( -1.5441890705219810     ,  6.1640482463976227E-016)
 (  1.5867065389711859     , -7.4422957512994624E-016)
   0.0000000000000000        2.4183991523122899     
 ( 0.65592100649817842     , -5.0576826677368240E-016)
 ( -1.0757676196611436E-002, 0.32139451861336277     )
 ( -1.0757676196611714E-002,-0.32139451861336243     )
 ( 0.65265284166503268     , -6.4146219200564599E-016)
   2.0943951023931953       -1.2091995761561449     
 ( 0.66147120080771760     , -3.4540271877227093E-016)
 (-0.29062609616349616     ,-0.16349362069435647     )
 (-0.29062609616349644     , 0.16349362069435727     )
 ( 0.65657538324804199     , -4.8109664400423447E-016)
   2.0943951023931953        1.2091995761561449     
 ( 0.66029603409675985     , -6.6613381477509392E-016)
 (-0.29607568911778032     , 0.16102232800172234     )
 (-0.29607568911778048     ,-0.16102232800172175     )
 ( 0.65990820225898805     , -4.5642502123478653E-016)
   2.0943951023931953        3.6275987284684348     
 ( 0.62397390642454253     , -5.1349584989985885E-017)
 ( -4.7756506590213021E-003, -8.1399175375993307E-004)
 ( -4.7756506590208459E-003,  8.1399175375950839E-004)
 ( 0.61870124850244990     , -1.4070366085879991E-016)
   4.1887902047863905        0.0000000000000000     
 ( 0.62397390642454265     , -3.3348279964910430E-016)
 ( -4.7756506590211911E-003,  8.1399175376000127E-004)
 ( -4.7756506590215858E-003, -8.1399175375989176E-004)
 ( 0.61870124850244990     , -4.1011507836015391E-016)
   1.0000000000000000                2           9
 (  0.0000000000000000     ,  0.0000000000000000     )
 (  0.0000000000000000     ,  0.0000000000000000     )
  -2.0943951023931953       -1.2091995761561449     
 ( 0.65739902215274448     , -4.6876083261951055E-016)
 (-0.28486672758323150     ,-0.16493148200471744     )
 (-0.28486672758323139     , 0.16493148200471777     )
 ( 0.65562357557205908     , -3.5773853015699490E-016)
  -2.0943951023931953        1.2091995761561449     
 ( 0.65496405596452556     , -6.1679056923619806E-016)
 (-0.29076454964894821     , 0.16254599504934697     )
 (-0.29076454964894843     ,-0.16254599504934658     )
 ( 0.65775148462188515     , -4.6876083261951055E-016)
   0.0000000000000000       -2.4183991523122899     
 ( 0.65511607998344301     , -3.4540271877227093E-016)
 ( -2.6144918659962652E-003,-0.32770833730650784     )
 ( -2.6144918659959013E-003, 0.32770833730650778     )
 ( 0.65508483878479684     , -4.0708177569589072E-016)
   0.0000000000000000        0.0000000000000000     
 (  1.5703066287146308     , -1.2942532610016416E-015)
 ( -1.5277746254194526     ,  1.0664319364548752E-015)
 ( -1.5277746254194524     ,  1.0664319364548752E-015)
 (  1.5698101960255126     , -8.0625633210600843E-016)
   0.0000000000000000        2.4183991523122899     
 ( 0.65511607998344301     , -4.6876083261951055E-016)
 ( -2.6144918659958211E-003, 0.32770833730650811     )
 ( -2.6144918659963454E-003,-0.32770833730650761     )
 ( 0.65508483878479673     , -6.0445475785147414E-016)
   2.0943951023931953       -1.2091995761561449     
 ( 0.65496405596452556     , -4.6876083261951055E-016)
 (-0.29076454964894860     ,-0.16254599504934675     )
 (-0.29076454964894810     , 0.16254599504934683     )
 ( 0.65775148462188526     , -3.4540271877227093E-016)
   2.0943951023931953        1.2091995761561449     
 ( 0.65739902215274437     , -7.1547706031398979E-016)
 (-0.28486672758323139     , 0.16493148200471797     )
 (-0.28486672758323156     ,-0.16493148200471730     )
 ( 0.65562357557205919     , -5.5511151231257827E-016)
   2.0943951023931953        3.6275987284684348     
 ( 0.61864315476742671     , -9.2096959873635872E-017)
 ( -9.1668589115240847E-004, -2.2717541006413429E-003)
 ( -9.1668589115244544E-004,  2.2717541006407349E-003)
 ( 0.61927688309090578     , -9.6977351472291952E-017)
   4.1887902047863905        0.0000000000000000     
 ( 0.61864315476742682     , -3.8471363448292483E-016)
 ( -9.1668589115279087E-004,  2.2717541006413268E-003)
 ( -9.1668589115269220E-004, -2.2717541006412162E-003)
 ( 0.61927688309090589     , -4.2658076400877984E-016)
