   -2.094395     -1.209200
  1    1        0.66164860        0.00228752       -0.00000000        0.00000000
  1    2       -0.28950430        0.00170684       -0.16506401        0.00065314
  2    1       -0.28950430        0.00170684        0.16506401        0.00065314
  2    2        0.66108113        0.00228743       -0.00000000        0.00000000
   -2.094395      1.209200
  1    1        0.66025255        0.00177849       -0.00000000        0.00000000
  1    2       -0.28711517        0.00192785        0.16600880        0.00090449
  2    1       -0.28711517        0.00192785       -0.16600880        0.00090449
  2    2        0.65878107        0.00119662       -0.00000000        0.00000000
    0.000000     -2.418399
  1    1        0.65940527        0.00162659       -0.00000000        0.00000000
  1    2       -0.00116576        0.00227077       -0.33078860        0.00179809
  2    1       -0.00116576        0.00227077        0.33078860        0.00179809
  2    2        0.65880548        0.00195307       -0.00000000        0.00000000
    0.000000      0.000000
  1    1        1.60153104        0.01256374       -0.00000000        0.00000000
  1    2       -1.55756067        0.01219412        0.00000000        0.00000000
  2    1       -1.55756067        0.01219412        0.00000000        0.00000000
  2    2        1.60018717        0.01277906       -0.00000000        0.00000000
    0.000000      2.418399
  1    1        0.65940527        0.00162659       -0.00000000        0.00000000
  1    2       -0.00116576        0.00227077        0.33078860        0.00179809
  2    1       -0.00116576        0.00227077       -0.33078860        0.00179809
  2    2        0.65880548        0.00195307       -0.00000000        0.00000000
    2.094395     -1.209200
  1    1        0.66025255        0.00177849       -0.00000000        0.00000000
  1    2       -0.28711517        0.00192785       -0.16600880        0.00090449
  2    1       -0.28711517        0.00192785        0.16600880        0.00090449
  2    2        0.65878107        0.00119662       -0.00000000        0.00000000
    2.094395      1.209200
  1    1        0.66164860        0.00228752       -0.00000000        0.00000000
  1    2       -0.28950430        0.00170684        0.16506401        0.00065314
  2    1       -0.28950430        0.00170684       -0.16506401        0.00065314
  2    2        0.66108113        0.00228743       -0.00000000        0.00000000
    2.094395      3.627599
  1    1        0.62296948        0.00158213        0.00000000        0.00000000
  1    2        0.00076148        0.00146354       -0.00031020        0.00037881
  2    1        0.00076148        0.00146354        0.00031020        0.00037881
  2    2        0.62339152        0.00208950       -0.00000000        0.00000000
    4.188790      0.000000
  1    1        0.62296948        0.00158213       -0.00000000        0.00000000
  1    2        0.00076148        0.00146354        0.00031020        0.00037881
  2    1        0.00076148        0.00146354       -0.00031020        0.00037881
  2    2        0.62339152        0.00208950       -0.00000000        0.00000000
