     0.0000000        0.17921327        0.01382923
     0.1000000        0.09277853        0.01997222
     0.2000000        0.04221406        0.02578032
     0.3000000        0.01602836        0.02567960
     0.4000000        0.00651827        0.01229798
     0.5000000        0.00584235        0.00100024
     0.6000000        0.00576216        0.00820449
     0.7000000       -0.00064745        0.00043700
     0.8000000       -0.00291809        0.00481124
     0.9000000       -0.00315145        0.00670538
     1.0000000       -0.00297287        0.00355087
     1.1000000        0.00115879        0.00563995
     1.2000000        0.00087186        0.00696103
     1.3000000       -0.00056033        0.00725952
     1.4000000        0.00107814        0.00843817
     1.5000000       -0.00261033        0.00154295
     1.6000000       -0.00545988        0.00379891
     1.7000000       -0.00590520        0.00567209
     1.8000000       -0.00544961        0.00513839
     1.9000000       -0.00437409        0.00793081
     2.0000000       -0.00424456        0.00535032
     2.1000000       -0.00176576        0.00344996
     2.2000000       -0.00061873        0.00328768
     2.3000000       -0.00011888        0.00195676
     2.4000000        0.00083474        0.00033418
     2.5000000        0.00112524        0.00366856
     2.6000000       -0.00049328        0.00094262
     2.7000000       -0.00168412        0.00261608
     2.8000000       -0.00267177        0.00317430
     2.9000000       -0.00319188        0.00239235
     3.0000000       -0.00399146        0.00277422
     3.1000000       -0.00409465        0.00324163
     3.2000000       -0.00728172        0.00654333
     3.3000000       -0.00619809        0.00520909
     3.4000000       -0.00540600        0.00566105
     3.5000000       -0.00451939        0.00473698
     3.6000000       -0.00252972        0.00194291
     3.7000000       -0.00112109        0.00006171
     3.8000000       -0.00039339        0.00303430
     3.9000000       -0.00112449        0.00352566
     4.0000000       -0.00106615        0.00305789
     4.1000000       -0.00227900        0.00382562
     4.2000000       -0.00174552        0.00416800
     4.3000000        0.00100227        0.00622092
     4.4000000        0.00231902        0.00631886
     4.5000000        0.00231302        0.00495993
     4.6000000        0.00349159        0.00560233
     4.7000000        0.00429247        0.00103276
     4.8000000        0.00162289        0.00282882
     4.9000000        0.00043464        0.00475416
     5.0000000       -0.00162774        0.00486779
     5.1000000       -0.00213149        0.00396226
     5.2000000       -0.00301684        0.00453918
     5.3000000       -0.00336049        0.00737559
     5.4000000       -0.00205499        0.00936004
     5.5000000       -0.00290726        0.00836018
     5.6000000       -0.00589638        0.00749177
     5.7000000       -0.00694567        0.00575815
     5.8000000       -0.00906103        0.00590768
     5.9000000       -0.00723541        0.00378819
     6.0000000       -0.00538065        0.00140545
     6.1000000       -0.00222326        0.00060760
     6.2000000        0.00059536        0.00132393
     6.3000000        0.00116641        0.00275951
     6.4000000        0.00197664        0.00109612
     6.5000000        0.00317229        0.00059673
     6.6000000        0.00411226        0.00016832
     6.7000000        0.00372469        0.00120347
     6.8000000        0.00599052        0.00121093
     6.9000000        0.00705779        0.00113150
     7.0000000        0.00659874        0.00280992
     7.1000000        0.00664309        0.00002685
     7.2000000        0.00489581        0.00041350
     7.3000000        0.00485536        0.00175839
     7.4000000        0.00501129        0.00265320
     7.5000000        0.00551611        0.00141030
     7.6000000        0.00516732        0.00274916
     7.7000000        0.00727860        0.00484550
     7.8000000        0.00748936        0.00587732
     7.9000000        0.00729693        0.00788315
     8.0000000        0.00564907        0.00744908
     8.1000000        0.00365140        0.00587997
     8.2000000        0.00168460        0.00505253
     8.3000000        0.00162920        0.00517809
     8.4000000        0.00084746        0.00517989
     8.5000000       -0.00057084        0.00212506
     8.6000000       -0.00148837        0.00172783
     8.7000000       -0.00350877        0.00515394
     8.8000000       -0.00596136        0.00626191
     8.9000000       -0.00810358        0.00591624
     9.0000000       -0.00935705        0.00835823
     9.1000000       -0.00514806        0.00490537
     9.2000000        0.00075967        0.00072334
     9.3000000        0.00184126        0.00184308
     9.4000000        0.00601649        0.00401500
     9.5000000        0.01026585        0.00481074
     9.6000000        0.02195197        0.00042045
     9.7000000        0.03788395        0.00123544
     9.8000000        0.06259832        0.00118199
     9.9000000        0.10287789        0.00009391
    10.0000000        0.17921327        0.01382923
