     0.0000000        0.80846431        0.02214512
     0.1000000        0.64378851        0.02319265
     0.2000000        0.52809630        0.02360266
     0.3000000        0.44011466        0.02379586
     0.4000000        0.37059275        0.02375074
     0.5000000        0.32122565        0.02352990
     0.6000000        0.27675096        0.02332224
     0.7000000        0.24052266        0.02261845
     0.8000000        0.21252836        0.02146586
     0.9000000        0.19138970        0.01943004
     1.0000000        0.17117609        0.01832868
     1.1000000        0.15522468        0.01746744
     1.2000000        0.13972855        0.01784082
     1.3000000        0.12272623        0.01780079
     1.4000000        0.10969741        0.01676607
     1.5000000        0.09826350        0.01518811
     1.6000000        0.09158738        0.01406362
     1.7000000        0.08389113        0.01248299
     1.8000000        0.07463520        0.01092652
     1.9000000        0.06404613        0.00851729
     2.0000000        0.05497376        0.00689126
     2.1000000        0.05060201        0.00827972
     2.2000000        0.04586150        0.00866428
     2.3000000        0.04270143        0.00875663
     2.4000000        0.03723459        0.00958960
     2.5000000        0.03000408        0.00930100
     2.6000000        0.02388570        0.00785504
     2.7000000        0.01987366        0.00753071
     2.8000000        0.01629785        0.00689198
     2.9000000        0.01129220        0.00629491
     3.0000000        0.00650431        0.00636805
     3.1000000       -0.00062158        0.00697729
     3.2000000       -0.00555369        0.00674799
     3.3000000       -0.00314061        0.00586502
     3.4000000       -0.00166122        0.00478862
     3.5000000       -0.00178640        0.00541159
     3.6000000       -0.00232244        0.00646906
     3.7000000       -0.00198522        0.00781844
     3.8000000       -0.00445602        0.00969128
     3.9000000       -0.00670489        0.01024460
     4.0000000       -0.00567774        0.00981055
     4.1000000       -0.00551094        0.00973629
     4.2000000       -0.00788640        0.00941857
     4.3000000       -0.00677490        0.00931297
     4.4000000       -0.00803067        0.00938323
     4.5000000       -0.00336074        0.00892598
     4.6000000       -0.00108074        0.00779998
     4.7000000        0.00170217        0.00822205
     4.8000000        0.00456892        0.00760054
     4.9000000        0.00453215        0.00865830
     5.0000000        0.00694478        0.00768508
     5.1000000        0.00686637        0.00667202
     5.2000000        0.00649575        0.00700865
     5.3000000        0.00596189        0.00723917
     5.4000000        0.00593098        0.00681824
     5.5000000        0.00507909        0.00741901
     5.6000000        0.00632552        0.00703492
     5.7000000        0.00685570        0.00662498
     5.8000000        0.00828292        0.00694905
     5.9000000        0.00728961        0.00553536
     6.0000000        0.00715128        0.00592606
     6.1000000        0.00625918        0.00689103
     6.2000000        0.00685662        0.00768655
     6.3000000        0.00969431        0.00722717
     6.4000000        0.00897974        0.00767179
     6.5000000        0.00923460        0.00691022
     6.6000000        0.00893408        0.00595259
     6.7000000        0.00704092        0.00514679
     6.8000000        0.00639608        0.00509849
     6.9000000        0.00654665        0.00514053
     7.0000000        0.00669606        0.00499617
     7.1000000        0.00555155        0.00570840
     7.2000000        0.00747677        0.00715183
     7.3000000        0.00845044        0.00864270
     7.4000000        0.00783685        0.00907285
     7.5000000        0.01009154        0.00888619
     7.6000000        0.01087114        0.00843559
     7.7000000        0.01531453        0.00843617
     7.8000000        0.02181716        0.00850196
     7.9000000        0.02816917        0.00823929
     8.0000000        0.02991641        0.00903577
     8.1000000        0.03516085        0.00817637
     8.2000000        0.03874978        0.00797287
     8.3000000        0.04709651        0.00787736
     8.4000000        0.05523100        0.00873507
     8.5000000        0.06619591        0.00974276
     8.6000000        0.08027405        0.00978763
     8.7000000        0.09566409        0.00997754
     8.8000000        0.11450918        0.01063994
     8.9000000        0.13100221        0.01082335
     9.0000000        0.15456145        0.01152985
     9.1000000        0.17620668        0.01185916
     9.2000000        0.20573150        0.01152742
     9.3000000        0.23596685        0.01196065
     9.4000000        0.27338953        0.01357293
     9.5000000        0.31658466        0.01512323
     9.6000000        0.37000522        0.01634118
     9.7000000        0.43846277        0.01817547
     9.8000000        0.52479288        0.02011937
     9.9000000        0.64240197        0.02148698
    10.0000000        0.80846431        0.02214512
