     0.0000000        2.00000000        0.00000000
     0.1000000        1.58883082        0.00074414
     0.2000000        1.27587700        0.00169928
     0.3000000        1.03103466        0.00175951
     0.4000000        0.84130442        0.00208383
     0.5000000        0.68879788        0.00217012
     0.6000000        0.56474070        0.00212910
     0.7000000        0.46508974        0.00216612
     0.8000000        0.38452554        0.00191076
     0.9000000        0.31721141        0.00144564
     1.0000000        0.26455961        0.00159109
     1.1000000        0.21994530        0.00119560
     1.2000000        0.18279797        0.00155698
     1.3000000        0.15161619        0.00172066
     1.4000000        0.12964081        0.00239313
     1.5000000        0.10834851        0.00186989
     1.6000000        0.09093555        0.00176448
     1.7000000        0.07590274        0.00142963
     1.8000000        0.06323010        0.00107761
     1.9000000        0.05237526        0.00110641
     2.0000000        0.04530620        0.00108035
     2.1000000        0.03871495        0.00106612
     2.2000000        0.03271371        0.00174378
     2.3000000        0.02699191        0.00202909
     2.4000000        0.02328521        0.00242204
     2.5000000        0.01911902        0.00196791
     2.6000000        0.01570588        0.00141829
     2.7000000        0.01297302        0.00126755
     2.8000000        0.01068794        0.00125074
     2.9000000        0.00878787        0.00164814
     3.0000000        0.00759142        0.00158433
     3.1000000        0.00641290        0.00212343
     3.2000000        0.00411893        0.00122555
     3.3000000        0.00274760        0.00138649
     3.4000000        0.00348818        0.00131334
     3.5000000        0.00233232        0.00136342
     3.6000000        0.00210713        0.00157018
     3.7000000        0.00313412        0.00204091
     3.8000000        0.00301037        0.00200870
     3.9000000        0.00221580        0.00203410
     4.0000000        0.00120151        0.00145391
     4.1000000        0.00007516        0.00131850
     4.2000000        0.00128761        0.00166213
     4.3000000        0.00161113        0.00150381
     4.4000000        0.00045001        0.00148666
     4.5000000        0.00187378        0.00144780
     4.6000000        0.00143526        0.00130995
     4.7000000        0.00184310        0.00204905
     4.8000000        0.00232798        0.00205237
     4.9000000        0.00192726        0.00200351
     5.0000000        0.00122100        0.00141120
     5.1000000        0.00169202        0.00185842
     5.2000000        0.00039146        0.00152247
     5.3000000        0.00116217        0.00149721
     5.4000000        0.00163761        0.00163003
     5.5000000        0.00235701        0.00185025
     5.6000000        0.00148083        0.00185592
     5.7000000        0.00131478        0.00158432
     5.8000000        0.00089834        0.00172738
     5.9000000        0.00120392        0.00158032
     6.0000000        0.00102247        0.00138488
     6.1000000        0.00207488        0.00139992
     6.2000000        0.00238323        0.00160967
     6.3000000        0.00264652        0.00148060
     6.4000000        0.00256605        0.00185448
     6.5000000        0.00508422        0.00183044
     6.6000000        0.00383856        0.00185085
     6.7000000        0.00377777        0.00155590
     6.8000000        0.00460386        0.00152857
     6.9000000        0.00631447        0.00165643
     7.0000000        0.00963687        0.00177176
     7.1000000        0.00882396        0.00099307
     7.2000000        0.00932945        0.00153346
     7.3000000        0.01115730        0.00149572
     7.4000000        0.01294350        0.00140005
     7.5000000        0.01524634        0.00220878
     7.6000000        0.02005158        0.00174670
     7.7000000        0.02340936        0.00156031
     7.8000000        0.03003221        0.00136704
     7.9000000        0.03729602        0.00177683
     8.0000000        0.04358024        0.00121509
     8.1000000        0.05400999        0.00099723
     8.2000000        0.06368957        0.00129352
     8.3000000        0.07547613        0.00149108
     8.4000000        0.08968052        0.00164316
     8.5000000        0.10693916        0.00167205
     8.6000000        0.12916841        0.00185459
     8.7000000        0.15443743        0.00181124
     8.8000000        0.18429818        0.00171203
     8.9000000        0.22037113        0.00194159
     9.0000000        0.26547840        0.00210285
     9.1000000        0.32017086        0.00211339
     9.2000000        0.38615611        0.00203565
     9.3000000        0.46580856        0.00187922
     9.4000000        0.56669674        0.00218148
     9.5000000        0.68728850        0.00205147
     9.6000000        0.83983098        0.00196946
     9.7000000        1.03053735        0.00171932
     9.8000000        1.27423232        0.00170303
     9.9000000        1.58861911        0.00143591
    10.0000000        2.00000000        0.00000012
