     0.0000000        0.50000000        0.00000000
     0.0500000        0.44087814        0.00085174
     0.1000000        0.39404513        0.00165516
     0.1500000        0.35601778        0.00225393
     0.2000000        0.32458868        0.00276366
     0.2500000        0.29811269        0.00317356
     0.3000000        0.27566448        0.00348797
     0.3500000        0.25641253        0.00367952
     0.4000000        0.23988209        0.00390557
     0.4500000        0.22527146        0.00417905
     0.5000000        0.21216259        0.00436795
     0.5500000        0.20090807        0.00457382
     0.6000000        0.19099262        0.00471982
     0.6500000        0.18210060        0.00484095
     0.7000000        0.17442739        0.00498757
     0.7500000        0.16763675        0.00522072
     0.8000000        0.16168590        0.00545337
     0.8500000        0.15657659        0.00573436
     0.9000000        0.15240428        0.00618600
     0.9500000        0.14871852        0.00652545
     1.0000000        0.14513519        0.00659593
     1.0500000        0.14201028        0.00662290
     1.1000000        0.13899455        0.00655501
     1.1500000        0.13632694        0.00655302
     1.2000000        0.13366893        0.00663714
     1.2500000        0.13102277        0.00673895
     1.3000000        0.12842129        0.00684344
     1.3500000        0.12526319        0.00653186
     1.4000000        0.12236922        0.00626759
     1.4500000        0.11916709        0.00574701
     1.5000000        0.11588186        0.00522458
     1.5500000        0.11283328        0.00486874
     1.6000000        0.11025856        0.00466081
     1.6500000        0.10802312        0.00464827
     1.7000000        0.10622509        0.00474932
     1.7500000        0.10450128        0.00492196
     1.8000000        0.10266884        0.00511491
     1.8500000        0.10080117        0.00537538
     1.9000000        0.09879711        0.00559198
     1.9500000        0.09632710        0.00561336
     2.0000000        0.09381557        0.00553408
     2.0500000        0.09160333        0.00551211
     2.1000000        0.08931796        0.00546715
     2.1500000        0.08710798        0.00546129
     2.2000000        0.08541151        0.00552720
     2.2500000        0.08361745        0.00549816
     2.3000000        0.08181071        0.00547689
     2.3500000        0.07992293        0.00538516
     2.4000000        0.07848775        0.00529382
     2.4500000        0.07726067        0.00521530
     2.5000000        0.07614499        0.00507481
     2.5500000        0.07516987        0.00493769
     2.6000000        0.07394045        0.00482037
     2.6500000        0.07280307        0.00475057
     2.7000000        0.07173426        0.00472247
     2.7500000        0.07066717        0.00474872
     2.8000000        0.06964076        0.00480290
     2.8500000        0.06881882        0.00485987
     2.9000000        0.06798485        0.00492997
     2.9500000        0.06726840        0.00498984
     3.0000000        0.06609415        0.00498238
     3.0500000        0.06522257        0.00502810
     3.1000000        0.06456398        0.00510602
     3.1500000        0.06407889        0.00528545
     3.2000000        0.06360070        0.00542792
     3.2500000        0.06312843        0.00551558
     3.3000000        0.06281068        0.00553166
     3.3500000        0.06284845        0.00549050
     3.4000000        0.06310665        0.00551368
     3.4500000        0.06348057        0.00561728
     3.5000000        0.06394522        0.00582959
     3.5500000        0.06448295        0.00621248
     3.6000000        0.06492933        0.00652303
     3.6500000        0.06470625        0.00661447
     3.7000000        0.06401251        0.00643722
     3.7500000        0.06308515        0.00618733
     3.8000000        0.06237301        0.00591833
     3.8500000        0.06196926        0.00573488
     3.9000000        0.06156058        0.00559442
     3.9500000        0.06105911        0.00542037
     4.0000000        0.06085761        0.00533966
     4.0500000        0.06090897        0.00536083
     4.1000000        0.06100999        0.00539537
     4.1500000        0.06100319        0.00539813
     4.2000000        0.06069796        0.00525980
     4.2500000        0.06032285        0.00507214
     4.3000000        0.05991402        0.00494806
     4.3500000        0.05955963        0.00493889
     4.4000000        0.05934581        0.00506165
     4.4500000        0.05907726        0.00505847
     4.5000000        0.05877617        0.00511928
     4.5500000        0.05839220        0.00520725
     4.6000000        0.05791948        0.00534254
     4.6500000        0.05779344        0.00551427
     4.7000000        0.05746049        0.00554517
     4.7500000        0.05666506        0.00543587
     4.8000000        0.05607330        0.00534224
     4.8500000        0.05549056        0.00523700
     4.9000000        0.05496718        0.00524966
     4.9500000        0.05468905        0.00539275
     5.0000000        0.05435774        0.00541509
     5.0500000        0.05407429        0.00540590
     5.1000000        0.05373068        0.00539998
     5.1500000        0.05326087        0.00534922
     5.2000000        0.05278047        0.00537561
     5.2500000        0.05255019        0.00547440
     5.3000000        0.05233145        0.00546684
     5.3500000        0.05229132        0.00551451
     5.4000000        0.05224105        0.00561854
     5.4500000        0.05226726        0.00576777
     5.5000000        0.05210531        0.00588980
     5.5500000        0.05198094        0.00616705
     5.6000000        0.05155530        0.00620400
     5.6500000        0.05113667        0.00623745
     5.7000000        0.05056786        0.00619974
     5.7500000        0.04996492        0.00605626
     5.8000000        0.04917820        0.00574690
     5.8500000        0.04849728        0.00549755
     5.9000000        0.04789733        0.00529007
     5.9500000        0.04738173        0.00514480
     6.0000000        0.04703807        0.00500341
     6.0500000        0.04687222        0.00488587
     6.1000000        0.04695742        0.00484940
     6.1500000        0.04702492        0.00481329
     6.2000000        0.04716341        0.00486319
     6.2500000        0.04733748        0.00486913
     6.3000000        0.04735244        0.00479871
     6.3500000        0.04750061        0.00476183
     6.4000000        0.04773765        0.00475926
     6.4500000        0.04794079        0.00480140
     6.5000000        0.04801801        0.00486991
     6.5500000        0.04819417        0.00492472
     6.6000000        0.04834667        0.00496720
     6.6500000        0.04863844        0.00504648
     6.7000000        0.04896949        0.00514484
     6.7500000        0.04912061        0.00519224
     6.8000000        0.04932716        0.00526043
     6.8500000        0.04897406        0.00502816
     6.9000000        0.04881182        0.00489614
     6.9500000        0.04875876        0.00478788
     7.0000000        0.04882260        0.00473612
     7.0500000        0.04902748        0.00472864
     7.1000000        0.04918793        0.00474846
     7.1500000        0.04907250        0.00467218
     7.2000000        0.04864909        0.00452628
     7.2500000        0.04831283        0.00436109
     7.3000000        0.04796182        0.00414713
     7.3500000        0.04730033        0.00388526
     7.4000000        0.04661227        0.00365401
     7.4500000        0.04585602        0.00342389
     7.5000000        0.04508972        0.00325072
     7.5500000        0.04436260        0.00315506
     7.6000000        0.04367277        0.00309175
     7.6500000        0.04316311        0.00306170
     7.7000000        0.04299365        0.00308762
     7.7500000        0.04292648        0.00310621
     7.8000000        0.04299511        0.00322335
     7.8500000        0.04309933        0.00333081
     7.9000000        0.04307382        0.00338363
     7.9500000        0.04301268        0.00346629
     8.0000000        0.04290403        0.00355954
     8.0500000        0.04274859        0.00363245
     8.1000000        0.04240259        0.00362269
     8.1500000        0.04221149        0.00359098
     8.2000000        0.04211758        0.00358480
     8.2500000        0.04195097        0.00357438
     8.3000000        0.04175042        0.00353559
     8.3500000        0.04152657        0.00356873
     8.4000000        0.04141998        0.00363696
     8.4500000        0.04152676        0.00381158
     8.5000000        0.04156947        0.00399079
     8.5500000        0.04161477        0.00410082
     8.6000000        0.04166532        0.00413966
     8.6500000        0.04149665        0.00402707
     8.7000000        0.04140496        0.00391375
     8.7500000        0.04111000        0.00374256
     8.8000000        0.04100329        0.00354328
     8.8500000        0.04097179        0.00335416
     8.9000000        0.04094013        0.00322648
     8.9500000        0.04111157        0.00317315
     9.0000000        0.04141924        0.00313239
     9.0500000        0.04169793        0.00312000
     9.1000000        0.04210873        0.00308200
     9.1500000        0.04246753        0.00303574
     9.2000000        0.04289308        0.00303143
     9.2500000        0.04318730        0.00304361
     9.3000000        0.04346701        0.00308977
     9.3500000        0.04394267        0.00318136
     9.4000000        0.04431745        0.00325051
     9.4500000        0.04481389        0.00338914
     9.5000000        0.04526763        0.00361633
     9.5500000        0.04587532        0.00381987
     9.6000000        0.04657212        0.00409387
     9.6500000        0.04709885        0.00429567
     9.7000000        0.04771062        0.00449669
     9.7500000        0.04809588        0.00456806
     9.8000000        0.04839084        0.00457982
     9.8500000        0.04882839        0.00465952
     9.9000000        0.04938409        0.00479920
     9.9500000        0.04995539        0.00499366
    10.0000000        0.05070668        0.00525014
    10.0500000        0.05047822        0.00516719
    10.1000000        0.04953653        0.00479525
    10.1500000        0.04867304        0.00451041
    10.2000000        0.04807285        0.00433365
    10.2500000        0.04737485        0.00422262
    10.3000000        0.04679044        0.00419529
    10.3500000        0.04586809        0.00415469
    10.4000000        0.04512395        0.00415207
    10.4500000        0.04450348        0.00422063
    10.5000000        0.04415760        0.00432349
    10.5500000        0.04386961        0.00442485
    10.6000000        0.04344605        0.00441551
    10.6500000        0.04288129        0.00434782
    10.7000000        0.04249099        0.00433588
    10.7500000        0.04223846        0.00431289
    10.8000000        0.04182437        0.00424490
    10.8500000        0.04158166        0.00413878
    10.9000000        0.04141915        0.00405999
    10.9500000        0.04144616        0.00401389
    11.0000000        0.04167757        0.00405744
    11.0500000        0.04195719        0.00411232
    11.1000000        0.04222221        0.00419010
    11.1500000        0.04221814        0.00426238
    11.2000000        0.04172792        0.00415493
    11.2500000        0.04124404        0.00407039
    11.3000000        0.04082606        0.00400680
    11.3500000        0.04049979        0.00393444
    11.4000000        0.04038926        0.00392491
    11.4500000        0.04046850        0.00395551
    11.5000000        0.04071784        0.00400468
    11.5500000        0.04091436        0.00403787
    11.6000000        0.04107612        0.00405471
    11.6500000        0.04135161        0.00409834
    11.7000000        0.04160733        0.00417003
    11.7500000        0.04182737        0.00422749
    11.8000000        0.04212046        0.00428960
    11.8500000        0.04235873        0.00434025
    11.9000000        0.04275746        0.00440603
    11.9500000        0.04297265        0.00443474
    12.0000000        0.04310412        0.00441881
    12.0500000        0.04330535        0.00440418
    12.1000000        0.04340342        0.00440409
    12.1500000        0.04353243        0.00438117
    12.2000000        0.04376040        0.00439099
    12.2500000        0.04405799        0.00441125
    12.3000000        0.04438194        0.00444098
    12.3500000        0.04463599        0.00450864
    12.4000000        0.04474677        0.00450302
    12.4500000        0.04472977        0.00448358
    12.5000000        0.04476939        0.00449479
    12.5500000        0.04481102        0.00456190
    12.6000000        0.04473030        0.00454575
    12.6500000        0.04472365        0.00457182
    12.7000000        0.04470331        0.00450427
    12.7500000        0.04465701        0.00434609
    12.8000000        0.04461899        0.00418021
    12.8500000        0.04452752        0.00403969
    12.9000000        0.04443845        0.00390446
    12.9500000        0.04436368        0.00376886
    13.0000000        0.04412974        0.00360435
    13.0500000        0.04394542        0.00349060
    13.1000000        0.04372094        0.00337341
    13.1500000        0.04372477        0.00337475
    13.2000000        0.04386850        0.00344034
    13.2500000        0.04398037        0.00359969
    13.3000000        0.04385524        0.00365008
    13.3500000        0.04397058        0.00379845
    13.4000000        0.04416266        0.00396659
    13.4500000        0.04407947        0.00396759
    13.5000000        0.04385266        0.00384151
    13.5500000        0.04370470        0.00371613
    13.6000000        0.04360325        0.00359700
    13.6500000        0.04352988        0.00354951
    13.7000000        0.04345385        0.00352072
    13.7500000        0.04337186        0.00355706
    13.8000000        0.04347923        0.00364534
    13.8500000        0.04374657        0.00378289
    13.9000000        0.04409606        0.00386687
    13.9500000        0.04436033        0.00391212
    14.0000000        0.04460499        0.00400436
    14.0500000        0.04476941        0.00410899
    14.1000000        0.04495471        0.00426294
    14.1500000        0.04524978        0.00441193
    14.2000000        0.04568788        0.00460261
    14.2500000        0.04599111        0.00469593
    14.3000000        0.04628804        0.00466884
    14.3500000        0.04652151        0.00456814
    14.4000000        0.04697443        0.00451428
    14.4500000        0.04750261        0.00449847
    14.5000000        0.04807561        0.00451419
    14.5500000        0.04886572        0.00456502
    14.6000000        0.04968463        0.00461245
    14.6500000        0.05064156        0.00468892
    14.7000000        0.05166546        0.00481666
    14.7500000        0.05249980        0.00490802
    14.8000000        0.05353673        0.00500381
    14.8500000        0.05426744        0.00509375
    14.9000000        0.05467695        0.00515282
    14.9500000        0.05494740        0.00511976
    15.0000000        0.05519774        0.00506085
    15.0500000        0.05557896        0.00502128
    15.1000000        0.05584632        0.00496873
    15.1500000        0.05601523        0.00496853
    15.2000000        0.05604855        0.00498508
    15.2500000        0.05602437        0.00503566
    15.3000000        0.05627381        0.00516414
    15.3500000        0.05663058        0.00537745
    15.4000000        0.05717656        0.00561553
    15.4500000        0.05788004        0.00587412
    15.5000000        0.05832424        0.00605819
    15.5500000        0.05863830        0.00620627
    15.6000000        0.05904989        0.00637233
    15.6500000        0.05942622        0.00649151
    15.7000000        0.05977744        0.00656016
    15.7500000        0.06017219        0.00657440
    15.8000000        0.06032716        0.00642937
    15.8500000        0.06044124        0.00628900
    15.9000000        0.06050199        0.00620001
    15.9500000        0.06084324        0.00615127
    16.0000000        0.06144940        0.00616939
    16.0500000        0.06212874        0.00615279
    16.1000000        0.06301093        0.00621376
    16.1500000        0.06386902        0.00628943
    16.2000000        0.06478900        0.00628270
    16.2500000        0.06601305        0.00626040
    16.3000000        0.06744806        0.00621420
    16.3500000        0.06862481        0.00594690
    16.4000000        0.06957531        0.00574509
    16.4500000        0.07031049        0.00565935
    16.5000000        0.07090089        0.00555407
    16.5500000        0.07135241        0.00550320
    16.6000000        0.07196987        0.00551708
    16.6500000        0.07277343        0.00556297
    16.7000000        0.07381627        0.00567479
    16.7500000        0.07482025        0.00583174
    16.8000000        0.07592483        0.00611184
    16.8500000        0.07719767        0.00646467
    16.9000000        0.07824428        0.00680503
    16.9500000        0.07940130        0.00712375
    17.0000000        0.08060483        0.00738233
    17.0500000        0.08180068        0.00753788
    17.1000000        0.08319546        0.00774724
    17.1500000        0.08460794        0.00776770
    17.2000000        0.08582502        0.00758447
    17.2500000        0.08685919        0.00730599
    17.3000000        0.08777155        0.00716819
    17.3500000        0.08883907        0.00704692
    17.4000000        0.08972259        0.00696336
    17.4500000        0.09061865        0.00684514
    17.5000000        0.09177824        0.00678614
    17.5500000        0.09289377        0.00666791
    17.6000000        0.09430408        0.00661809
    17.6500000        0.09557933        0.00649212
    17.7000000        0.09699888        0.00641029
    17.7500000        0.09878845        0.00633139
    17.8000000        0.10064724        0.00640211
    17.8500000        0.10238454        0.00659876
    17.9000000        0.10413407        0.00682132
    17.9500000        0.10568570        0.00689572
    18.0000000        0.10711454        0.00682793
    18.0500000        0.10838306        0.00664774
    18.1000000        0.10967408        0.00651463
    18.1500000        0.11125264        0.00639864
    18.2000000        0.11262093        0.00617366
    18.2500000        0.11408695        0.00594310
    18.3000000        0.11558044        0.00577707
    18.3500000        0.11721225        0.00563873
    18.4000000        0.11902241        0.00554718
    18.4500000        0.12074878        0.00546396
    18.5000000        0.12270750        0.00534917
    18.5500000        0.12525261        0.00528474
    18.6000000        0.12832697        0.00528974
    18.6500000        0.13165716        0.00530335
    18.7000000        0.13546235        0.00531936
    18.7500000        0.13945755        0.00541783
    18.8000000        0.14361847        0.00560685
    18.8500000        0.14786163        0.00574947
    18.9000000        0.15212440        0.00590259
    18.9500000        0.15654101        0.00595023
    19.0000000        0.16105686        0.00600375
    19.0500000        0.16606659        0.00604594
    19.1000000        0.17142990        0.00607044
    19.1500000        0.17722610        0.00601475
    19.2000000        0.18361864        0.00599684
    19.2500000        0.19057034        0.00603205
    19.3000000        0.19790633        0.00600961
    19.3500000        0.20535759        0.00595249
    19.4000000        0.21266465        0.00571307
    19.4500000        0.22048031        0.00536450
    19.5000000        0.22932230        0.00507235
    19.5500000        0.23925425        0.00487985
    19.6000000        0.25105742        0.00476531
    19.6500000        0.26522450        0.00457909
    19.7000000        0.28220079        0.00433332
    19.7500000        0.30264953        0.00390757
    19.8000000        0.32735016        0.00336337
    19.8500000        0.35748636        0.00266404
    19.9000000        0.39476930        0.00184472
    19.9500000        0.44120242        0.00088579
    20.0000000        0.50000000        0.00000000
