   -1.570796     -1.570796      0.239963      0.000498
   -1.570796      0.000000      0.170547      0.000619
   -1.570796      1.570796      0.239833      0.000458
   -1.570796      3.141593      0.321975      0.000490
    0.000000     -1.570796      0.170299      0.000499
    0.000000      0.000000      0.007743      0.000205
    0.000000      1.570796      0.170299      0.000499
    0.000000      3.141593      0.239648      0.000517
    1.570796     -1.570796      0.239833      0.000458
    1.570796      0.000000      0.170547      0.000619
    1.570796      1.570796      0.239963      0.000498
    1.570796      3.141593      0.321975      0.000490
    3.141593     -1.570796      0.322218      0.000585
    3.141593      0.000000      0.240242      0.000655
    3.141593      1.570796      0.322218      0.000585
    3.141593      3.141593      0.382198      0.000490
