   1.0000000000000000                1          16           1  0.10000000000000001     
 ( 0.99999999999997280     ,  0.0000000000000000     )
  -1.5707963267948966       -1.5707963267948966     
 ( 0.23929735617201797     , -4.6465617713682642E-016)
  -1.5707963267948966        0.0000000000000000     
 ( 0.17356714585900379     ,  7.0896082056754168E-016)
  -1.5707963267948966        1.5707963267948966     
 ( 0.23867551309558432     , -2.2204460492503131E-016)
  -1.5707963267948966        3.1415926535897931     
 ( 0.32227333048482509     ,  5.3387309909786160E-016)
   0.0000000000000000       -1.5707963267948966     
 ( 0.16953178819200554     ,  3.4335039103092887E-016)
   0.0000000000000000        0.0000000000000000     
 (  16.007636880061586     ,  0.0000000000000000     )
   0.0000000000000000        1.5707963267948966     
 ( 0.16953178819200554     , -3.4335039103092887E-016)
   0.0000000000000000        3.1415926535897931     
 ( 0.23887721817774454     ,  9.7405041820925049E-016)
   1.5707963267948966       -1.5707963267948966     
 ( 0.23867551309558432     ,  2.2204460492503131E-016)
   1.5707963267948966        0.0000000000000000     
 ( 0.17356714585900379     , -7.0896082056754168E-016)
   1.5707963267948966        1.5707963267948966     
 ( 0.23929735617201797     ,  4.6465617713682642E-016)
   1.5707963267948966        3.1415926535897931     
 ( 0.32227333048482509     , -5.7500703367138921E-016)
   3.1415926535897931       -1.5707963267948966     
 ( 0.32512548823166099     ,  3.2278342374416506E-016)
   3.1415926535897931        0.0000000000000000     
 ( 0.24338793687627702     ,  9.7383243128502074E-016)
   3.1415926535897931        1.5707963267948966     
 ( 0.32512548823166099     , -3.6391735831769262E-016)
   3.1415926535897931        3.1415926535897931     
 ( 0.38373835446765225     , -2.7588704365435710E-018)
   1.0000000000000000                1          16           1  0.10000000000000001     
 ( 0.99999999999999289     ,  0.0000000000000000     )
  -1.5707963267948966       -1.5707963267948966     
 ( 0.24069530886107315     ,  4.2330547187299511E-016)
  -1.5707963267948966        0.0000000000000000     
 ( 0.16901129145894034     , -1.7905717812273292E-016)
  -1.5707963267948966        1.5707963267948966     
 ( 0.24044266096157751     , -4.4408920985006262E-016)
  -1.5707963267948966        3.1415926535897931     
 ( 0.32374421061985070     ,  3.1162333413807733E-016)
   0.0000000000000000       -1.5707963267948966     
 ( 0.17198721883655588     ,  1.2141417145104941E-016)
   0.0000000000000000        0.0000000000000000     
 (  16.008139740444072     ,  0.0000000000000000     )
   0.0000000000000000        1.5707963267948966     
 ( 0.17198721883655588     , -1.2141417145104941E-016)
   0.0000000000000000        3.1415926535897931     
 ( 0.24283806406252439     ,  9.7402303786094000E-016)
   1.5707963267948966       -1.5707963267948966     
 ( 0.24044266096157751     ,  4.4408920985006262E-016)
   1.5707963267948966        0.0000000000000000     
 ( 0.16901129145894034     ,  1.7905717812273292E-016)
   1.5707963267948966        1.5707963267948966     
 ( 0.24069530886107315     , -4.2330547187299511E-016)
   1.5707963267948966        3.1415926535897931     
 ( 0.32374421061985070     , -3.5319081009221244E-016)
   3.1415926535897931       -1.5707963267948966     
 ( 0.32156438038994417     , -1.2141417145104941E-016)
   3.1415926535897931        0.0000000000000000     
 ( 0.23901311551196924     ,  9.7415327330472200E-016)
   3.1415926535897931        1.5707963267948966     
 ( 0.32156438038994395     ,  7.9846695496914389E-017)
   3.1415926535897931        3.1415926535897931     
 ( 0.38309850164261883     , -2.6065994282013493E-018)
   1.0000000000000000                1          16           1  0.10000000000000001     
 (  1.0000000000000338     ,  0.0000000000000000     )
  -1.5707963267948966       -1.5707963267948966     
 ( 0.24181250177152447     , -5.7577959440496255E-016)
  -1.5707963267948966        0.0000000000000000     
 ( 0.17291769316710282     ,  7.0900982098813002E-016)
  -1.5707963267948966        1.5707963267948966     
 ( 0.24134212879030903     , -1.1102230246251565E-016)
  -1.5707963267948966        3.1415926535897931     
 ( 0.32406010269383190     ,  2.0067973403017264E-016)
   0.0000000000000000       -1.5707963267948966     
 ( 0.17194961426729494     ,  6.7646785582128606E-016)
   0.0000000000000000        0.0000000000000000     
 (  16.008497770662363     ,  0.0000000000000000     )
   0.0000000000000000        1.5707963267948966     
 ( 0.17194961426729494     , -6.7646785582128606E-016)
   0.0000000000000000        3.1415926535897931     
 ( 0.24051449457865803     ,  9.7390728852396865E-016)
   1.5707963267948966       -1.5707963267948966     
 ( 0.24134212879030903     ,  1.1102230246251565E-016)
   1.5707963267948966        0.0000000000000000     
 ( 0.17291769316710282     , -7.0900982098813002E-016)
   1.5707963267948966        1.5707963267948966     
 ( 0.24181250177152447     ,  5.7577959440496255E-016)
   1.5707963267948966        3.1415926535897931     
 ( 0.32406010269383190     , -2.4201589821494117E-016)
   3.1415926535897931       -1.5707963267948966     
 ( 0.32497312031245129     ,  2.1171056387883914E-016)
   3.1415926535897931        0.0000000000000000     
 ( 0.24282861608577244     ,  9.7393043212619762E-016)
   3.1415926535897931        1.5707963267948966     
 ( 0.32497312031245129     , -2.5304672806360773E-016)
   3.1415926535897931        3.1415926535897931     
 ( 0.38484686138533519     , -2.7572685454919204E-018)
   1.0000000000000000                1          16           1  0.10000000000000001     
 (  1.0000000000000038     ,  0.0000000000000000     )
  -1.5707963267948966       -1.5707963267948966     
 ( 0.23922323701206194     , -3.5379410662117511E-016)
  -1.5707963267948966        0.0000000000000000     
 ( 0.16951910231616540     ,  9.3117323624680305E-016)
  -1.5707963267948966        1.5707963267948966     
 ( 0.23873397312287703     ,  3.3306690738754696E-016)
  -1.5707963267948966        3.1415926535897931     
 ( 0.32186164143008622     , -3.5436870299078184E-016)
   0.0000000000000000       -1.5707963267948966     
 ( 0.17181743695770779     ,  6.7649741439190797E-016)
   0.0000000000000000        0.0000000000000000     
 (  16.007355686546770     ,  0.0000000000000000     )
   0.0000000000000000        1.5707963267948966     
 ( 0.17181743695770779     , -6.7649741439190797E-016)
   0.0000000000000000        3.1415926535897931     
 ( 0.24203568464447700     ,  9.7394668912030313E-016)
   1.5707963267948966       -1.5707963267948966     
 ( 0.23873397312287703     , -3.3306690738754696E-016)
   1.5707963267948966        0.0000000000000000     
 ( 0.16951910231616540     , -9.3117323624680305E-016)
   1.5707963267948966        1.5707963267948966     
 ( 0.23922323701206194     ,  3.5379410662117511E-016)
   1.5707963267948966        3.1415926535897931     
 ( 0.32186164143008622     ,  3.1291430452352575E-016)
   3.1415926535897931       -1.5707963267948966     
 ( 0.32191283869272758     ,  4.3372561023324857E-016)
   3.1415926535897931        0.0000000000000000     
 ( 0.24105415849215717     ,  9.7416805279348088E-016)
   3.1415926535897931        1.5707963267948966     
 ( 0.32191283869272735     , -4.7518000870050476E-016)
   3.1415926535897931        3.1415926535897931     
 ( 0.38291985652864402     , -2.3647564778449543E-018)
   1.0000000000000000                1          16           1  0.10000000000000001     
 (  1.0000000000000220     ,  0.0000000000000000     )
  -1.5707963267948966       -1.5707963267948966     
 ( 0.24144366770322301     , -1.3180381326236444E-016)
  -1.5707963267948966        0.0000000000000000     
 ( 0.17287308750460617     ,  1.5392875174406425E-016)
  -1.5707963267948966        1.5707963267948966     
 ( 0.24170808113841369     , -3.3306690738754696E-016)
  -1.5707963267948966        3.1415926535897931     
 ( 0.32220779219656659     , -3.5451308430761033E-016)
   0.0000000000000000       -1.5707963267948966     
 ( 0.17068970760435043     ,  6.7652457017501832E-016)
   0.0000000000000000        0.0000000000000000     
 (  16.008395640327439     ,  0.0000000000000000     )
   0.0000000000000000        1.5707963267948966     
 ( 0.17068970760435043     , -6.7652457017501832E-016)
   0.0000000000000000        3.1415926535897931     
 ( 0.24006339863578563     ,  9.7402770725065309E-016)
   1.5707963267948966       -1.5707963267948966     
 ( 0.24170808113841369     ,  3.3306690738754696E-016)
   1.5707963267948966        0.0000000000000000     
 ( 0.17287308750460617     , -1.5392875174406425E-016)
   1.5707963267948966        1.5707963267948966     
 ( 0.24144366770322301     ,  1.3180381326236444E-016)
   1.5707963267948966        3.1415926535897931     
 ( 0.32220779219656659     ,  3.1295006270791275E-016)
   3.1415926535897931       -1.5707963267948966     
 ( 0.32354705876412038     , -4.5447996524998701E-016)
   3.1415926535897931        0.0000000000000000     
 ( 0.24383588117274746     ,  9.7399131826322237E-016)
   3.1415926535897931        1.5707963267948966     
 ( 0.32354705876412038     ,  4.1291694365028943E-016)
   3.1415926535897931        3.1415926535897931     
 ( 0.38264254275898091     , -2.5916793991875621E-018)
   1.0000000000000000                1          16           1  0.10000000000000001     
 ( 0.99999999999999745     ,  0.0000000000000000     )
  -1.5707963267948966       -1.5707963267948966     
 ( 0.24371071426199442     ,  9.0302516826745081E-017)
  -1.5707963267948966        0.0000000000000000     
 ( 0.17484961768831131     ,  4.8693808032807752E-016)
  -1.5707963267948966        1.5707963267948966     
 ( 0.24328936962401715     ,  1.1102230246251565E-016)
  -1.5707963267948966        3.1415926535897931     
 ( 0.32427603440772435     ,  3.1172143326061722E-016)
   0.0000000000000000       -1.5707963267948966     
 ( 0.17359457123865940     ,  5.6547140513046353E-016)
   0.0000000000000000        0.0000000000000000     
 (  16.008974887106728     ,  0.0000000000000000     )
   0.0000000000000000        1.5707963267948966     
 ( 0.17359457123865940     , -5.6547140513046353E-016)
   0.0000000000000000        3.1415926535897931     
 ( 0.24269205566798957     ,  9.7386839151221725E-016)
   1.5707963267948966       -1.5707963267948966     
 ( 0.24328936962401715     , -1.1102230246251565E-016)
   1.5707963267948966        0.0000000000000000     
 ( 0.17484961768831131     , -4.8693808032807752E-016)
   1.5707963267948966        1.5707963267948966     
 ( 0.24371071426199442     , -9.0302516826745081E-017)
   1.5707963267948966        3.1415926535897931     
 ( 0.32427603440772435     , -3.5316100453215832E-016)
   3.1415926535897931       -1.5707963267948966     
 ( 0.32620284679888389     , -1.2138219528040094E-016)
   3.1415926535897931        0.0000000000000000     
 ( 0.24532902831651071     ,  9.7387616065615523E-016)
   3.1415926535897931        1.5707963267948966     
 ( 0.32620284679888389     ,  7.9942624008859819E-017)
   3.1415926535897931        3.1415926535897931     
 ( 0.38542347612813965     , -2.5772524217032242E-018)
   1.0000000000000000                1          16           1  0.10000000000000001     
 ( 0.99999999999997413     ,  0.0000000000000000     )
  -1.5707963267948966       -1.5707963267948966     
 ( 0.23953838132185801     ,  2.0125406937352742E-016)
  -1.5707963267948966        0.0000000000000000     
 ( 0.17074984832545870     ,  2.6499185471106782E-016)
  -1.5707963267948966        1.5707963267948966     
 ( 0.23965901154113511     ,  2.2204460492503131E-016)
  -1.5707963267948966        3.1415926535897931     
 ( 0.32041494205150844     ,  8.9595039638564490E-017)
   0.0000000000000000       -1.5707963267948966     
 ( 0.16851109632643479     ,  4.5448447762581456E-016)
   0.0000000000000000        0.0000000000000000     
 (  16.008603636092239     ,  0.0000000000000000     )
   0.0000000000000000        1.5707963267948966     
 ( 0.16851109632643479     , -4.5448447762581456E-016)
   0.0000000000000000        3.1415926535897931     
 ( 0.23800484763175445     ,  9.7418119635594340E-016)
   1.5707963267948966       -1.5707963267948966     
 ( 0.23965901154113511     , -2.2204460492503131E-016)
   1.5707963267948966        0.0000000000000000     
 ( 0.17074984832545870     , -2.6499185471106782E-016)
   1.5707963267948966        1.5707963267948966     
 ( 0.23953838132185801     , -2.0125406937352742E-016)
   1.5707963267948966        3.1415926535897931     
 ( 0.32041494205150844     , -1.3117611074157225E-016)
   3.1415926535897931       -1.5707963267948966     
 ( 0.32259914211929031     , -1.0395267775751946E-017)
   3.1415926535897931        0.0000000000000000     
 ( 0.24071405265869306     ,  9.7407291927219844E-016)
   3.1415926535897931        1.5707963267948966     
 ( 0.32259914211929031     , -3.1185803327255837E-017)
   3.1415926535897931        3.1415926535897931     
 ( 0.38202794549317520     , -2.6485054887360391E-018)
   1.0000000000000000                1          16           1  0.10000000000000001     
 (  1.0000000000000060     ,  0.0000000000000000     )
  -1.5707963267948966       -1.5707963267948966     
 ( 0.24283210551327283     ,  9.0382567610287125E-017)
  -1.5707963267948966        0.0000000000000000     
 ( 0.17518575481783361     ,  8.1994008816664264E-016)
  -1.5707963267948966        1.5707963267948966     
 ( 0.24307547135212781     ,  1.1102230246251565E-016)
  -1.5707963267948966        3.1415926535897931     
 ( 0.32494689555287659     , -1.3237421064372430E-016)
   0.0000000000000000       -1.5707963267948966     
 ( 0.17313674801364465     ,  4.5440907727617688E-016)
   0.0000000000000000        0.0000000000000000     
 (  16.009318949590277     ,  0.0000000000000000     )
   0.0000000000000000        1.5707963267948966     
 ( 0.17313674801364465     , -4.5440907727617688E-016)
   0.0000000000000000        3.1415926535897931     
 ( 0.24191362279884498     ,  9.7389786117180820E-016)
   1.5707963267948966       -1.5707963267948966     
 ( 0.24307547135212781     , -1.1102230246251565E-016)
   1.5707963267948966        0.0000000000000000     
 ( 0.17518575481783361     , -8.1994008816664264E-016)
   1.5707963267948966        1.5707963267948966     
 ( 0.24283210551327283     , -9.0382567610287125E-017)
   1.5707963267948966        3.1415926535897931     
 ( 0.32494689555287659     ,  9.1094740939267296E-017)
   3.1415926535897931       -1.5707963267948966     
 ( 0.32571052536094680     , -1.0319867426114264E-017)
   3.1415926535897931        0.0000000000000000     
 ( 0.24353745995533416     ,  9.7374636155819135E-016)
   3.1415926535897931        1.5707963267948966     
 ( 0.32571052536094658     , -3.0959602278342793E-017)
   3.1415926535897931        3.1415926535897931     
 ( 0.38471882211383568     , -2.8427796471375426E-018)
   1.0000000000000000                1          16           1  0.10000000000000001     
 (  1.0000000000000064     ,  0.0000000000000000     )
  -1.5707963267948966       -1.5707963267948966     
 ( 0.23808487791865762     ,  9.0256128810712873E-017)
  -1.5707963267948966        0.0000000000000000     
 ( 0.16945015766309668     ,  4.2920261721555404E-017)
  -1.5707963267948966        1.5707963267948966     
 ( 0.23879377830744131     ,  1.1102230246251565E-016)
  -1.5707963267948966        3.1415926535897931     
 ( 0.32034018721380142     ,  8.9575117772249466E-017)
   0.0000000000000000       -1.5707963267948966     
 ( 0.16801029390535405     ,  3.4344999421344838E-016)
   0.0000000000000000        0.0000000000000000     
 (  16.007279523589709     ,  0.0000000000000000     )
   0.0000000000000000        1.5707963267948966     
 ( 0.16801029390535405     , -3.4344999421344838E-016)
   0.0000000000000000        3.1415926535897931     
 ( 0.23822236910970107     ,  9.7417476780633001E-016)
   1.5707963267948966       -1.5707963267948966     
 ( 0.23879377830744131     , -1.1102230246251565E-016)
   1.5707963267948966        0.0000000000000000     
 ( 0.16945015766309668     , -4.2920261721555404E-017)
   1.5707963267948966        1.5707963267948966     
 ( 0.23808487791865762     , -9.0256128810712873E-017)
   1.5707963267948966        3.1415926535897931     
 ( 0.32034018721380142     , -1.3110746507585503E-016)
   3.1415926535897931       -1.5707963267948966     
 ( 0.32041297061072127     ,  1.0063921563661426E-016)
   3.1415926535897931        0.0000000000000000     
 ( 0.23855728675506616     ,  9.7401894314323619E-016)
   3.1415926535897931        1.5707963267948966     
 ( 0.32041297061072105     , -1.4217156294021980E-016)
   3.1415926535897931        3.1415926535897931     
 ( 0.38021449677527341     , -2.7124497581418052E-018)
   1.0000000000000000                1          16           1  0.10000000000000001     
 (  1.0000000000000036     ,  0.0000000000000000     )
  -1.5707963267948966       -1.5707963267948966     
 ( 0.23759144270076882     ,  9.0279656779568807E-017)
  -1.5707963267948966        0.0000000000000000     
 ( 0.16841714768996041     ,  4.8705403996184700E-016)
  -1.5707963267948966        1.5707963267948966     
 ( 0.23763082332678109     , -1.1102230246251565E-016)
  -1.5707963267948966        3.1415926535897931     
 ( 0.31913765942810668     ,  8.9594491950139787E-017)
   0.0000000000000000       -1.5707963267948966     
 ( 0.16790317658442044     ,  3.4343823022902036E-016)
   0.0000000000000000        0.0000000000000000     
 (  16.007039767818060     ,  0.0000000000000000     )
   0.0000000000000000        1.5707963267948966     
 ( 0.16790317658442044     , -3.4343823022902036E-016)
   0.0000000000000000        3.1415926535897931     
 ( 0.23603436543073120     ,  9.7403922850273657E-016)
   1.5707963267948966       -1.5707963267948966     
 ( 0.23763082332678109     ,  1.1102230246251565E-016)
   1.5707963267948966        0.0000000000000000     
 ( 0.16841714768996041     , -4.8705403996184700E-016)
   1.5707963267948966        1.5707963267948966     
 ( 0.23759144270076882     , -9.0279656779568807E-017)
   1.5707963267948966        3.1415926535897931     
 ( 0.31913765942810668     , -1.3107978331603346E-016)
   3.1415926535897931       -1.5707963267948966     
 ( 0.32029220000880032     , -1.2139362530398908E-016)
   3.1415926535897931        0.0000000000000000     
 ( 0.23818673667727319     ,  9.7410807992369419E-016)
   3.1415926535897931        1.5707963267948966     
 ( 0.32029220000880010     ,  7.9908333938095408E-017)
   3.1415926535897931        3.1415926535897931     
 ( 0.37986177177388902     , -2.7502550324965814E-018)
   1.0000000000000000                1          16           1  0.10000000000000001     
 ( 0.99999999999984568     ,  0.0000000000000000     )
  -1.5707963267948966       -1.5707963267948966     
 ( 0.23670289091777441     , -2.0777972366647881E-017)
  -1.5707963267948966        0.0000000000000000     
 ( 0.16696137019943291     ,  1.3752505619902072E-015)
  -1.5707963267948966        1.5707963267948966     
 ( 0.23701983290903228     , -2.2204460492503131E-016)
  -1.5707963267948966        3.1415926535897931     
 ( 0.31923251356232540     ,  5.3365245369988481E-016)
   0.0000000000000000       -1.5707963267948966     
 ( 0.16665622436659000     ,  4.5447819603338656E-016)
   0.0000000000000000        0.0000000000000000     
 (  16.006082561098104     ,  0.0000000000000000     )
   0.0000000000000000        1.5707963267948966     
 ( 0.16665622436659000     , -4.5447819603338656E-016)
   0.0000000000000000        3.1415926535897931     
 ( 0.23632656273363761     ,  9.7415121602426256E-016)
   1.5707963267948966       -1.5707963267948966     
 ( 0.23701983290903228     ,  2.2204460492503131E-016)
   1.5707963267948966        0.0000000000000000     
 ( 0.16696137019943291     , -1.3752505619902072E-015)
   1.5707963267948966        1.5707963267948966     
 ( 0.23670289091777441     ,  2.0777972366647881E-017)
   1.5707963267948966        3.1415926535897931     
 ( 0.31923251356232540     , -5.7520839843318067E-016)
   3.1415926535897931       -1.5707963267948966     
 ( 0.31924799474845067     , -2.3243359110835525E-016)
   3.1415926535897931        0.0000000000000000     
 ( 0.23682365532668881     ,  9.7414428458016419E-016)
   3.1415926535897931        1.5707963267948966     
 ( 0.31924799474845045     ,  1.9087764637505949E-016)
   3.1415926535897931        3.1415926535897931     
 ( 0.37989249938233627     , -2.6958027400375455E-018)
   1.0000000000000000                1          16           1  0.10000000000000001     
 (  1.0000000000000002     ,  0.0000000000000000     )
  -1.5707963267948966       -1.5707963267948966     
 ( 0.24020781951887371     , -6.8683195740243802E-016)
  -1.5707963267948966        0.0000000000000000     
 ( 0.16983631127471877     , -6.8110032036642560E-017)
  -1.5707963267948966        1.5707963267948966     
 ( 0.23991930232984637     , -2.2204460492503131E-016)
  -1.5707963267948966        3.1415926535897931     
 ( 0.32372720544988987     ,  8.9621988476388404E-017)
   0.0000000000000000       -1.5707963267948966     
 ( 0.17151012327462012     ,  2.3239367623870336E-016)
   0.0000000000000000        0.0000000000000000     
 (  16.007025252173420     ,  0.0000000000000000     )
   0.0000000000000000        1.5707963267948966     
 ( 0.17151012327462012     , -2.3239367623870336E-016)
   0.0000000000000000        3.1415926535897931     
 ( 0.24132334429882851     ,  9.7392047265604317E-016)
   1.5707963267948966       -1.5707963267948966     
 ( 0.23991930232984637     ,  2.2204460492503131E-016)
   1.5707963267948966        0.0000000000000000     
 ( 0.16983631127471877     ,  6.8110032036642560E-017)
   1.5707963267948966        1.5707963267948966     
 ( 0.24020781951887371     ,  6.8683195740243802E-016)
   1.5707963267948966        3.1415926535897931     
 ( 0.32372720544988987     , -1.3101827373107673E-016)
   3.1415926535897931       -1.5707963267948966     
 ( 0.32190758673336939     , -2.3239367623870336E-016)
   3.1415926535897931        0.0000000000000000     
 ( 0.23932284986953989     ,  9.7400296055187142E-016)
   3.1415926535897931        1.5707963267948966     
 ( 0.32190758673336917     ,  1.9099739098401506E-016)
   3.1415926535897931        3.1415926535897931     
 ( 0.38319640954646150     , -2.7083413664238410E-018)
   1.0000000000000000                1          16           1  0.10000000000000001     
 ( 0.99999999999999467     ,  0.0000000000000000     )
  -1.5707963267948966       -1.5707963267948966     
 ( 0.23705102721953075     , -4.6484523881649636E-016)
  -1.5707963267948966        0.0000000000000000     
 ( 0.16622376988751997     , -6.8026345106595728E-017)
  -1.5707963267948966        1.5707963267948966     
 ( 0.23759996491596880     , -2.2204460492503131E-016)
  -1.5707963267948966        3.1415926535897931     
 ( 0.31971559386668691     , -4.6555016241296489E-016)
   0.0000000000000000       -1.5707963267948966     
 ( 0.16948847165320879     ,  4.5446722433327949E-016)
   0.0000000000000000        0.0000000000000000     
 (  16.007236083619318     ,  0.0000000000000000     )
   0.0000000000000000        1.5707963267948966     
 ( 0.16948847165320879     , -4.5446722433327949E-016)
   0.0000000000000000        3.1415926535897931     
 ( 0.23745804248974289     ,  9.7394428180311596E-016)
   1.5707963267948966       -1.5707963267948966     
 ( 0.23759996491596880     ,  2.2204460492503131E-016)
   1.5707963267948966        0.0000000000000000     
 ( 0.16622376988751997     ,  6.8026345106595728E-017)
   1.5707963267948966        1.5707963267948966     
 ( 0.23705102721953075     ,  4.6484523881649636E-016)
   1.5707963267948966        3.1415926535897931     
 ( 0.31971559386668691     ,  4.2403810448009735E-016)
   3.1415926535897931       -1.5707963267948966     
 ( 0.31788416115658524     ,  2.1166659044181441E-016)
   3.1415926535897931        0.0000000000000000     
 ( 0.23462035821989813     ,  9.7417033441196509E-016)
   3.1415926535897931        1.5707963267948966     
 ( 0.31788416115658502     , -2.5317864837468197E-016)
   3.1415926535897931        3.1415926535897931     
 ( 0.37894859328434671     , -2.7691666131486624E-018)
   1.0000000000000000                1          16           1  0.10000000000000001     
 ( 0.99999999999999534     ,  0.0000000000000000     )
  -1.5707963267948966       -1.5707963267948966     
 ( 0.23782578902347562     , -2.4277641408744420E-016)
  -1.5707963267948966        0.0000000000000000     
 ( 0.16986284639334970     ,  2.6496851727007753E-016)
  -1.5707963267948966        1.5707963267948966     
 ( 0.23869052062401275     ,  0.0000000000000000     )
  -1.5707963267948966        3.1415926535897931     
 ( 0.31979618742520033     , -2.4342800017597027E-016)
   0.0000000000000000       -1.5707963267948966     
 ( 0.16853921451029208     ,  1.2138820704372210E-016)
   0.0000000000000000        0.0000000000000000     
 (  16.007468466037171     ,  0.0000000000000000     )
   0.0000000000000000        1.5707963267948966     
 ( 0.16853921451029208     , -1.2138820704372210E-016)
   0.0000000000000000        3.1415926535897931     
 ( 0.23754101356533486     ,  9.7407984210759758E-016)
   1.5707963267948966       -1.5707963267948966     
 ( 0.23869052062401275     ,  0.0000000000000000     )
   1.5707963267948966        0.0000000000000000     
 ( 0.16986284639334970     , -2.6496851727007753E-016)
   1.5707963267948966        1.5707963267948966     
 ( 0.23782578902347562     ,  2.4277641408744420E-016)
   1.5707963267948966        3.1415926535897931     
 ( 0.31979618742520033     ,  2.0196438185114448E-016)
   3.1415926535897931       -1.5707963267948966     
 ( 0.32118429793652503     , -3.4343281196875339E-016)
   3.1415926535897931        0.0000000000000000     
 ( 0.23931296018013515     ,  9.7402624439021768E-016)
   3.1415926535897931        1.5707963267948966     
 ( 0.32118429793652481     ,  3.0196919364392769E-016)
   3.1415926535897931        3.1415926535897931     
 ( 0.38076894454320342     , -2.6678384260559423E-018)
   1.0000000000000000                1          16           1  0.10000000000000001     
 ( 0.99999999999994704     ,  0.0000000000000000     )
  -1.5707963267948966       -1.5707963267948966     
 ( 0.24159962907770349     , -2.0644927541757491E-017)
  -1.5707963267948966        0.0000000000000000     
 ( 0.17193715922967912     ,  9.3106119654817046E-016)
  -1.5707963267948966        1.5707963267948966     
 ( 0.23991561276011397     ,  8.8817841970012523E-016)
  -1.5707963267948966        3.1415926535897931     
 ( 0.32419311912592363     , -3.5439630590451026E-016)
   0.0000000000000000       -1.5707963267948966     
 ( 0.17168135412954755     ,  1.0095231859335196E-015)
   0.0000000000000000        0.0000000000000000     
 (  16.007996339755948     ,  0.0000000000000000     )
   0.0000000000000000        1.5707963267948966     
 ( 0.17168135412954755     , -1.0095231859335196E-015)
   0.0000000000000000        3.1415926535897931     
 ( 0.24173956816167919     ,  9.7398445125025312E-016)
   1.5707963267948966       -1.5707963267948966     
 ( 0.23991561276011397     , -8.8817841970012523E-016)
   1.5707963267948966        0.0000000000000000     
 ( 0.17193715922967912     , -9.3106119654817046E-016)
   1.5707963267948966        1.5707963267948966     
 ( 0.24159962907770349     ,  2.0644927541757491E-017)
   1.5707963267948966        3.1415926535897931     
 ( 0.32419311912592363     ,  3.1310645082099537E-016)
   3.1415926535897931       -1.5707963267948966     
 ( 0.32467001498932968     ,  3.2274444361666819E-016)
   3.1415926535897931        0.0000000000000000     
 ( 0.24159012483915787     ,  9.7394397339621608E-016)
   3.1415926535897931        1.5707963267948966     
 ( 0.32467001498932968     , -3.6403429870018317E-016)
   3.1415926535897931        3.1415926535897931     
 ( 0.38429015143736533     , -2.8054375644168761E-018)
   1.0000000000000000                1          16           1  0.10000000000000001     
 ( 0.99999999999998646     ,  0.0000000000000000     )
  -1.5707963267948966       -1.5707963267948966     
 ( 0.23910969453991238     ,  9.0247664055473186E-017)
  -1.5707963267948966        0.0000000000000000     
 ( 0.16840107163958440     ,  5.9809416338344095E-016)
  -1.5707963267948966        1.5707963267948966     
 ( 0.23846435173867675     , -1.1102230246251565E-016)
  -1.5707963267948966        3.1415926535897931     
 ( 0.32079291492426598     , -2.1459495819133837E-017)
   0.0000000000000000       -1.5707963267948966     
 ( 0.16927118296894672     ,  4.5447652905358383E-016)
   0.0000000000000000        0.0000000000000000     
 (  16.007549460291170     ,  0.0000000000000000     )
   0.0000000000000000        1.5707963267948966     
 ( 0.16927118296894672     , -4.5447652905358383E-016)
   0.0000000000000000        3.1415926535897931     
 ( 0.23806627012554615     ,  9.7402732398055551E-016)
   1.5707963267948966       -1.5707963267948966     
 ( 0.23846435173867675     ,  1.1102230246251565E-016)
   1.5707963267948966        0.0000000000000000     
 ( 0.16840107163958440     , -5.9809416338344095E-016)
   1.5707963267948966        1.5707963267948966     
 ( 0.23910969453991238     , -9.0247664055473186E-017)
   1.5707963267948966        3.1415926535897931     
 ( 0.32079291492426598     , -2.0089780994951100E-017)
   3.1415926535897931       -1.5707963267948966     
 ( 0.32052707106011435     ,  2.1165728572151007E-016)
   3.1415926535897931        0.0000000000000000     
 ( 0.23822696879983229     ,  9.7414372184185040E-016)
   3.1415926535897931        1.5707963267948966     
 ( 0.32052707106011413     , -2.5320656253559499E-016)
   3.1415926535897931        3.1415926535897931     
 ( 0.38115041908363689     , -2.6970332087802489E-018)
   1.0000000000000000                1          16           1  0.10000000000000001     
 (  1.0000000000000375     ,  0.0000000000000000     )
  -1.5707963267948966       -1.5707963267948966     
 ( 0.23907409553252623     ,  3.1224265124896106E-016)
  -1.5707963267948966        0.0000000000000000     
 ( 0.16917094313610259     ,  8.2009951650351371E-016)
  -1.5707963267948966        1.5707963267948966     
 ( 0.23816520702328547     ,  1.1102230246251565E-016)
  -1.5707963267948966        3.1415926535897931     
 ( 0.31967413404173883     ,  3.1155981659600446E-016)
   0.0000000000000000       -1.5707963267948966     
 ( 0.16763699873463578     ,  4.5450133791935554E-016)
   0.0000000000000000        0.0000000000000000     
 (  16.007514120322156     ,  0.0000000000000000     )
   0.0000000000000000        1.5707963267948966     
 ( 0.16763699873463578     , -4.5450133791935554E-016)
   0.0000000000000000        3.1415926535897931     
 ( 0.23787727342739051     ,  9.7421371717066283E-016)
   1.5707963267948966       -1.5707963267948966     
 ( 0.23816520702328547     , -1.1102230246251565E-016)
   1.5707963267948966        0.0000000000000000     
 ( 0.16917094313610259     , -8.2009951650351371E-016)
   1.5707963267948966        1.5707963267948966     
 ( 0.23907409553252623     , -3.1224265124896106E-016)
   1.5707963267948966        3.1415926535897931     
 ( 0.31967413404173883     , -3.5320832887317632E-016)
   3.1415926535897931       -1.5707963267948966     
 ( 0.31959787701341091     , -2.3245673299432424E-016)
   3.1415926535897931        0.0000000000000000     
 ( 0.23851999051823669     ,  9.7406521823193329E-016)
   3.1415926535897931        1.5707963267948966     
 ( 0.31959787701341091     ,  1.9080822071715248E-016)
   3.1415926535897931        3.1415926535897931     
 ( 0.37916792234390773     , -2.6826447478577627E-018)
   1.0000000000000000                1          16           1  0.10000000000000001     
 ( 0.99999999999995370     ,  0.0000000000000000     )
  -1.5707963267948966       -1.5707963267948966     
 ( 0.24137793193267632     ,  7.5645850425816698E-016)
  -1.5707963267948966        0.0000000000000000     
 ( 0.17180945018842131     ,  8.2003134374032629E-016)
  -1.5707963267948966        1.5707963267948966     
 ( 0.24106478314095803     ,  5.5511151231257827E-016)
  -1.5707963267948966        3.1415926535897931     
 ( 0.32315416093746063     ,  2.0064728868534714E-016)
   0.0000000000000000       -1.5707963267948966     
 ( 0.17142717514730887     ,  5.6546031880229957E-016)
   0.0000000000000000        0.0000000000000000     
 (  16.007587998417314     ,  0.0000000000000000     )
   0.0000000000000000        1.5707963267948966     
 ( 0.17142717514730887     , -5.6546031880229957E-016)
   0.0000000000000000        3.1415926535897931     
 ( 0.24094575223755343     ,  9.7394196829575895E-016)
   1.5707963267948966       -1.5707963267948966     
 ( 0.24106478314095803     , -5.5511151231257827E-016)
   1.5707963267948966        0.0000000000000000     
 ( 0.17180945018842131     , -8.2003134374032629E-016)
   1.5707963267948966        1.5707963267948966     
 ( 0.24137793193267632     , -7.5645850425816698E-016)
   1.5707963267948966        3.1415926535897931     
 ( 0.32315416093746063     , -2.4204251464423234E-016)
   3.1415926535897931       -1.5707963267948966     
 ( 0.32375876163128114     ,  1.0067349597279436E-016)
   3.1415926535897931        0.0000000000000000     
 ( 0.24149643510174701     ,  9.7392887270555865E-016)
   3.1415926535897931        1.5707963267948966     
 ( 0.32375876163128092     , -1.4206872193167955E-016)
   3.1415926535897931        3.1415926535897931     
 ( 0.38250852679893566     , -2.8391356710621016E-018)
   1.0000000000000000                1          16           1  0.10000000000000001     
 (  1.0000000000000064     ,  0.0000000000000000     )
  -1.5707963267948966       -1.5707963267948966     
 ( 0.23837119774141036     ,  9.0281605852665865E-017)
  -1.5707963267948966        0.0000000000000000     
 ( 0.16851575941046204     ,  4.2926551530208392E-017)
  -1.5707963267948966        1.5707963267948966     
 ( 0.23838720380560541     , -1.1102230246251565E-016)
  -1.5707963267948966        3.1415926535897931     
 ( 0.32127259616820636     ,  4.2264946439400698E-016)
   0.0000000000000000       -1.5707963267948966     
 ( 0.16884018682379409     ,  2.3241495322995623E-016)
   0.0000000000000000        0.0000000000000000     
 (  16.006288062989523     ,  0.0000000000000000     )
   0.0000000000000000        1.5707963267948966     
 ( 0.16884018682379409     , -2.3241495322995623E-016)
   0.0000000000000000        3.1415926535897931     
 ( 0.23867835253880165     ,  9.7404034671553077E-016)
   1.5707963267948966       -1.5707963267948966     
 ( 0.23838720380560541     ,  1.1102230246251565E-016)
   1.5707963267948966        0.0000000000000000     
 ( 0.16851575941046204     , -4.2926551530208392E-017)
   1.5707963267948966        1.5707963267948966     
 ( 0.23837119774141036     , -9.0281605852665865E-017)
   1.5707963267948966        3.1415926535897931     
 ( 0.32127259616820636     , -4.6413085761370656E-016)
   3.1415926535897931       -1.5707963267948966     
 ( 0.32010310696843791     , -1.0370348304924894E-017)
   3.1415926535897931        0.0000000000000000     
 ( 0.23788539159117406     ,  9.7403152276054212E-016)
   3.1415926535897931        1.5707963267948966     
 ( 0.32010310696843769     , -3.1111044914774659E-017)
   3.1415926535897931        3.1415926535897931     
 ( 0.38103417174368637     , -2.7015291186279418E-018)
   1.0000000000000000                1          16           1  0.10000000000000001     
 (  1.0000000000000162     ,  0.0000000000000000     )
  -1.5707963267948966       -1.5707963267948966     
 ( 0.24305216896882853     , -1.3165786938277116E-016)
  -1.5707963267948966        0.0000000000000000     
 ( 0.17469551021413887     ,  9.3098161646250818E-016)
  -1.5707963267948966        1.5707963267948966     
 ( 0.24292956942608912     ,  1.1102230246251565E-016)
  -1.5707963267948966        3.1415926535897931     
 ( 0.32497122288293390     , -3.5443284344208018E-016)
   0.0000000000000000       -1.5707963267948966     
 ( 0.17303143240444185     ,  4.5440699331019039E-016)
   0.0000000000000000        0.0000000000000000     
 (  16.008753810378227     ,  0.0000000000000000     )
   0.0000000000000000        1.5707963267948966     
 ( 0.17303143240444185     , -4.5440699331019039E-016)
   0.0000000000000000        3.1415926535897931     
 ( 0.24103126400220376     ,  9.7382212492402335E-016)
   1.5707963267948966       -1.5707963267948966     
 ( 0.24292956942608912     , -1.1102230246251565E-016)
   1.5707963267948966        0.0000000000000000     
 ( 0.17469551021413887     , -9.3098161646250818E-016)
   1.5707963267948966        1.5707963267948966     
 ( 0.24305216896882853     ,  1.3165786938277116E-016)
   1.5707963267948966        3.1415926535897931     
 ( 0.32497122288293390     ,  3.1316170960156917E-016)
   3.1415926535897931       -1.5707963267948966     
 ( 0.32604295912364611     , -2.3236238838515909E-016)
   3.1415926535897931        0.0000000000000000     
 ( 0.24375007333239274     ,  9.7378481322489093E-016)
   3.1415926535897931        1.5707963267948966     
 ( 0.32604295912364589     ,  1.9109125454464807E-016)
   3.1415926535897931        3.1415926535897931     
 ( 0.38505551546751293     , -2.8862473155971752E-018)
