   -1.570796     -1.570796      0.982491      0.010367
   -1.570796      0.000000      1.847892      0.001987
   -1.570796      1.570796      0.979857      0.010531
   -1.570796      3.141593      0.146052      0.001365
    0.000000     -1.570796      1.847515      0.001838
    0.000000      0.000000      1.933239      0.000829
    0.000000      1.570796      1.847515      0.001838
    0.000000      3.141593      0.979174      0.010269
    1.570796     -1.570796      0.979857      0.010531
    1.570796      0.000000      1.847892      0.001987
    1.570796      1.570796      0.982491      0.010367
    1.570796      3.141593      0.146052      0.001365
    3.141593     -1.570796      0.146513      0.000880
    3.141593      0.000000      0.972987      0.010280
    3.141593      1.570796      0.146513      0.000880
    3.141593      3.141593      0.065934      0.000381
