           2 (  15.999999999999508     ,  0.0000000000000000     ) (  1.0000000000000000     ,  0.0000000000000000     )
           2 (  15.999999999999911     ,  0.0000000000000000     ) (  1.0000000000000000     ,  0.0000000000000000     )
           2 (  16.000000000000455     ,  0.0000000000000000     ) (  1.0000000000000000     ,  0.0000000000000000     )
           2 (  15.999999999999934     ,  0.0000000000000000     ) (  1.0000000000000000     ,  0.0000000000000000     )
           2 (  16.000000000000366     ,  0.0000000000000000     ) (  1.0000000000000000     ,  0.0000000000000000     )
           2 (  16.000000000000032     ,  0.0000000000000000     ) (  1.0000000000000000     ,  0.0000000000000000     )
           2 (  15.999999999999657     ,  0.0000000000000000     ) (  1.0000000000000000     ,  0.0000000000000000     )
           2 (  16.000000000000039     ,  0.0000000000000000     ) (  1.0000000000000000     ,  0.0000000000000000     )
           2 (  16.000000000000096     ,  0.0000000000000000     ) (  1.0000000000000000     ,  0.0000000000000000     )
           2 (  15.999999999999927     ,  0.0000000000000000     ) (  1.0000000000000000     ,  0.0000000000000000     )
           2 (  15.999999999997538     ,  0.0000000000000000     ) (  1.0000000000000000     ,  0.0000000000000000     )
           2 (  16.000000000000046     ,  0.0000000000000000     ) (  1.0000000000000000     ,  0.0000000000000000     )
           2 (  15.999999999999956     ,  0.0000000000000000     ) (  1.0000000000000000     ,  0.0000000000000000     )
           2 (  15.999999999999973     ,  0.0000000000000000     ) (  1.0000000000000000     ,  0.0000000000000000     )
           2 (  15.999999999999215     ,  0.0000000000000000     ) (  1.0000000000000000     ,  0.0000000000000000     )
           2 (  15.999999999999543     ,  0.0000000000000000     ) (  1.0000000000000000     ,  0.0000000000000000     )
           2 (  16.000000000000572     ,  0.0000000000000000     ) (  1.0000000000000000     ,  0.0000000000000000     )
           2 (  15.999999999999291     ,  0.0000000000000000     ) (  1.0000000000000000     ,  0.0000000000000000     )
           2 (  16.000000000000004     ,  0.0000000000000000     ) (  1.0000000000000000     ,  0.0000000000000000     )
           2 (  16.000000000000192     ,  0.0000000000000000     ) (  1.0000000000000000     ,  0.0000000000000000     )
