           2 (  7.6211632673079226     ,  0.0000000000000000     ) (  1.0000000000000000     ,  0.0000000000000000     )
           2 (  7.6159591278342385     ,  0.0000000000000000     ) (  1.0000000000000000     ,  0.0000000000000000     )
           2 (  7.6615961294348711     ,  0.0000000000000000     ) (  1.0000000000000000     ,  0.0000000000000000     )
           2 (  7.5990036905504299     ,  0.0000000000000000     ) (  1.0000000000000000     ,  0.0000000000000000     )
           2 (  7.6397525054334308     ,  0.0000000000000000     ) (  1.0000000000000000     ,  0.0000000000000000     )
           2 (  7.7085315105168775     ,  0.0000000000000000     ) (  1.0000000000000000     ,  0.0000000000000000     )
           2 (  7.5845906504941247     ,  0.0000000000000000     ) (  1.0000000000000000     ,  0.0000000000000000     )
           2 (  7.6985277113586479     ,  0.0000000000000000     ) (  1.0000000000000000     ,  0.0000000000000000     )
           2 (  7.5489164149352286     ,  0.0000000000000000     ) (  1.0000000000000000     ,  0.0000000000000000     )
           2 (  7.5261350823555651     ,  0.0000000000000000     ) (  1.0000000000000000     ,  0.0000000000000000     )
           2 (  7.5015338639004199     ,  0.0000000000000000     ) (  1.0000000000000000     ,  0.0000000000000000     )
           2 (  7.6101691061035730     ,  0.0000000000000000     ) (  1.0000000000000000     ,  0.0000000000000000     )
           2 (  7.5083781100253555     ,  0.0000000000000000     ) (  1.0000000000000000     ,  0.0000000000000000     )
           2 (  7.5537781923038958     ,  0.0000000000000000     ) (  1.0000000000000000     ,  0.0000000000000000     )
           2 (  7.6472199256398872     ,  0.0000000000000000     ) (  1.0000000000000000     ,  0.0000000000000000     )
           2 (  7.5562513840877559     ,  0.0000000000000000     ) (  1.0000000000000000     ,  0.0000000000000000     )
           2 (  7.5394356351490588     ,  0.0000000000000000     ) (  1.0000000000000000     ,  0.0000000000000000     )
           2 (  7.6354464770253108     ,  0.0000000000000000     ) (  1.0000000000000000     ,  0.0000000000000000     )
           2 (  7.5497321613975803     ,  0.0000000000000000     ) (  1.0000000000000000     ,  0.0000000000000000     )
           2 (  7.6960727784394916     ,  0.0000000000000000     ) (  1.0000000000000000     ,  0.0000000000000000     )
