   1.0000000000000000                1          16           1  0.10000000000000001     
 (  0.0000000000000000     ,  0.0000000000000000     )
  -1.5707963267948966       -1.5707963267948966     
 ( 0.64503472501931047     , -4.2102343384151019E-018)
  -1.5707963267948966        0.0000000000000000     
 ( 0.44693892792306616     ,  1.5240031575116927E-019)
  -1.5707963267948966        1.5707963267948966     
 ( 0.63079607463437437     ,  2.7755575615628914E-017)
  -1.5707963267948966        3.1415926535897931     
 ( 0.84128866523865731     , -2.6070194403758269E-017)
   0.0000000000000000       -1.5707963267948966     
 ( 0.41372806700744408     ,  1.5982904977022008E-017)
   0.0000000000000000        0.0000000000000000     
 ( 0.27205689541837236     ,  0.0000000000000000     )
   0.0000000000000000        1.5707963267948966     
 ( 0.41372806700744408     , -1.5982904977022008E-017)
   0.0000000000000000        3.1415926535897931     
 ( 0.60935470481022480     ,  3.3038194497560790E-018)
   1.5707963267948966       -1.5707963267948966     
 ( 0.63079607463437437     , -2.7755575615628914E-017)
   1.5707963267948966        0.0000000000000000     
 ( 0.44693892792306616     , -1.5240031575116927E-019)
   1.5707963267948966        1.5707963267948966     
 ( 0.64503472501931047     ,  4.2102343384151019E-018)
   1.5707963267948966        3.1415926535897931     
 ( 0.84128866523865775     , -3.7861425504329756E-017)
   3.1415926535897931       -1.5707963267948966     
 ( 0.82335763793901418     ,  9.5039397485493646E-017)
   3.1415926535897931        0.0000000000000000     
 ( 0.62679873249582996     ,  3.0480063150233854E-019)
   3.1415926535897931        1.5707963267948966     
 ( 0.82335763793901418     , -1.0345986616232385E-016)
   3.1415926535897931        3.1415926535897931     
 (  3.0789198380975589     ,  2.4889112327843816E-016)
   1.0000000000000000                1          16           1  0.10000000000000001     
 (  0.0000000000000000     ,  0.0000000000000000     )
  -1.5707963267948966       -1.5707963267948966     
 ( 0.63959318908227170     ,  1.0693264902490731E-016)
  -1.5707963267948966        0.0000000000000000     
 ( 0.41351937961191432     ,  1.1987661265751155E-018)
  -1.5707963267948966        1.5707963267948966     
 ( 0.64143616690015248     ,  8.3266726846886741E-017)
  -1.5707963267948966        3.1415926535897931     
 ( 0.83918291364943354     ,  5.8046976809173616E-017)
   0.0000000000000000       -1.5707963267948966     
 ( 0.45191937266611426     , -1.1832961089010283E-017)
   0.0000000000000000        0.0000000000000000     
 ( 0.24367587714847216     ,  0.0000000000000000     )
   0.0000000000000000        1.5707963267948966     
 ( 0.45191937266611426     ,  1.1832961089010283E-017)
   0.0000000000000000        3.1415926535897931     
 ( 0.60630966402419040     , -3.2975577048920894E-018)
   1.5707963267948966       -1.5707963267948966     
 ( 0.64143616690015248     , -8.3266726846886741E-017)
   1.5707963267948966        0.0000000000000000     
 ( 0.41351937961191432     , -1.1987661265751155E-018)
   1.5707963267948966        1.5707963267948966     
 ( 0.63959318908227170     , -1.0693264902490731E-016)
   1.5707963267948966        3.1415926535897931     
 ( 0.83918291364943376     , -1.2173743491564814E-016)
   3.1415926535897931       -1.5707963267948966     
 ( 0.82331138516760816     ,  5.3466324512453656E-017)
   3.1415926535897931        0.0000000000000000     
 ( 0.62251755515855911     ,  2.3975322531502373E-018)
   3.1415926535897931        1.5707963267948966     
 ( 0.82331138516760816     , -6.1645631387670340E-017)
   3.1415926535897931        3.1415926535897931     
 (  3.1015925255970678     ,  2.5148266974234384E-016)
   1.0000000000000000                1          16           1  0.10000000000000001     
 (  0.0000000000000000     ,  0.0000000000000000     )
  -1.5707963267948966       -1.5707963267948966     
 ( 0.64162285114053630     , -1.4323145437652112E-016)
  -1.5707963267948966        0.0000000000000000     
 ( 0.42792082593585457     , -1.3764576721617702E-016)
  -1.5707963267948966        1.5707963267948966     
 ( 0.67951506187690225     , -1.1102230246251565E-016)
  -1.5707963267948966        3.1415926535897931     
 ( 0.83683019840714801     , -9.4053950426364884E-019)
   0.0000000000000000       -1.5707963267948966     
 ( 0.43987040729343330     , -2.5528787466440641E-017)
   0.0000000000000000        0.0000000000000000     
 ( 0.19946622633120203     ,  0.0000000000000000     )
   0.0000000000000000        1.5707963267948966     
 ( 0.43987040729343330     ,  2.5528787466440641E-017)
   0.0000000000000000        3.1415926535897931     
 ( 0.63453055822308901     , -2.8010139979747276E-018)
   1.5707963267948966       -1.5707963267948966     
 ( 0.67951506187690225     ,  1.1102230246251565E-016)
   1.5707963267948966        0.0000000000000000     
 ( 0.42792082593585457     ,  1.3764576721617702E-016)
   1.5707963267948966        1.5707963267948966     
 ( 0.64162285114053630     ,  1.4323145437652112E-016)
   1.5707963267948966        3.1415926535897931     
 ( 0.83683019840714823     , -6.3477764323747269E-017)
   3.1415926535897931       -1.5707963267948966     
 ( 0.81166368291337876     ,  3.9406575274255095E-017)
   3.1415926535897931        0.0000000000000000     
 ( 0.69335297246279515     ,  2.2642217239350747E-018)
   3.1415926535897931        1.5707963267948966     
 ( 0.81166368291337876     , -4.8313727871008183E-017)
   3.1415926535897931        3.1415926535897931     
 (  2.9670061231318821     ,  2.4278059543183539E-016)
   1.0000000000000000                1          16           1  0.10000000000000001     
 (  0.0000000000000000     ,  0.0000000000000000     )
  -1.5707963267948966       -1.5707963267948966     
 ( 0.68027821028671742     ,  8.0642925549055836E-017)
  -1.5707963267948966        0.0000000000000000     
 ( 0.44261301421888222     , -3.5429315732906160E-017)
  -1.5707963267948966        1.5707963267948966     
 ( 0.64147550371996986     , -2.7755575615628914E-017)
  -1.5707963267948966        3.1415926535897931     
 ( 0.81616579262731703     ,  1.4745026065671757E-016)
   0.0000000000000000       -1.5707963267948966     
 ( 0.41837978978873713     ,  1.5189688456729909E-017)
   0.0000000000000000        0.0000000000000000     
 (  2.9612856392677439E-002,  0.0000000000000000     )
   0.0000000000000000        1.5707963267948966     
 ( 0.41837978978873713     , -1.5189688456729909E-017)
   0.0000000000000000        3.1415926535897931     
 ( 0.65431514579506389     , -9.3582351029488779E-018)
   1.5707963267948966       -1.5707963267948966     
 ( 0.64147550371996986     ,  2.7755575615628914E-017)
   1.5707963267948966        0.0000000000000000     
 ( 0.44261301421888222     ,  3.5429315732906160E-017)
   1.5707963267948966        1.5707963267948966     
 ( 0.68027821028671742     , -8.0642925549055836E-017)
   1.5707963267948966        3.1415926535897931     
 ( 0.81616579262731703     , -2.0820901448363721E-016)
   3.1415926535897931       -1.5707963267948966     
 ( 0.87683306627153412     ,  1.2358818962141466E-016)
   3.1415926535897931        0.0000000000000000     
 ( 0.60496979886614255     , -1.5347480234554500E-017)
   3.1415926535897931        1.5707963267948966     
 ( 0.87683306627153412     , -1.2883579221707647E-016)
   3.1415926535897931        3.1415926535897931     
 (  3.1601095998442816     ,  2.5677821112404221E-016)
   1.0000000000000000                1          16           1  0.10000000000000001     
 (  0.0000000000000000     ,  0.0000000000000000     )
  -1.5707963267948966       -1.5707963267948966     
 ( 0.67752991783013239     ,  3.8742569362184241E-017)
  -1.5707963267948966        0.0000000000000000     
 ( 0.44916901703141421     , -7.0084120706171255E-017)
  -1.5707963267948966        1.5707963267948966     
 ( 0.67287014743294127     ,  2.7755575615628914E-017)
  -1.5707963267948966        3.1415926535897931     
 ( 0.82492131483528452     ,  4.0323650767131908E-017)
   0.0000000000000000       -1.5707963267948966     
 ( 0.42865511869102169     ,  2.9200972646258481E-017)
   0.0000000000000000        0.0000000000000000     
 ( 0.21096842572909308     ,  0.0000000000000000     )
   0.0000000000000000        1.5707963267948966     
 ( 0.42865511869102169     , -2.9200972646258481E-017)
   0.0000000000000000        3.1415926535897931     
 ( 0.64492451643412518     , -8.6784302659074459E-020)
   1.5707963267948966       -1.5707963267948966     
 ( 0.67287014743294127     , -2.7755575615628914E-017)
   1.5707963267948966        0.0000000000000000     
 ( 0.44916901703141421     ,  7.0084120706171255E-017)
   1.5707963267948966        1.5707963267948966     
 ( 0.67752991783013239     , -3.8742569362184241E-017)
   1.5707963267948966        3.1415926535897931     
 ( 0.82492131483528452     , -1.0161639012090799E-016)
   3.1415926535897931       -1.5707963267948966     
 ( 0.84179228776335457     ,  1.2432390777184892E-017)
   3.1415926535897931        0.0000000000000000     
 ( 0.66466325193504194     , -1.3903633341979484E-018)
   3.1415926535897931        1.5707963267948966     
 ( 0.84179228776335457     , -1.8213978899703147E-017)
   3.1415926535897931        3.1415926535897931     
 (  2.8696919460168120     ,  2.2751148120785639E-016)
   1.0000000000000000                1          16           1  0.10000000000000001     
 (  0.0000000000000000     ,  0.0000000000000000     )
  -1.5707963267948966       -1.5707963267948966     
 ( 0.65106624460482343     , -1.2845641666288709E-016)
  -1.5707963267948966        0.0000000000000000     
 ( 0.45864232817332790     ,  4.1237911654996665E-017)
  -1.5707963267948966        1.5707963267948966     
 ( 0.66817998648916799     , -9.7144514654701197E-017)
  -1.5707963267948966        3.1415926535897931     
 ( 0.80553161847908039     ,  1.4256733460612126E-017)
   0.0000000000000000       -1.5707963267948966     
 ( 0.42617496586405917     ,  1.5655951004092944E-017)
   0.0000000000000000        0.0000000000000000     
 ( 0.23747087476801182     ,  0.0000000000000000     )
   0.0000000000000000        1.5707963267948966     
 ( 0.42617496586405917     , -1.5655951004092944E-017)
   0.0000000000000000        3.1415926535897931     
 ( 0.63205955738696007     ,  1.0520022427748025E-018)
   1.5707963267948966       -1.5707963267948966     
 ( 0.66817998648916799     ,  9.7144514654701197E-017)
   1.5707963267948966        0.0000000000000000     
 ( 0.45864232817332790     , -4.1237911654996665E-017)
   1.5707963267948966        1.5707963267948966     
 ( 0.65106624460482343     ,  1.2845641666288709E-016)
   1.5707963267948966        3.1415926535897931     
 ( 0.80553161847908039     , -7.6880537476983904E-017)
   3.1415926535897931       -1.5707963267948966     
 ( 0.83472248236954272     ,  5.3732988034979339E-017)
   3.1415926535897931        0.0000000000000000     
 ( 0.66689734661234867     , -7.9090353689341753E-019)
   3.1415926535897931        1.5707963267948966     
 ( 0.83472248236954272     , -6.0845640820093278E-017)
   3.1415926535897931        3.1415926535897931     
 (  2.9206712140146456     ,  2.3634404265688192E-016)
   1.0000000000000000                1          16           1  0.10000000000000001     
 (  0.0000000000000000     ,  0.0000000000000000     )
  -1.5707963267948966       -1.5707963267948966     
 ( 0.67027913094395453     , -3.1172156290653500E-017)
  -1.5707963267948966        0.0000000000000000     
 ( 0.44241836882904129     , -5.6838802515749272E-017)
  -1.5707963267948966        1.5707963267948966     
 ( 0.65739320799940315     ,  0.0000000000000000     )
  -1.5707963267948966        3.1415926535897931     
 ( 0.82665663183645610     , -2.6311835143189725E-017)
   0.0000000000000000       -1.5707963267948966     
 ( 0.41613732486773813     ,  1.5586078145326750E-017)
   0.0000000000000000        0.0000000000000000     
 (  9.4406474241745780E-002,  0.0000000000000000     )
   0.0000000000000000        1.5707963267948966     
 ( 0.41613732486773813     , -1.5586078145326750E-017)
   0.0000000000000000        3.1415926535897931     
 ( 0.58784919990672890     , -9.1860129131993189E-018)
   1.5707963267948966       -1.5707963267948966     
 ( 0.65739320799940315     ,  0.0000000000000000     )
   1.5707963267948966        0.0000000000000000     
 ( 0.44241836882904129     ,  5.6838802515749272E-017)
   1.5707963267948966        1.5707963267948966     
 ( 0.67027913094395453     ,  3.1172156290653500E-017)
   1.5707963267948966        3.1415926535897931     
 ( 0.82665663183645610     , -3.6032477438117265E-017)
   3.1415926535897931       -1.5707963267948966     
 ( 0.85763389761698383     ,  6.7680648701559988E-017)
   3.1415926535897931        0.0000000000000000     
 ( 0.74706588160712251     , -2.6553025689828952E-018)
   3.1415926535897931        1.5707963267948966     
 ( 0.85763389761698383     , -1.0226938566723807E-016)
   3.1415926535897931        3.1415926535897931     
 (  3.0373459948096340     ,  2.4744147855720285E-016)
   1.0000000000000000                1          16           1  0.10000000000000001     
 (  0.0000000000000000     ,  0.0000000000000000     )
  -1.5707963267948966       -1.5707963267948966     
 ( 0.64771165200143754     , -7.2458606424446731E-017)
  -1.5707963267948966        0.0000000000000000     
 ( 0.43618601461403761     , -1.8017016247044670E-016)
  -1.5707963267948966        1.5707963267948966     
 ( 0.63885948251634439     , -4.1633363423443370E-017)
  -1.5707963267948966        3.1415926535897931     
 ( 0.82358851846124559     , -3.9544220056909130E-017)
   0.0000000000000000       -1.5707963267948966     
 ( 0.43298034590016810     , -2.6220741922941690E-017)
   0.0000000000000000        0.0000000000000000     
 ( 0.24407966593710656     ,  0.0000000000000000     )
   0.0000000000000000        1.5707963267948966     
 ( 0.43298034590016810     ,  2.6220741922941690E-017)
   0.0000000000000000        3.1415926535897931     
 ( 0.65205683872846021     ,  1.8477356318537186E-018)
   1.5707963267948966       -1.5707963267948966     
 ( 0.63885948251634439     ,  4.1633363423443370E-017)
   1.5707963267948966        0.0000000000000000     
 ( 0.43618601461403761     ,  1.8017016247044670E-016)
   1.5707963267948966        1.5707963267948966     
 ( 0.64771165200143754     ,  7.2458606424446731E-017)
   1.5707963267948966        3.1415926535897931     
 ( 0.82358851846124559     , -2.2106265945097585E-017)
   3.1415926535897931       -1.5707963267948966     
 ( 0.84151473553498091     ,  1.2336525657764289E-016)
   3.1415926535897931        0.0000000000000000     
 ( 0.63616660201217623     ,  4.8215806228245522E-019)
   3.1415926535897931        1.5707963267948966     
 ( 0.84151473553498091     , -1.0174901573276287E-016)
   3.1415926535897931        3.1415926535897931     
 (  2.9767515395867434     ,  2.3951152312003446E-016)
   1.0000000000000000                1          16           1  0.10000000000000001     
 (  0.0000000000000000     ,  0.0000000000000000     )
  -1.5707963267948966       -1.5707963267948966     
 ( 0.66630054997455945     , -6.9139349451026193E-018)
  -1.5707963267948966        0.0000000000000000     
 ( 0.43557010051239586     , -1.5620997286728867E-018)
  -1.5707963267948966        1.5707963267948966     
 ( 0.63068441273964704     ,  8.3266726846886741E-017)
  -1.5707963267948966        3.1415926535897931     
 ( 0.81088134489179720     ,  6.0726745343285639E-017)
   0.0000000000000000       -1.5707963267948966     
 ( 0.42849304235362051     , -1.0420820335263147E-017)
   0.0000000000000000        0.0000000000000000     
 ( 0.18336320180830865     ,  0.0000000000000000     )
   0.0000000000000000        1.5707963267948966     
 ( 0.42849304235362051     ,  1.0420820335263147E-017)
   0.0000000000000000        3.1415926535897931     
 ( 0.67032029015176731     , -2.0222548183514592E-019)
   1.5707963267948966       -1.5707963267948966     
 ( 0.63068441273964704     , -8.3266726846886741E-017)
   1.5707963267948966        0.0000000000000000     
 ( 0.43557010051239586     ,  1.5620997286728867E-018)
   1.5707963267948966        1.5707963267948966     
 ( 0.66630054997455945     ,  6.9139349451026193E-018)
   1.5707963267948966        3.1415926535897931     
 ( 0.81088134489179764     , -1.3006576646474870E-016)
   3.1415926535897931       -1.5707963267948966     
 ( 0.81524488514981808     ,  9.3687547182149894E-017)
   3.1415926535897931        0.0000000000000000     
 ( 0.63675495009144656     , -3.1241994573457733E-018)
   3.1415926535897931        1.5707963267948966     
 ( 0.81524488514981808     , -7.9759841456726207E-017)
   3.1415926535897931        3.1415926535897931     
 (  3.1607546792370931     ,  2.6797305727920127E-016)
   1.0000000000000000                1          16           1  0.10000000000000001     
 (  0.0000000000000000     ,  0.0000000000000000     )
  -1.5707963267948966       -1.5707963267948966     
 ( 0.66580016489645133     , -1.1529002606400163E-016)
  -1.5707963267948966        0.0000000000000000     
 ( 0.43190239153170562     , -1.4137813326142542E-017)
  -1.5707963267948966        1.5707963267948966     
 ( 0.65328166565262369     ,  2.7755575615628914E-017)
  -1.5707963267948966        3.1415926535897931     
 ( 0.85543977281403982     , -1.3646775945070962E-017)
   0.0000000000000000       -1.5707963267948966     
 ( 0.42295074977481928     , -1.1743926007071473E-017)
   0.0000000000000000        0.0000000000000000     
 ( 0.18891662770913564     ,  0.0000000000000000     )
   0.0000000000000000        1.5707963267948966     
 ( 0.42295074977481928     ,  1.1743926007071473E-017)
   0.0000000000000000        3.1415926535897931     
 ( 0.67252709240752595     ,  9.5168653345236058E-019)
   1.5707963267948966       -1.5707963267948966     
 ( 0.65328166565262369     , -2.7755575615628914E-017)
   1.5707963267948966        0.0000000000000000     
 ( 0.43190239153170562     ,  1.4137813326142542E-017)
   1.5707963267948966        1.5707963267948966     
 ( 0.66580016489645133     ,  1.1529002606400163E-016)
   1.5707963267948966        3.1415926535897931     
 ( 0.85543977281403982     , -5.0399822489158787E-017)
   3.1415926535897931       -1.5707963267948966     
 ( 0.82596003619124447     ,  8.1132865046143754E-017)
   3.1415926535897931        0.0000000000000000     
 ( 0.66639507739876624     , -5.2005103665617077E-019)
   3.1415926535897931        1.5707963267948966     
 ( 0.82596003619124447     , -8.9668312249115688E-017)
   3.1415926535897931        3.1415926535897931     
 (  2.9984240995848279     ,  2.4327429566379038E-016)
   1.0000000000000000                1          16           1  0.10000000000000001     
 (  0.0000000000000000     ,  0.0000000000000000     )
  -1.5707963267948966       -1.5707963267948966     
 ( 0.63951320342108753     , -1.3920090115221042E-016)
  -1.5707963267948966        0.0000000000000000     
 ( 0.44829685520850338     , -5.4538022860649216E-017)
  -1.5707963267948966        1.5707963267948966     
 ( 0.68815488627862331     , -1.3877787807814457E-017)
  -1.5707963267948966        3.1415926535897931     
 ( 0.84945715358845375     ,  2.5778434022578229E-017)
   0.0000000000000000       -1.5707963267948966     
 ( 0.42694222423971995     ,  5.5722662768290753E-017)
   0.0000000000000000        0.0000000000000000     
 ( 0.24513436887943724     ,  0.0000000000000000     )
   0.0000000000000000        1.5707963267948966     
 ( 0.42694222423971995     , -5.5722662768290753E-017)
   0.0000000000000000        3.1415926535897931     
 ( 0.60356942996547447     , -3.1722329962144168E-019)
   1.5707963267948966       -1.5707963267948966     
 ( 0.68815488627862331     ,  1.3877787807814457E-017)
   1.5707963267948966        0.0000000000000000     
 ( 0.44829685520850338     ,  5.4538022860649216E-017)
   1.5707963267948966        1.5707963267948966     
 ( 0.63951320342108753     ,  1.3920090115221042E-016)
   1.5707963267948966        3.1415926535897931     
 ( 0.84945715358845375     , -8.2135631401967755E-017)
   3.1415926535897931       -1.5707963267948966     
 ( 0.87742059413602269     ,  9.6933003117668271E-017)
   3.1415926535897931        0.0000000000000000     
 ( 0.68324412622115793     ,  1.9462567412172349E-018)
   3.1415926535897931        1.5707963267948966     
 ( 0.87742059413602269     , -9.7779049265799964E-017)
   3.1415926535897931        3.1415926535897931     
 (  2.8577153092360783     ,  2.1728226514024726E-016)
   1.0000000000000000                1          16           1  0.10000000000000001     
 (  0.0000000000000000     ,  0.0000000000000000     )
  -1.5707963267948966       -1.5707963267948966     
 ( 0.64427840590952834     ,  8.0524762122605275E-017)
  -1.5707963267948966        0.0000000000000000     
 ( 0.44111758114763611     ,  8.2220795573178063E-017)
  -1.5707963267948966        1.5707963267948966     
 ( 0.68077777883355162     , -2.7755575615628914E-017)
  -1.5707963267948966        3.1415926535897931     
 ( 0.83804257178353425     ,  1.1153120010932645E-016)
   0.0000000000000000       -1.5707963267948966     
 ( 0.45093934121226042     ,  4.3004345785584103E-017)
   0.0000000000000000        0.0000000000000000     
 ( 0.20697500163020471     ,  0.0000000000000000     )
   0.0000000000000000        1.5707963267948966     
 ( 0.45093934121226042     , -4.3004345785584103E-017)
   0.0000000000000000        3.1415926535897931     
 ( 0.65090176295410573     , -2.6943403919679387E-018)
   1.5707963267948966       -1.5707963267948966     
 ( 0.68077777883355162     ,  2.7755575615628914E-017)
   1.5707963267948966        0.0000000000000000     
 ( 0.44111758114763611     , -8.2220795573178063E-017)
   1.5707963267948966        1.5707963267948966     
 ( 0.64427840590952834     , -8.0524762122605275E-017)
   1.5707963267948966        3.1415926535897931     
 ( 0.83804257178353425     , -1.7252628078914721E-016)
   3.1415926535897931       -1.5707963267948966     
 ( 0.82056673661897661     ,  1.0965132010037492E-016)
   3.1415926535897931        0.0000000000000000     
 ( 0.64109745270920948     , -2.0918625474173792E-018)
   3.1415926535897931        1.5707963267948966     
 ( 0.82056673661897661     , -8.7379673933308926E-017)
   3.1415926535897931        3.1415926535897931     
 (  2.9444963986443655     ,  2.3658788611110758E-016)
   1.0000000000000000                1          16           1  0.10000000000000001     
 (  0.0000000000000000     ,  0.0000000000000000     )
  -1.5707963267948966       -1.5707963267948966     
 ( 0.68752992414660419     , -1.5380261196415026E-017)
  -1.5707963267948966        0.0000000000000000     
 ( 0.43208434962896747     , -2.8097394907968729E-017)
  -1.5707963267948966        1.5707963267948966     
 ( 0.67068984833096090     ,  1.3877787807814457E-017)
  -1.5707963267948966        3.1415926535897931     
 ( 0.88906648189712900     , -3.1773548925770571E-017)
   0.0000000000000000       -1.5707963267948966     
 ( 0.43522555482028813     , -2.7004338921328629E-017)
   0.0000000000000000        0.0000000000000000     
 ( 0.20203239737344617     ,  0.0000000000000000     )
   0.0000000000000000        1.5707963267948966     
 ( 0.43522555482028813     ,  2.7004338921328629E-017)
   0.0000000000000000        3.1415926535897931     
 ( 0.66878248930082418     ,  2.2274918995838115E-020)
   1.5707963267948966       -1.5707963267948966     
 ( 0.67068984833096090     , -1.3877787807814457E-017)
   1.5707963267948966        0.0000000000000000     
 ( 0.43208434962896747     ,  2.8097394907968729E-017)
   1.5707963267948966        1.5707963267948966     
 ( 0.68752992414660419     ,  1.5380261196415026E-017)
   1.5707963267948966        3.1415926535897931     
 ( 0.88906648189712900     , -2.6742549082688394E-017)
   3.1415926535897931       -1.5707963267948966     
 ( 0.82725614860481866     , -1.4629024502114741E-017)
   3.1415926535897931        0.0000000000000000     
 ( 0.65097163652700596     , -6.8363858467963181E-019)
   3.1415926535897931        1.5707963267948966     
 ( 0.82725614860481866     ,  1.1624077724913603E-017)
   3.1415926535897931        3.1415926535897931     
 (  2.8403198069283659     ,  2.1846158772895582E-016)
   1.0000000000000000                1          16           1  0.10000000000000001     
 (  0.0000000000000000     ,  0.0000000000000000     )
  -1.5707963267948966       -1.5707963267948966     
 ( 0.66472124778612374     , -8.7033744103856203E-017)
  -1.5707963267948966        0.0000000000000000     
 ( 0.45404296981214576     , -5.7148990096954924E-017)
  -1.5707963267948966        1.5707963267948966     
 ( 0.64751009883520982     , -8.3266726846886741E-017)
  -1.5707963267948966        3.1415926535897931     
 ( 0.80697566194040959     ,  3.1184141944872925E-017)
   0.0000000000000000       -1.5707963267948966     
 ( 0.44583196191079610     , -1.1994279179329722E-017)
   0.0000000000000000        0.0000000000000000     
 ( 0.20107254379051240     ,  0.0000000000000000     )
   0.0000000000000000        1.5707963267948966     
 ( 0.44583196191079610     ,  1.1994279179329722E-017)
   0.0000000000000000        3.1415926535897931     
 ( 0.65076126662964318     , -2.4388910443372738E-018)
   1.5707963267948966       -1.5707963267948966     
 ( 0.64751009883520982     ,  8.3266726846886741E-017)
   1.5707963267948966        0.0000000000000000     
 ( 0.45404296981214576     ,  5.7148990096954924E-017)
   1.5707963267948966        1.5707963267948966     
 ( 0.66472124778612374     ,  8.7033744103856203E-017)
   1.5707963267948966        3.1415926535897931     
 ( 0.80697566194040982     , -9.4229327690069677E-017)
   3.1415926535897931       -1.5707963267948966     
 ( 0.83412412306287675     ,  3.9749854794958639E-017)
   3.1415926535897931        0.0000000000000000     
 ( 0.65351751875844832     , -3.2756777313941870E-018)
   3.1415926535897931        1.5707963267948966     
 ( 0.83412412306287675     , -4.7283889308897564E-017)
   3.1415926535897931        3.1415926535897931     
 (  3.0113474479741229     ,  2.4767098343570382E-016)
   1.0000000000000000                1          16           1  0.10000000000000001     
 (  0.0000000000000000     ,  0.0000000000000000     )
  -1.5707963267948966       -1.5707963267948966     
 ( 0.63616408404545810     ,  1.0938103598563516E-016)
  -1.5707963267948966        0.0000000000000000     
 ( 0.44061096171624947     ,  2.5479676567956286E-017)
  -1.5707963267948966        1.5707963267948966     
 ( 0.68844422030577490     , -2.7755575615628914E-017)
  -1.5707963267948966        3.1415926535897931     
 ( 0.82036360622325566     ,  2.5962475605083979E-018)
   0.0000000000000000       -1.5707963267948966     
 ( 0.47599473754558264     ,  9.7965147893141445E-017)
   0.0000000000000000        0.0000000000000000     
 ( 0.16519089957158054     ,  0.0000000000000000     )
   0.0000000000000000        1.5707963267948966     
 ( 0.47599473754558264     , -9.7965147893141445E-017)
   0.0000000000000000        3.1415926535897931     
 ( 0.64653864430558694     , -8.5884437904925302E-018)
   1.5707963267948966       -1.5707963267948966     
 ( 0.68844422030577490     ,  2.7755575615628914E-017)
   1.5707963267948966        0.0000000000000000     
 ( 0.44061096171624947     , -2.5479676567956286E-017)
   1.5707963267948966        1.5707963267948966     
 ( 0.63616408404545810     , -1.0938103598563516E-016)
   1.5707963267948966        3.1415926535897931     
 ( 0.82036360622325566     , -6.1389931745527215E-017)
   3.1415926535897931       -1.5707963267948966     
 ( 0.82704133936890067     ,  4.0812730185003123E-017)
   3.1415926535897931        0.0000000000000000     
 ( 0.64169451967841618     , -4.5517980953452621E-018)
   3.1415926535897931        1.5707963267948966     
 ( 0.82704133936890067     , -7.1850838754393027E-017)
   3.1415926535897931        3.1415926535897931     
 (  2.9457280752133661     ,  2.3788025753638264E-016)
   1.0000000000000000                1          16           1  0.10000000000000001     
 (  0.0000000000000000     ,  0.0000000000000000     )
  -1.5707963267948966       -1.5707963267948966     
 ( 0.62790601911968258     , -4.5341324441190948E-018)
  -1.5707963267948966        0.0000000000000000     
 ( 0.43072915863927574     , -2.8243647158772577E-017)
  -1.5707963267948966        1.5707963267948966     
 ( 0.63174422348397274     , -1.1102230246251565E-016)
  -1.5707963267948966        3.1415926535897931     
 ( 0.80753630640373075     ,  9.0139489614171252E-017)
   0.0000000000000000       -1.5707963267948966     
 ( 0.43536783227813192     ,  1.6144854029874004E-017)
   0.0000000000000000        0.0000000000000000     
 ( 0.19572334807785408     ,  0.0000000000000000     )
   0.0000000000000000        1.5707963267948966     
 ( 0.43536783227813192     , -1.6144854029874004E-017)
   0.0000000000000000        3.1415926535897931     
 ( 0.65908011339738048     , -9.7556607532741348E-019)
   1.5707963267948966       -1.5707963267948966     
 ( 0.63174422348397274     ,  1.1102230246251565E-016)
   1.5707963267948966        0.0000000000000000     
 ( 0.43072915863927574     ,  2.8243647158772577E-017)
   1.5707963267948966        1.5707963267948966     
 ( 0.62790601911968258     ,  4.5341324441190948E-018)
   1.5707963267948966        3.1415926535897931     
 ( 0.80753630640373075     , -1.5471890573366727E-016)
   3.1415926535897931       -1.5707963267948966     
 ( 0.85450432869921589     ,  1.5038859966389947E-016)
   3.1415926535897931        0.0000000000000000     
 ( 0.64979334281557211     , -9.7614308628732639E-019)
   3.1415926535897931        1.5707963267948966     
 ( 0.85450432869921589     , -1.5945686455213766E-016)
   3.1415926535897931        3.1415926535897931     
 (  3.1417017664167770     ,  2.6135161126062971E-016)
   1.0000000000000000                1          16           1  0.10000000000000001     
 (  0.0000000000000000     ,  0.0000000000000000     )
  -1.5707963267948966       -1.5707963267948966     
 ( 0.66506808179479671     , -1.3601913271973248E-017)
  -1.5707963267948966        0.0000000000000000     
 ( 0.49945655229121266     , -5.8647626150089519E-017)
  -1.5707963267948966        1.5707963267948966     
 ( 0.66113910787677477     , -1.3877787807814457E-017)
  -1.5707963267948966        3.1415926535897931     
 ( 0.84669903987569251     , -1.0319279515384951E-018)
   0.0000000000000000       -1.5707963267948966     
 ( 0.42458228957284483     ,  2.7617638347708307E-017)
   0.0000000000000000        0.0000000000000000     
 ( 0.21735177982512649     ,  0.0000000000000000     )
   0.0000000000000000        1.5707963267948966     
 ( 0.42458228957284483     , -2.7617638347708307E-017)
   0.0000000000000000        3.1415926535897931     
 ( 0.73696396666113895     ,  6.4386520255121729E-018)
   1.5707963267948966       -1.5707963267948966     
 ( 0.66113910787677477     ,  1.3877787807814457E-017)
   1.5707963267948966        0.0000000000000000     
 ( 0.49945655229121266     ,  5.8647626150089519E-017)
   1.5707963267948966        1.5707963267948966     
 ( 0.66506808179479671     ,  1.3601913271973248E-017)
   1.5707963267948966        3.1415926535897931     
 ( 0.84669903987569273     ,  5.7094828254478748E-017)
   3.1415926535897931       -1.5707963267948966     
 ( 0.83805508817843888     ,  1.4015725075735063E-017)
   3.1415926535897931        0.0000000000000000     
 ( 0.67911627950782971     , -6.2729498376633991E-018)
   3.1415926535897931        1.5707963267948966     
 ( 0.83805508817843888     , -1.3463976004052638E-017)
   3.1415926535897931        3.1415926535897931     
 (  2.7268498372522365     ,  2.1432982450779623E-016)
   1.0000000000000000                1          16           1  0.10000000000000001     
 (  0.0000000000000000     ,  0.0000000000000000     )
  -1.5707963267948966       -1.5707963267948966     
 ( 0.66440262755819490     ,  4.5417013207384438E-017)
  -1.5707963267948966        0.0000000000000000     
 ( 0.41076893794813696     ,  3.0349607993335798E-017)
  -1.5707963267948966        1.5707963267948966     
 ( 0.68151987878608711     ,  2.7755575615628914E-017)
  -1.5707963267948966        3.1415926535897931     
 ( 0.77672994057113076     ,  1.9529942985135427E-016)
   0.0000000000000000       -1.5707963267948966     
 ( 0.42062800772128672     , -9.2097445642764506E-017)
   0.0000000000000000        0.0000000000000000     
 ( 0.25508639717938814     ,  0.0000000000000000     )
   0.0000000000000000        1.5707963267948966     
 ( 0.42062800772128672     ,  9.2097445642764506E-017)
   0.0000000000000000        3.1415926535897931     
 ( 0.63682348364196351     ,  3.1016547050281025E-018)
   1.5707963267948966       -1.5707963267948966     
 ( 0.68151987878608711     , -2.7755575615628914E-017)
   1.5707963267948966        0.0000000000000000     
 ( 0.41076893794813696     , -3.0349607993335798E-017)
   1.5707963267948966        1.5707963267948966     
 ( 0.66440262755819490     , -4.5417013207384438E-017)
   1.5707963267948966        3.1415926535897931     
 ( 0.77672994057113076     , -2.7099885713035888E-016)
   3.1415926535897931       -1.5707963267948966     
 ( 0.81930957123441284     ,  6.4341870027135592E-017)
   3.1415926535897931        0.0000000000000000     
 ( 0.65117900601742496     ,  5.1880647554137637E-018)
   3.1415926535897931        1.5707963267948966     
 ( 0.81930957123441284     , -5.6774570459253445E-017)
   3.1415926535897931        3.1415926535897931     
 (  3.0924699470090551     ,  2.6212728057462574E-016)
   1.0000000000000000                1          16           1  0.10000000000000001     
 (  0.0000000000000000     ,  0.0000000000000000     )
  -1.5707963267948966       -1.5707963267948966     
 ( 0.66372360861900059     , -3.3964564891082867E-017)
  -1.5707963267948966        0.0000000000000000     
 ( 0.42634435237074608     ,  2.3187312327707143E-018)
  -1.5707963267948966        1.5707963267948966     
 ( 0.63515264824127504     ,  2.7755575615628914E-017)
  -1.5707963267948966        3.1415926535897931     
 ( 0.80766745224264003     , -8.1292307506657581E-017)
   0.0000000000000000       -1.5707963267948966     
 ( 0.45120360005123983     , -1.2179559563260312E-016)
   0.0000000000000000        0.0000000000000000     
 ( 0.25273221637789745     ,  0.0000000000000000     )
   0.0000000000000000        1.5707963267948966     
 ( 0.45120360005123983     ,  1.2179559563260312E-016)
   0.0000000000000000        3.1415926535897931     
 ( 0.69470716664288623     ,  2.7574259334759732E-018)
   1.5707963267948966       -1.5707963267948966     
 ( 0.63515264824127504     , -2.7755575615628914E-017)
   1.5707963267948966        0.0000000000000000     
 ( 0.42634435237074608     , -2.3187312327707143E-018)
   1.5707963267948966        1.5707963267948966     
 ( 0.66372360861900059     ,  3.3964564891082867E-017)
   1.5707963267948966        3.1415926535897931     
 ( 0.80766745224264003     ,  1.3363177724491840E-017)
   3.1415926535897931       -1.5707963267948966     
 ( 0.81638463639714320     ,  1.0773293170087480E-017)
   3.1415926535897931        0.0000000000000000     
 ( 0.67569199787981171     ,  4.6374624655414286E-018)
   3.1415926535897931        1.5707963267948966     
 ( 0.81638463639714320     , -2.3191271720995381E-017)
   3.1415926535897931        3.1415926535897931     
 (  3.0010499425560333     ,  2.5254634894247752E-016)
   1.0000000000000000                1          16           1  0.10000000000000001     
 (  0.0000000000000000     ,  0.0000000000000000     )
  -1.5707963267948966       -1.5707963267948966     
 ( 0.67443633704952544     ,  7.4541043937427480E-017)
  -1.5707963267948966        0.0000000000000000     
 ( 0.33141094868449239     ,  6.0101641127358241E-017)
  -1.5707963267948966        1.5707963267948966     
 ( 0.64588444655879795     ,  6.9388939039072284E-017)
  -1.5707963267948966        3.1415926535897931     
 ( 0.86272210701913499     ,  8.2978060780516604E-017)
   0.0000000000000000       -1.5707963267948966     
 ( 0.36112433985796277     , -3.7270521968713740E-017)
   0.0000000000000000        0.0000000000000000     
 ( 0.16442462496702709     ,  0.0000000000000000     )
   0.0000000000000000        1.5707963267948966     
 ( 0.36112433985796277     ,  3.7270521968713740E-017)
   0.0000000000000000        3.1415926535897931     
 ( 0.64882508407443606     ,  5.5722059641316922E-018)
   1.5707963267948966       -1.5707963267948966     
 ( 0.64588444655879795     , -6.9388939039072284E-017)
   1.5707963267948966        0.0000000000000000     
 ( 0.33141094868449239     , -6.0101641127358241E-017)
   1.5707963267948966        1.5707963267948966     
 ( 0.67443633704952544     , -7.4541043937427480E-017)
   1.5707963267948966        3.1415926535897931     
 ( 0.86272210701913499     , -1.5594057783069295E-016)
   3.1415926535897931       -1.5707963267948966     
 ( 0.88694934225450017     ,  7.8903885392157104E-017)
   3.1415926535897931        0.0000000000000000     
 ( 0.64833405088523932     ,  9.1809797922008284E-018)
   3.1415926535897931        1.5707963267948966     
 ( 0.88694934225450017     , -9.6355251211075625E-017)
   3.1415926535897931        3.1415926535897931     
 (  3.1653248080048884     ,  2.5279562457789861E-016)
