   -1.570796     -1.570796      0.647691      0.009368
   -1.570796      0.000000      0.431218      0.003738
   -1.570796      1.570796      0.652062      0.008438
   -1.570796      3.141593      0.814164      0.005502
    0.000000     -1.570796      0.428360      0.003489
    0.000000      0.000000      0.188954      0.006976
    0.000000      1.570796      0.428360      0.003489
    0.000000      3.141593      0.653539      0.008002
    1.570796     -1.570796      0.652062      0.008438
    1.570796      0.000000      0.431218      0.003738
    1.570796      1.570796      0.647691      0.009368
    1.570796      3.141593      0.814164      0.005502
    3.141593     -1.570796      0.821917      0.007340
    3.141593      0.000000      0.647249      0.007918
    3.141593      1.570796      0.821917      0.007340
    3.141593      3.141593      3.119935      0.085317
