     0.0000000        1.00000000        0.00000000
     0.0500000        0.94080311        0.00614182
     0.1000000        0.88519457        0.01433753
     0.1500000        0.83501679        0.01905254
     0.2000000        0.79066151        0.02200963
     0.2500000        0.74654571        0.02534344
     0.3000000        0.70829061        0.02735955
     0.3500000        0.66863815        0.02979601
     0.4000000        0.63604992        0.03192482
     0.4500000        0.60598433        0.03221147
     0.5000000        0.57245842        0.03500539
     0.5500000        0.54367825        0.03739627
     0.6000000        0.51188341        0.03935695
     0.6500000        0.48701785        0.04094521
     0.7000000        0.47117031        0.04172804
     0.7500000        0.44971620        0.04237044
     0.8000000        0.42916543        0.04311784
     0.8500000        0.41274281        0.04203710
     0.9000000        0.39554140        0.04147660
     0.9500000        0.37268866        0.04242940
     1.0000000        0.35431405        0.04446961
     1.0500000        0.33203597        0.04529887
     1.1000000        0.31084630        0.04558688
     1.1500000        0.28788777        0.04716126
     1.2000000        0.26168436        0.05186692
     1.2500000        0.22924517        0.05316227
     1.3000000        0.20717083        0.05345545
     1.3500000        0.18826339        0.05238785
     1.4000000        0.17658256        0.05258765
     1.4500000        0.14843308        0.05168140
     1.5000000        0.12749422        0.05188163
     1.5500000        0.10312257        0.05074042
     1.6000000        0.08821189        0.05191689
     1.6500000        0.07437985        0.05112361
     1.7000000        0.06339785        0.05153178
     1.7500000        0.05362196        0.05224862
     1.8000000        0.03581652        0.05499003
     1.8500000        0.02293612        0.05623047
     1.9000000        0.00342151        0.05620531
     1.9500000       -0.00572164        0.05295155
     2.0000000       -0.01055255        0.04901158
     2.0500000       -0.01986908        0.04673821
     2.1000000       -0.02389407        0.04465838
     2.1500000       -0.02645590        0.04091002
     2.2000000       -0.02184923        0.03786577
     2.2500000       -0.02079282        0.03563524
     2.3000000       -0.02204069        0.03496163
     2.3500000       -0.01525778        0.03522118
     2.4000000       -0.02099467        0.03467495
     2.4500000       -0.02337811        0.03255409
     2.5000000       -0.02099502        0.03005837
     2.5500000       -0.01763336        0.02874203
     2.6000000       -0.01700770        0.03103964
     2.6500000       -0.02413046        0.03151336
     2.7000000       -0.03220072        0.03386690
     2.7500000       -0.04247022        0.03513550
     2.8000000       -0.04290915        0.03885262
     2.8500000       -0.04176100        0.04032333
     2.9000000       -0.04411492        0.04003030
     2.9500000       -0.04089122        0.04237272
     3.0000000       -0.04035499        0.04623212
     3.0500000       -0.04968205        0.04675441
     3.1000000       -0.05425895        0.04797588
     3.1500000       -0.05672533        0.04785286
     3.2000000       -0.05611131        0.05132094
     3.2500000       -0.05883751        0.05466378
     3.3000000       -0.05813376        0.05734292
     3.3500000       -0.05869624        0.05948716
     3.4000000       -0.05354479        0.05959089
     3.4500000       -0.04875811        0.05918935
     3.5000000       -0.03713674        0.05991574
     3.5500000       -0.03084549        0.05787101
     3.6000000       -0.02625163        0.05657589
     3.6500000       -0.02423389        0.05786400
     3.7000000       -0.01985594        0.05909948
     3.7500000       -0.01160689        0.05894690
     3.8000000       -0.00832255        0.05619441
     3.8500000        0.00200455        0.05452809
     3.9000000        0.02013029        0.05537238
     3.9500000        0.02649944        0.05595086
     4.0000000        0.03202434        0.05561620
     4.0500000        0.03254036        0.05427158
     4.1000000        0.02474851        0.05144914
     4.1500000        0.01845952        0.04780868
     4.2000000        0.00993358        0.04425317
     4.2500000        0.00759056        0.04351682
     4.3000000        0.00894679        0.04351876
     4.3500000        0.00213763        0.04379511
     4.4000000        0.00254585        0.04464111
     4.4500000        0.00490636        0.04400921
     4.5000000        0.00325407        0.04420131
     4.5500000        0.00385197        0.04384425
     4.6000000        0.00238921        0.04197863
     4.6500000        0.00495782        0.04397382
     4.7000000        0.00434514        0.04437638
     4.7500000        0.00211593        0.04654415
     4.8000000       -0.00429661        0.04675980
     4.8500000       -0.00284645        0.04844619
     4.9000000       -0.00356020        0.04949628
     4.9500000       -0.00427484        0.04738291
     5.0000000       -0.00996871        0.04762381
     5.0500000       -0.01532026        0.04513747
     5.1000000       -0.02110530        0.04303391
     5.1500000       -0.02521553        0.04239962
     5.2000000       -0.02632498        0.04151695
     5.2500000       -0.02642942        0.04104626
     5.3000000       -0.02642890        0.04128728
     5.3500000       -0.02734082        0.03952891
     5.4000000       -0.02298751        0.03766806
     5.4500000       -0.01935160        0.03728123
     5.5000000       -0.01821820        0.03790174
     5.5500000       -0.01126540        0.03682085
     5.6000000       -0.00628400        0.03649389
     5.6500000       -0.00152765        0.03668849
     5.7000000       -0.00148272        0.03688102
     5.7500000       -0.00014585        0.03825200
     5.8000000       -0.00140513        0.03851555
     5.8500000       -0.00308889        0.03939443
     5.9000000       -0.00352145        0.03722936
     5.9500000       -0.00340878        0.03539475
     6.0000000        0.00001209        0.03317267
     6.0500000        0.00116304        0.03186789
     6.1000000        0.00107339        0.03276295
     6.1500000        0.00343125        0.03303881
     6.2000000        0.00477208        0.03295601
     6.2500000        0.00818463        0.03257041
     6.3000000        0.01256156        0.03239512
     6.3500000        0.01766671        0.03212251
     6.4000000        0.01658065        0.03025182
     6.4500000        0.01395803        0.02989945
     6.5000000        0.01283012        0.02914106
     6.5500000        0.00980366        0.02988704
     6.6000000        0.00464494        0.02952184
     6.6500000        0.00039738        0.02841367
     6.7000000        0.00168163        0.02835980
     6.7500000        0.00030482        0.02780650
     6.8000000        0.00231639        0.02726324
     6.8500000        0.00779716        0.02641595
     6.9000000        0.01508403        0.02680413
     6.9500000        0.01008751        0.02762414
     7.0000000        0.00875014        0.02992779
     7.0500000        0.00294837        0.03030165
     7.1000000        0.00675023        0.03202446
     7.1500000        0.00101602        0.03310599
     7.2000000       -0.00426154        0.03056023
     7.2500000       -0.00384250        0.02887890
     7.3000000        0.00128883        0.02779779
     7.3500000        0.00052874        0.02658811
     7.4000000        0.00233219        0.02757646
     7.4500000        0.00702602        0.02766162
     7.5000000        0.00874598        0.02762664
     7.5500000        0.01456693        0.02568543
     7.6000000        0.01776163        0.02594056
     7.6500000        0.02166111        0.02746105
     7.7000000        0.02501814        0.02889478
     7.7500000        0.02618398        0.02760082
     7.8000000        0.02070046        0.02694055
     7.8500000        0.01695415        0.02608930
     7.9000000        0.02418069        0.02442944
     7.9500000        0.02781282        0.02297406
     8.0000000        0.02922575        0.02166839
     8.0500000        0.02859188        0.02167684
     8.1000000        0.02712227        0.02123586
     8.1500000        0.02571194        0.02188876
     8.2000000        0.02457046        0.02265645
     8.2500000        0.02496189        0.02262899
     8.3000000        0.01988790        0.02398824
     8.3500000        0.01550855        0.02536940
     8.4000000        0.01103916        0.02739254
     8.4500000        0.01261077        0.02865088
     8.5000000        0.01255085        0.02848829
     8.5500000        0.01703893        0.02757689
     8.6000000        0.01930518        0.02747548
     8.6500000        0.02067295        0.02803510
     8.7000000        0.02477584        0.02751075
     8.7500000        0.02849820        0.02586788
     8.8000000        0.03325984        0.02463930
     8.8500000        0.03633502        0.02415136
     8.9000000        0.03502633        0.02495355
     8.9500000        0.03440879        0.02458061
     9.0000000        0.03536431        0.02550657
     9.0500000        0.03654553        0.02592521
     9.1000000        0.03673447        0.02549066
     9.1500000        0.03455231        0.02565760
     9.2000000        0.03283627        0.02449687
     9.2500000        0.02907443        0.02250368
     9.3000000        0.02592339        0.02043415
     9.3500000        0.02326572        0.01922876
     9.4000000        0.02957571        0.01926951
     9.4500000        0.03313327        0.01833908
     9.5000000        0.03731078        0.01841483
     9.5500000        0.03860167        0.01979970
     9.6000000        0.04007753        0.02027516
     9.6500000        0.03644608        0.02339358
     9.7000000        0.03657739        0.02396384
     9.7500000        0.03636914        0.02628759
     9.8000000        0.04148060        0.02721116
     9.8500000        0.04611150        0.02546486
     9.9000000        0.05815717        0.02607089
     9.9500000        0.06425837        0.02614724
    10.0000000        0.06321742        0.02453890
    10.0500000        0.05764630        0.02430882
    10.1000000        0.05487477        0.02463608
    10.1500000        0.04888567        0.02507953
    10.2000000        0.04452466        0.02563281
    10.2500000        0.04679385        0.02473185
    10.3000000        0.04598247        0.02304026
    10.3500000        0.04964646        0.02226936
    10.4000000        0.04558105        0.02273815
    10.4500000        0.04350468        0.02414096
    10.5000000        0.04657009        0.02527560
    10.5500000        0.04487989        0.02651357
    10.6000000        0.04333085        0.02773727
    10.6500000        0.03352180        0.02729538
    10.7000000        0.02840710        0.02616664
    10.7500000        0.02900445        0.02594132
    10.8000000        0.03236740        0.02583824
    10.8500000        0.02804796        0.02742806
    10.9000000        0.02828883        0.02880928
    10.9500000        0.02484783        0.02948310
    11.0000000        0.02631724        0.02996803
    11.0500000        0.02356232        0.03013216
    11.1000000        0.02127198        0.03108431
    11.1500000        0.02105769        0.03223273
    11.2000000        0.01961659        0.03237942
    11.2500000        0.01139633        0.03299376
    11.3000000        0.00743312        0.03159812
    11.3500000       -0.00286878        0.03216097
    11.4000000       -0.00916379        0.03289091
    11.4500000       -0.01191671        0.03492108
    11.5000000       -0.01516169        0.03644971
    11.5500000       -0.01449150        0.03702617
    11.6000000       -0.01672992        0.03762301
    11.6500000       -0.01494532        0.03550375
    11.7000000       -0.01794292        0.03523405
    11.7500000       -0.02153461        0.03611126
    11.8000000       -0.02306397        0.03577915
    11.8500000       -0.01958645        0.03620505
    11.9000000       -0.01832525        0.03652458
    11.9500000       -0.01264626        0.03802338
    12.0000000       -0.01084291        0.03805163
    12.0500000       -0.01183739        0.03786627
    12.1000000       -0.00474975        0.03721705
    12.1500000        0.00029623        0.03758389
    12.2000000        0.00263262        0.03705518
    12.2500000        0.00571712        0.03763348
    12.3000000        0.00103540        0.03914530
    12.3500000       -0.00147216        0.03829616
    12.4000000       -0.00610571        0.03675006
    12.4500000       -0.00915406        0.03510068
    12.5000000       -0.01479212        0.03356519
    12.5500000       -0.01705077        0.03240181
    12.6000000       -0.01498163        0.03148059
    12.6500000       -0.01659251        0.03249033
    12.7000000       -0.01964012        0.03400522
    12.7500000       -0.02230039        0.03476508
    12.8000000       -0.02189949        0.03443436
    12.8500000       -0.01997077        0.03542312
    12.9000000       -0.02092449        0.03376441
    12.9500000       -0.02936746        0.03259778
    13.0000000       -0.03186777        0.03266147
    13.0500000       -0.03508827        0.03109409
    13.1000000       -0.04262302        0.03049117
    13.1500000       -0.03874123        0.03012755
    13.2000000       -0.03667431        0.02948182
    13.2500000       -0.03817202        0.02821848
    13.3000000       -0.04132628        0.02607158
    13.3500000       -0.04277848        0.02373581
    13.4000000       -0.04046549        0.02310280
    13.4500000       -0.04281967        0.02235682
    13.5000000       -0.04235562        0.02156266
    13.5500000       -0.04314740        0.02139417
    13.6000000       -0.04545939        0.02284862
    13.6500000       -0.04197367        0.02449141
    13.7000000       -0.04434757        0.02643539
    13.7500000       -0.04501077        0.02757766
    13.8000000       -0.04670384        0.02882200
    13.8500000       -0.04488927        0.03058961
    13.9000000       -0.04166362        0.03213723
    13.9500000       -0.03325841        0.03087824
    14.0000000       -0.02771722        0.03048341
    14.0500000       -0.02076322        0.02730854
    14.1000000       -0.01828050        0.02561992
    14.1500000       -0.02165096        0.02544888
    14.2000000       -0.02067190        0.02573669
    14.2500000       -0.01857517        0.02588238
    14.3000000       -0.01548774        0.02897952
    14.3500000       -0.01246953        0.03151843
    14.4000000       -0.01271431        0.03235471
    14.4500000       -0.01172569        0.03079375
    14.5000000       -0.01321398        0.03111765
    14.5500000       -0.01772803        0.03085049
    14.6000000       -0.02135448        0.03027390
    14.6500000       -0.02420556        0.03029180
    14.7000000       -0.03040088        0.02910325
    14.7500000       -0.03716115        0.02946084
    14.8000000       -0.03711843        0.02859978
    14.8500000       -0.03703132        0.02624591
    14.9000000       -0.03051627        0.02531960
    14.9500000       -0.02342929        0.02238983
    15.0000000       -0.01976392        0.02121445
    15.0500000       -0.01939599        0.02116791
    15.1000000       -0.01854410        0.02211988
    15.1500000       -0.01998746        0.02394608
    15.2000000       -0.01799849        0.02688600
    15.2500000       -0.01724309        0.02749971
    15.3000000       -0.01343093        0.02854294
    15.3500000       -0.01121701        0.02911193
    15.4000000       -0.01698651        0.02929638
    15.4500000       -0.02227917        0.03046040
    15.5000000       -0.03307023        0.02973652
    15.5500000       -0.03234647        0.02760063
    15.6000000       -0.03272617        0.02696602
    15.6500000       -0.03566321        0.02657330
    15.7000000       -0.03914151        0.02500303
    15.7500000       -0.04592391        0.02373266
    15.8000000       -0.04508754        0.02486786
    15.8500000       -0.04632657        0.02561479
    15.9000000       -0.04358674        0.02758146
    15.9500000       -0.03696858        0.02770421
    16.0000000       -0.03788940        0.02830211
    16.0500000       -0.03756151        0.02786798
    16.1000000       -0.03733877        0.02915076
    16.1500000       -0.03218912        0.02946170
    16.2000000       -0.02320316        0.02914985
    16.2500000       -0.01798564        0.02990059
    16.3000000       -0.01444424        0.02859228
    16.3500000       -0.00693827        0.02759377
    16.4000000        0.00285461        0.02680897
    16.4500000        0.01111591        0.02852643
    16.5000000        0.01711469        0.02938555
    16.5500000        0.01526235        0.03013290
    16.6000000        0.02193501        0.03195584
    16.6500000        0.02755609        0.03556562
    16.7000000        0.03785276        0.03898486
    16.7500000        0.04715690        0.04118219
    16.8000000        0.05282396        0.04237661
    16.8500000        0.06227947        0.04364127
    16.9000000        0.07602714        0.04345537
    16.9500000        0.08870989        0.04404249
    17.0000000        0.09634765        0.04480613
    17.0500000        0.09717872        0.04576450
    17.1000000        0.09274284        0.04469582
    17.1500000        0.08903443        0.04497885
    17.2000000        0.08543857        0.04326665
    17.2500000        0.08932814        0.04249989
    17.3000000        0.08778019        0.04011153
    17.3500000        0.08583154        0.04089926
    17.4000000        0.07946035        0.03889897
    17.4500000        0.08017050        0.03901025
    17.5000000        0.08219375        0.04049896
    17.5500000        0.09006341        0.04105948
    17.6000000        0.09433150        0.04028282
    17.6500000        0.09565795        0.04116026
    17.7000000        0.09697628        0.03996526
    17.7500000        0.10592462        0.03872074
    17.8000000        0.11771159        0.03965222
    17.8500000        0.13204042        0.04138438
    17.9000000        0.13924458        0.04180631
    17.9500000        0.14222046        0.04216797
    18.0000000        0.14200098        0.04347351
    18.0500000        0.14777946        0.04438057
    18.1000000        0.14471145        0.04285154
    18.1500000        0.13893109        0.04238595
    18.2000000        0.13142346        0.04270518
    18.2500000        0.13113453        0.04538251
    18.3000000        0.12924155        0.05033974
    18.3500000        0.12441947        0.05193338
    18.4000000        0.12605207        0.05393384
    18.4500000        0.12647552        0.05500950
    18.5000000        0.13085357        0.05520719
    18.5500000        0.14215291        0.05649916
    18.6000000        0.15803946        0.05628483
    18.6500000        0.16846882        0.05850851
    18.7000000        0.17924201        0.06201929
    18.7500000        0.18639301        0.06112583
    18.8000000        0.19467699        0.05737503
    18.8500000        0.21007305        0.05672824
    18.9000000        0.22205638        0.05532645
    18.9500000        0.24084418        0.05485963
    19.0000000        0.26811637        0.05169207
    19.0500000        0.30065667        0.05033629
    19.1000000        0.32938107        0.04992256
    19.1500000        0.35737931        0.05189829
    19.2000000        0.38526088        0.05136441
    19.2500000        0.41077834        0.04819008
    19.3000000        0.42780930        0.04701301
    19.3500000        0.44957224        0.04729131
    19.4000000        0.47501236        0.04484222
    19.4500000        0.50168034        0.04143294
    19.5000000        0.53667751        0.04233089
    19.5500000        0.56063472        0.04298975
    19.6000000        0.59928341        0.04005934
    19.6500000        0.63111976        0.03735484
    19.7000000        0.67364232        0.03492596
    19.7500000        0.72473521        0.03281226
    19.8000000        0.77962495        0.02751152
    19.8500000        0.83418913        0.02179178
    19.9000000        0.89157383        0.01429131
    19.9500000        0.94072733        0.00680501
    20.0000000        1.00000000        0.00000000
