     0.0000000        0.81892854        0.00976051
     0.1000000        0.65153324        0.00958425
     0.2000000        0.53405652        0.00935829
     0.3000000        0.44720088        0.00915674
     0.4000000        0.38048754        0.00912169
     0.5000000        0.32513112        0.00873227
     0.6000000        0.28034875        0.00849881
     0.7000000        0.24341506        0.00826827
     0.8000000        0.21150954        0.00802157
     0.9000000        0.18524740        0.00752471
     1.0000000        0.16328535        0.00739364
     1.1000000        0.14475889        0.00738469
     1.2000000        0.13016208        0.00710095
     1.3000000        0.11674963        0.00638901
     1.4000000        0.10545613        0.00609450
     1.5000000        0.09546225        0.00609047
     1.6000000        0.08562873        0.00585254
     1.7000000        0.07834555        0.00489385
     1.8000000        0.07138504        0.00423128
     1.9000000        0.06713020        0.00435348
     2.0000000        0.06313546        0.00419150
     2.1000000        0.06098990        0.00503168
     2.2000000        0.05885934        0.00543909
     2.3000000        0.05722224        0.00571637
     2.4000000        0.05497994        0.00593911
     2.5000000        0.05392165        0.00584225
     2.6000000        0.05307133        0.00607472
     2.7000000        0.05414625        0.00680928
     2.8000000        0.05634763        0.00716743
     2.9000000        0.05823189        0.00682333
     3.0000000        0.06215072        0.00673754
     3.1000000        0.06490726        0.00640510
     3.2000000        0.07149048        0.00623803
     3.3000000        0.07870838        0.00578659
     3.4000000        0.08801401        0.00541100
     3.5000000        0.09612250        0.00529416
     3.6000000        0.10608202        0.00588243
     3.7000000        0.11889304        0.00626500
     3.8000000        0.13173482        0.00645798
     3.9000000        0.14858518        0.00640361
     4.0000000        0.16907681        0.00680102
     4.1000000        0.19097828        0.00704378
     4.2000000        0.21806445        0.00756729
     4.3000000        0.24979763        0.00783426
     4.4000000        0.28727763        0.00814342
     4.5000000        0.33149418        0.00867683
     4.6000000        0.38658042        0.00844202
     4.7000000        0.45346523        0.00813999
     4.8000000        0.53740398        0.00860718
     4.9000000        0.65230842        0.00933266
     5.0000000        0.81892854        0.00976051
