     0.0000000        0.06605837        0.00221690
     0.1000000        0.03708399        0.00173539
     0.2000000        0.02105132        0.00207198
     0.3000000        0.01070910        0.00183018
     0.4000000        0.00757608        0.00189448
     0.5000000        0.00204144        0.00155185
     0.6000000        0.00231157        0.00177901
     0.7000000        0.00393300        0.00180493
     0.8000000        0.00269398        0.00179185
     0.9000000       -0.00041419        0.00136934
     1.0000000       -0.00120592        0.00154500
     1.1000000       -0.00182805        0.00154044
     1.2000000        0.00160390        0.00211580
     1.3000000        0.00139643        0.00181167
     1.4000000        0.00146469        0.00165353
     1.5000000        0.00221885        0.00168908
     1.6000000        0.00218186        0.00136212
     1.7000000       -0.00182128        0.00162316
     1.8000000       -0.00152347        0.00096542
     1.9000000       -0.00286299        0.00145533
     2.0000000       -0.00372040        0.00190912
     2.1000000       -0.00293151        0.00179424
     2.2000000       -0.00128983        0.00180118
     2.3000000        0.00024348        0.00146601
     2.4000000       -0.00078912        0.00173951
     2.5000000        0.00051895        0.00193380
     2.6000000        0.00155406        0.00154678
     2.7000000        0.00006818        0.00147552
     2.8000000       -0.00087353        0.00161734
     2.9000000       -0.00056630        0.00167420
     3.0000000       -0.00075418        0.00158544
     3.1000000       -0.00041806        0.00173906
     3.2000000        0.00050001        0.00163834
     3.3000000        0.00189273        0.00173637
     3.4000000        0.00185591        0.00114065
     3.5000000       -0.00001130        0.00139455
     3.6000000        0.00148013        0.00144396
     3.7000000       -0.00019569        0.00167756
     3.8000000       -0.00044365        0.00189938
     3.9000000        0.00055877        0.00185668
     4.0000000        0.00135868        0.00127942
     4.1000000       -0.00164741        0.00170985
     4.2000000        0.00131459        0.00140708
     4.3000000        0.00143518        0.00130700
     4.4000000        0.00016937        0.00111924
     4.5000000        0.00036970        0.00131334
     4.6000000        0.00008854        0.00166683
     4.7000000        0.00061374        0.00169635
     4.8000000        0.00200617        0.00125701
     4.9000000        0.00113236        0.00167459
     5.0000000       -0.00123774        0.00155453
     5.1000000       -0.00075442        0.00159715
     5.2000000       -0.00070506        0.00149741
     5.3000000        0.00187495        0.00124914
     5.4000000        0.00141184        0.00136310
     5.5000000        0.00092436        0.00143393
     5.6000000        0.00077244        0.00214466
     5.7000000        0.00091906        0.00158558
     5.8000000        0.00228557        0.00147755
     5.9000000        0.00226374        0.00130867
     6.0000000        0.00194944        0.00175960
     6.1000000        0.00171493        0.00189727
     6.2000000        0.00237346        0.00142304
     6.3000000       -0.00055337        0.00093872
     6.4000000        0.00023064        0.00158831
     6.5000000       -0.00005178        0.00130202
     6.6000000       -0.00024141        0.00110919
     6.7000000       -0.00066097        0.00138216
     6.8000000       -0.00068216        0.00147051
     6.9000000       -0.00004699        0.00166711
     7.0000000       -0.00093592        0.00168385
     7.1000000       -0.00155261        0.00203255
     7.2000000        0.00110261        0.00202282
     7.3000000        0.00037638        0.00208303
     7.4000000        0.00030737        0.00198362
     7.5000000        0.00165406        0.00179079
     7.6000000        0.00023030        0.00150456
     7.7000000        0.00170713        0.00147293
     7.8000000       -0.00036602        0.00140824
     7.9000000        0.00097993        0.00148106
     8.0000000        0.00158177        0.00128990
     8.1000000        0.00294941        0.00193495
     8.2000000        0.00372823        0.00159577
     8.3000000        0.00258555        0.00164101
     8.4000000        0.00242331        0.00161996
     8.5000000        0.00593506        0.00224011
     8.6000000        0.01050023        0.00186535
     8.7000000        0.01555328        0.00137192
     8.8000000        0.02049916        0.00208818
     8.9000000        0.02806415        0.00208297
     9.0000000        0.03660967        0.00175239
     9.1000000        0.05228009        0.00267564
     9.2000000        0.07459901        0.00219630
     9.3000000        0.10902675        0.00194242
     9.4000000        0.16011984        0.00170022
     9.5000000        0.23587914        0.00245495
     9.6000000        0.35612979        0.00277482
     9.7000000        0.53953713        0.00234045
     9.8000000        0.82132410        0.00168491
     9.9000000        1.25347519        0.00217624
    10.0000000        1.93394163        0.00221690
