     0.0000000        3.04018116        0.05304663
     0.0500000        2.42650129        0.05471376
     0.1000000        1.94148121        0.06030397
     0.1500000        1.57343082        0.06827283
     0.2000000        1.28022831        0.06623687
     0.2500000        1.06528789        0.06235616
     0.3000000        0.88181123        0.06276365
     0.3500000        0.75215209        0.06263912
     0.4000000        0.62307611        0.05977177
     0.4500000        0.53546645        0.06010171
     0.5000000        0.46020464        0.06091869
     0.5500000        0.38538858        0.06453321
     0.6000000        0.32867474        0.06604774
     0.6500000        0.28526309        0.06112130
     0.7000000        0.24834355        0.06160557
     0.7500000        0.18766963        0.05934305
     0.8000000        0.15535281        0.05612301
     0.8500000        0.10290453        0.05303230
     0.9000000        0.06718658        0.04907405
     0.9500000        0.05845862        0.04473169
     1.0000000        0.04384902        0.04000134
     1.0500000        0.02232352        0.03429946
     1.1000000        0.02262537        0.03324306
     1.1500000        0.03151018        0.03566702
     1.2000000        0.03411727        0.03128087
     1.2500000        0.02593696        0.02978029
     1.3000000        0.00700005        0.02816755
     1.3500000        0.00860396        0.03040194
     1.4000000        0.00045279        0.03741116
     1.4500000       -0.01342784        0.04008283
     1.5000000       -0.00906671        0.04357246
     1.5500000       -0.00857912        0.03883758
     1.6000000       -0.00099184        0.03339056
     1.6500000       -0.00418002        0.03524447
     1.7000000       -0.00475082        0.03406609
     1.7500000        0.01545678        0.03690956
     1.8000000        0.01345426        0.03719053
     1.8500000        0.01584653        0.03582387
     1.9000000        0.01089699        0.03062684
     1.9500000        0.02761705        0.03089512
     2.0000000        0.02913809        0.02808312
     2.0500000        0.02282585        0.02957040
     2.1000000        0.03249154        0.02812230
     2.1500000        0.03061065        0.02646019
     2.2000000        0.02320918        0.02755927
     2.2500000        0.02431038        0.02266259
     2.3000000        0.03068543        0.02306342
     2.3500000        0.02322752        0.02788277
     2.4000000        0.01489432        0.03025636
     2.4500000        0.00695572        0.02636077
     2.5000000        0.00671894        0.02235198
     2.5500000        0.00511054        0.01985027
     2.6000000        0.00502727        0.01581710
     2.6500000       -0.00460009        0.01534734
     2.7000000       -0.01307733        0.01228894
     2.7500000       -0.02004526        0.01458803
     2.8000000       -0.01354763        0.01517225
     2.8500000       -0.01784452        0.02011126
     2.9000000       -0.00538717        0.02224426
     2.9500000       -0.02011559        0.02625167
     3.0000000       -0.02107077        0.02713517
     3.0500000       -0.03287727        0.02989744
     3.1000000       -0.02996760        0.02621594
     3.1500000       -0.04205118        0.02825874
     3.2000000       -0.03757564        0.02427970
     3.2500000       -0.03474247        0.02329914
     3.3000000       -0.03985608        0.02123711
     3.3500000       -0.04069544        0.01984049
     3.4000000       -0.03049158        0.01926729
     3.4500000       -0.03054671        0.01697385
     3.5000000       -0.03237061        0.01994164
     3.5500000       -0.02551010        0.01750385
     3.6000000       -0.02067348        0.01957745
     3.6500000       -0.02337360        0.02014696
     3.7000000       -0.03123700        0.01767138
     3.7500000       -0.03813188        0.01641702
     3.8000000       -0.04197681        0.01865624
     3.8500000       -0.04137070        0.02037510
     3.9000000       -0.02663913        0.01652912
     3.9500000       -0.02921211        0.01511553
     4.0000000       -0.03409208        0.01412048
     4.0500000       -0.02779608        0.01717951
     4.1000000       -0.01814218        0.01987105
     4.1500000       -0.01844967        0.02192143
     4.2000000        0.00542785        0.02384072
     4.2500000        0.02101837        0.02560822
     4.3000000        0.02151207        0.02792970
     4.3500000        0.02240738        0.03146399
     4.4000000        0.02549530        0.03489476
     4.4500000        0.01790324        0.03630909
     4.5000000        0.02329290        0.03593414
     4.5500000        0.03072431        0.03669265
     4.6000000        0.02764011        0.04219567
     4.6500000        0.01624691        0.03288744
     4.7000000       -0.01901765        0.02211138
     4.7500000       -0.04075539        0.03542323
     4.8000000       -0.03811958        0.03325305
     4.8500000       -0.03045584        0.03898367
     4.9000000       -0.01349352        0.03163174
     4.9500000       -0.01286270        0.02772052
     5.0000000       -0.00226824        0.02582843
     5.0500000       -0.00570116        0.02337611
     5.1000000       -0.01357392        0.02412251
     5.1500000       -0.01736346        0.02645428
     5.2000000       -0.02322982        0.02493640
     5.2500000       -0.03213107        0.02362822
     5.3000000       -0.02728605        0.02018393
     5.3500000       -0.03306918        0.02072531
     5.4000000       -0.03784666        0.01931912
     5.4500000       -0.03764555        0.02236937
     5.5000000       -0.04370591        0.01822456
     5.5500000       -0.04477446        0.01890856
     5.6000000       -0.03094053        0.01689257
     5.6500000       -0.02893828        0.01696171
     5.7000000       -0.01624312        0.01952736
     5.7500000       -0.01666593        0.02139947
     5.8000000       -0.01431742        0.02292083
     5.8500000       -0.01460880        0.01948579
     5.9000000       -0.01857533        0.01978779
     5.9500000       -0.01979398        0.01930596
     6.0000000       -0.01404686        0.01761872
     6.0500000       -0.01876828        0.01724739
     6.1000000       -0.01717939        0.01691015
     6.1500000       -0.03218897        0.02107693
     6.2000000       -0.03212407        0.02342185
     6.2500000       -0.03790301        0.02650991
     6.3000000       -0.03766580        0.02646672
     6.3500000       -0.04045512        0.02732133
     6.4000000       -0.04086632        0.02705382
     6.4500000       -0.04162889        0.02271630
     6.5000000       -0.02294250        0.02141453
     6.5500000       -0.01037659        0.02158507
     6.6000000       -0.01640519        0.01948475
     6.6500000       -0.01282287        0.01946517
     6.7000000       -0.00036982        0.01877602
     6.7500000       -0.01064719        0.02091597
     6.8000000       -0.01509019        0.02167230
     6.8500000       -0.02190458        0.02350420
     6.9000000       -0.02284139        0.02627040
     6.9500000       -0.02113950        0.02578956
     7.0000000       -0.01818580        0.02515184
     7.0500000       -0.01458122        0.02788504
     7.1000000       -0.01841660        0.02653282
     7.1500000       -0.02364843        0.02526995
     7.2000000       -0.01880206        0.02787519
     7.2500000       -0.02977004        0.02592160
     7.3000000       -0.04201887        0.02419892
     7.3500000       -0.04692328        0.02332785
     7.4000000       -0.04888588        0.03238316
     7.4500000       -0.04782453        0.03668653
     7.5000000       -0.04422077        0.03973717
     7.5500000       -0.03745364        0.03917966
     7.6000000       -0.03444866        0.03885778
     7.6500000       -0.03536736        0.03858035
     7.7000000       -0.03425773        0.03492004
     7.7500000       -0.03764409        0.03268300
     7.8000000       -0.02911752        0.03158710
     7.8500000       -0.03704390        0.02770787
     7.9000000       -0.02793140        0.03042873
     7.9500000       -0.02626951        0.03333621
     8.0000000       -0.02265684        0.03369795
     8.0500000       -0.02086688        0.02953096
     8.1000000       -0.01332238        0.02426707
     8.1500000       -0.00456782        0.02320443
     8.2000000        0.00653705        0.02837244
     8.2500000        0.00069263        0.02639158
     8.3000000        0.00790147        0.02280777
     8.3500000        0.02140169        0.02080328
     8.4000000        0.03018203        0.01975955
     8.4500000        0.03507879        0.02031900
     8.5000000        0.03635826        0.01897393
     8.5500000        0.03520130        0.01960108
     8.6000000        0.03965812        0.02014090
     8.6500000        0.04716025        0.01936561
     8.7000000        0.04080921        0.01951589
     8.7500000        0.03407224        0.01959583
     8.8000000        0.04146639        0.01941757
     8.8500000        0.04449462        0.02139348
     8.9000000        0.04852228        0.02099270
     8.9500000        0.04854752        0.02086751
     9.0000000        0.04408188        0.02315961
     9.0500000        0.03494528        0.02675278
     9.1000000        0.04668324        0.02861675
     9.1500000        0.04670754        0.02939045
     9.2000000        0.03638013        0.02828338
     9.2500000        0.02370299        0.02557737
     9.3000000        0.02804723        0.02370141
     9.3500000        0.02346758        0.02290984
     9.4000000        0.02015084        0.02551665
     9.4500000        0.01709681        0.03119884
     9.5000000        0.01248247        0.03446996
     9.5500000        0.00766794        0.03558768
     9.6000000        0.00192577        0.03599757
     9.6500000        0.01421597        0.03262353
     9.7000000        0.02393341        0.03166236
     9.7500000        0.03500812        0.03220283
     9.8000000        0.04132095        0.03119148
     9.8500000        0.04142626        0.03331219
     9.9000000        0.04054599        0.03692923
     9.9500000        0.03559118        0.03886660
    10.0000000        0.03522949        0.03910044
    10.0500000        0.00895605        0.03290251
    10.1000000        0.00561367        0.02661603
    10.1500000        0.00481238        0.02422269
    10.2000000       -0.00803837        0.02721163
    10.2500000       -0.02560346        0.02533996
    10.3000000       -0.02373777        0.02073851
    10.3500000       -0.00856412        0.01945031
    10.4000000       -0.00201783        0.01857955
    10.4500000       -0.00554098        0.02008197
    10.5000000       -0.00503500        0.02524937
    10.5500000       -0.01852576        0.02160155
    10.6000000       -0.01794198        0.01578548
    10.6500000       -0.01160635        0.01781216
    10.7000000       -0.00722068        0.02174529
    10.7500000       -0.01712005        0.02070726
    10.8000000       -0.01663464        0.02260635
    10.8500000       -0.01827330        0.02116803
    10.9000000       -0.02566306        0.02179151
    10.9500000       -0.03314796        0.02064398
    11.0000000       -0.02747714        0.02244883
    11.0500000       -0.02900404        0.02590047
    11.1000000       -0.01899542        0.02757067
    11.1500000       -0.01540687        0.01936853
    11.2000000        0.02010036        0.01858814
    11.2500000        0.02254759        0.01609699
    11.3000000        0.02796025        0.01661747
    11.3500000        0.02638160        0.01310889
    11.4000000        0.03018711        0.01045349
    11.4500000        0.04073006        0.01653235
    11.5000000        0.03651792        0.01963384
    11.5500000        0.03508362        0.01884839
    11.6000000        0.02484205        0.01538938
    11.6500000        0.01658286        0.01635036
    11.7000000        0.02107453        0.01160816
    11.7500000        0.02366940        0.01029193
    11.8000000        0.02346578        0.01069794
    11.8500000        0.02105585        0.01218991
    11.9000000        0.02008005        0.01399421
    11.9500000        0.02485447        0.01293706
    12.0000000        0.01759730        0.01326739
    12.0500000        0.01755231        0.01541814
    12.1000000        0.02271219        0.01860337
    12.1500000        0.01921992        0.02087632
    12.2000000        0.01301539        0.02097026
    12.2500000       -0.00015767        0.02220622
    12.3000000       -0.00408490        0.02424710
    12.3500000        0.00674959        0.02525395
    12.4000000       -0.00192797        0.02452450
    12.4500000        0.00908383        0.02682834
    12.5000000        0.00807012        0.02469474
    12.5500000        0.00539072        0.02362997
    12.6000000        0.00218381        0.01777935
    12.6500000       -0.00282419        0.01850435
    12.7000000       -0.01540407        0.01899856
    12.7500000       -0.02315095        0.01895172
    12.8000000       -0.02962563        0.01850855
    12.8500000       -0.03712593        0.02033003
    12.9000000       -0.02174480        0.02272692
    12.9500000       -0.02488498        0.01747103
    13.0000000       -0.01736341        0.01482965
    13.0500000       -0.02543877        0.01858930
    13.1000000       -0.02787484        0.01565792
    13.1500000       -0.02514569        0.01562633
    13.2000000       -0.02526119        0.01618332
    13.2500000       -0.02364080        0.01568451
    13.3000000       -0.01938708        0.01517850
    13.3500000       -0.01911341        0.01469453
    13.4000000       -0.00939728        0.01191559
    13.4500000       -0.01052330        0.01178593
    13.5000000       -0.01229163        0.01661667
    13.5500000       -0.00710672        0.01254990
    13.6000000       -0.00063826        0.01245370
    13.6500000       -0.00122658        0.01158082
    13.7000000       -0.01310127        0.01328794
    13.7500000       -0.01630871        0.01344688
    13.8000000       -0.01925263        0.01487181
    13.8500000       -0.01533197        0.01861313
    13.9000000       -0.01223019        0.02335313
    13.9500000       -0.01812794        0.02009402
    14.0000000       -0.00846685        0.01934507
    14.0500000       -0.00598304        0.01619999
    14.1000000       -0.00032638        0.01434615
    14.1500000        0.00385676        0.01438853
    14.2000000       -0.00015762        0.01614006
    14.2500000       -0.00121497        0.01552010
    14.3000000       -0.00667789        0.01502333
    14.3500000       -0.01022582        0.01922879
    14.4000000       -0.01690282        0.02183265
    14.4500000       -0.01926032        0.02300305
    14.5000000       -0.01852357        0.02364148
    14.5500000       -0.02698466        0.02486976
    14.6000000       -0.01968217        0.02522239
    14.6500000       -0.02255652        0.02508598
    14.7000000       -0.01567193        0.02412780
    14.7500000       -0.00216560        0.02976800
    14.8000000        0.01181759        0.03318105
    14.8500000        0.00254839        0.03043353
    14.9000000       -0.00967824        0.02608610
    14.9500000       -0.02109580        0.02275963
    15.0000000       -0.02979889        0.02347723
    15.0500000       -0.02426596        0.02381755
    15.1000000       -0.02441007        0.02635356
    15.1500000       -0.02107141        0.01862614
    15.2000000       -0.01664083        0.02164483
    15.2500000       -0.01206131        0.01991961
    15.3000000       -0.00289901        0.02020174
    15.3500000       -0.00615811        0.02134656
    15.4000000       -0.01034752        0.02316473
    15.4500000       -0.00777254        0.02124515
    15.5000000        0.00382090        0.02017437
    15.5500000        0.00512213        0.01948675
    15.6000000        0.00117554        0.01587892
    15.6500000       -0.00176495        0.01243748
    15.7000000        0.00534170        0.01343085
    15.7500000        0.00553303        0.01429898
    15.8000000       -0.00284065        0.01500276
    15.8500000       -0.02412648        0.02191134
    15.9000000       -0.01792733        0.02233634
    15.9500000       -0.01666896        0.02265434
    16.0000000       -0.02166436        0.02697633
    16.0500000       -0.02465459        0.02539189
    16.1000000       -0.02941888        0.02659784
    16.1500000       -0.01152791        0.01768790
    16.2000000       -0.00690223        0.02024968
    16.2500000       -0.00940547        0.01654767
    16.3000000       -0.00663390        0.01436984
    16.3500000        0.00429663        0.01804656
    16.4000000        0.01008551        0.01677797
    16.4500000        0.00129401        0.01851773
    16.5000000        0.00831309        0.02130655
    16.5500000        0.01495148        0.02122991
    16.6000000        0.01591835        0.02087008
    16.6500000        0.01854263        0.02003175
    16.7000000        0.01461963        0.02319189
    16.7500000        0.00551716        0.02021441
    16.8000000       -0.00064166        0.02241391
    16.8500000        0.00069929        0.02625990
    16.9000000       -0.00581802        0.02919819
    16.9500000       -0.00382360        0.03381137
    17.0000000       -0.00067087        0.03892332
    17.0500000       -0.00193125        0.03720635
    17.1000000       -0.01471391        0.03687412
    17.1500000       -0.00510905        0.03813439
    17.2000000       -0.00301442        0.03114691
    17.2500000        0.00712524        0.02148848
    17.3000000        0.01982018        0.01965641
    17.3500000        0.03722896        0.02346220
    17.4000000        0.05435586        0.02528976
    17.4500000        0.05364194        0.03213153
    17.5000000        0.06147814        0.03595053
    17.5500000        0.05989633        0.03055220
    17.6000000        0.07144709        0.02772799
    17.6500000        0.08465425        0.03122221
    17.7000000        0.07475383        0.02732147
    17.7500000        0.05601569        0.02534187
    17.8000000        0.05760890        0.02581587
    17.8500000        0.04901182        0.02649766
    17.9000000        0.04151817        0.02650033
    17.9500000        0.04781553        0.02836832
    18.0000000        0.04200479        0.02920531
    18.0500000        0.03837019        0.02905341
    18.1000000        0.03583576        0.02713971
    18.1500000        0.02778798        0.02798391
    18.2000000        0.02269989        0.03111724
    18.2500000        0.01145809        0.03356240
    18.3000000        0.01756420        0.03376261
    18.3500000        0.00687853        0.03396200
    18.4000000        0.01337842        0.03626988
    18.4500000        0.02697270        0.03955432
    18.5000000        0.04432593        0.03722934
    18.5500000        0.03870217        0.04213474
    18.6000000        0.04524506        0.04129310
    18.6500000        0.04716018        0.04050493
    18.7000000        0.03876661        0.03443670
    18.7500000        0.04105669        0.02941981
    18.8000000        0.03900987        0.02878349
    18.8500000        0.03648961        0.02986019
    18.9000000        0.04406432        0.04262229
    18.9500000        0.05469844        0.03403168
    19.0000000        0.07420812        0.02838363
    19.0500000        0.09577283        0.03159828
    19.1000000        0.11841964        0.02888031
    19.1500000        0.13117772        0.04247464
    19.2000000        0.15256463        0.04600229
    19.2500000        0.17715619        0.05090130
    19.3000000        0.19943012        0.05479520
    19.3500000        0.22242358        0.05200326
    19.4000000        0.25826345        0.04681796
    19.4500000        0.30633712        0.05115347
    19.5000000        0.37763615        0.05329697
    19.5500000        0.44326746        0.05156653
    19.6000000        0.56243301        0.04016379
    19.6500000        0.67504605        0.04420686
    19.7000000        0.82848405        0.04586707
    19.7500000        1.00992546        0.04918463
    19.8000000        1.22913474        0.04686858
    19.8500000        1.52684061        0.04930292
    19.9000000        1.92595189        0.04975762
    19.9500000        2.41188537        0.04962824
    20.0000000        3.04018116        0.05304663
