     0.0000000        1.34610419        0.01498260
     0.1000000        1.12272343        0.01565895
     0.2000000        0.94678641        0.01483138
     0.3000000        0.80507893        0.01337931
     0.4000000        0.69135987        0.01292856
     0.5000000        0.59745397        0.01179701
     0.6000000        0.51751936        0.01022168
     0.7000000        0.45208279        0.00870876
     0.8000000        0.39600976        0.00684629
     0.9000000        0.34860180        0.00548227
     1.0000000        0.30847989        0.00465152
     1.1000000        0.27403498        0.00362135
     1.2000000        0.24371443        0.00319321
     1.3000000        0.21813450        0.00296987
     1.4000000        0.19748367        0.00362881
     1.5000000        0.17926709        0.00411037
     1.6000000        0.16324142        0.00390017
     1.7000000        0.14863592        0.00330513
     1.8000000        0.13740034        0.00328968
     1.9000000        0.12873693        0.00339829
     2.0000000        0.12115396        0.00336309
     2.1000000        0.11509085        0.00340148
     2.2000000        0.11021793        0.00365570
     2.3000000        0.10725082        0.00380399
     2.4000000        0.10560275        0.00425371
     2.5000000        0.10479706        0.00417212
     2.6000000        0.10435363        0.00349943
     2.7000000        0.10549666        0.00293117
     2.8000000        0.10793785        0.00248223
     2.9000000        0.11275375        0.00259782
     3.0000000        0.11885031        0.00254244
     3.1000000        0.12660826        0.00271880
     3.2000000        0.13531401        0.00272876
     3.3000000        0.14772177        0.00303668
     3.4000000        0.16253053        0.00365852
     3.5000000        0.18049327        0.00492400
     3.6000000        0.20058077        0.00570775
     3.7000000        0.22358207        0.00657226
     3.8000000        0.24789139        0.00610524
     3.9000000        0.27499132        0.00515513
     4.0000000        0.30752424        0.00461387
     4.1000000        0.34653403        0.00491707
     4.2000000        0.39352336        0.00576228
     4.3000000        0.45030237        0.00673637
     4.4000000        0.51724995        0.00774133
     4.5000000        0.59575970        0.00808275
     4.6000000        0.68975733        0.00891269
     4.7000000        0.80385288        0.01044497
     4.8000000        0.94499877        0.01213902
     4.9000000        1.12097042        0.01386725
     5.0000000        1.34610419        0.01498260
