     0.0000000        1.51594410        0.04068047
     0.1000000        1.28744445        0.03739835
     0.2000000        1.11125391        0.03438223
     0.3000000        0.96860451        0.03116622
     0.4000000        0.85396659        0.02639875
     0.5000000        0.76046737        0.02362415
     0.6000000        0.68186464        0.02101701
     0.7000000        0.61571675        0.01906735
     0.8000000        0.55976006        0.01770385
     0.9000000        0.51126117        0.01627173
     1.0000000        0.47055888        0.01483200
     1.1000000        0.43645788        0.01411551
     1.2000000        0.40533514        0.01339134
     1.3000000        0.37899149        0.01308511
     1.4000000        0.35584979        0.01305335
     1.5000000        0.33678290        0.01299719
     1.6000000        0.31907385        0.01246631
     1.7000000        0.30416693        0.01247031
     1.8000000        0.29021190        0.01238613
     1.9000000        0.27713709        0.01165852
     2.0000000        0.26580795        0.01086296
     2.1000000        0.25553528        0.01022081
     2.2000000        0.24652224        0.01004471
     2.3000000        0.23735318        0.00944503
     2.4000000        0.22975914        0.00966704
     2.5000000        0.22206429        0.00941879
     2.6000000        0.21528408        0.00882569
     2.7000000        0.20954385        0.00864141
     2.8000000        0.20388281        0.00810003
     2.9000000        0.19829317        0.00748370
     3.0000000        0.19377765        0.00726968
     3.1000000        0.18932136        0.00680515
     3.2000000        0.18580506        0.00640483
     3.3000000        0.18238266        0.00619289
     3.4000000        0.17972490        0.00641439
     3.5000000        0.17714957        0.00630390
     3.6000000        0.17437825        0.00623312
     3.7000000        0.17251780        0.00623378
     3.8000000        0.17092084        0.00625717
     3.9000000        0.16898623        0.00598665
     4.0000000        0.16777664        0.00591464
     4.1000000        0.16613702        0.00572189
     4.2000000        0.16415136        0.00526391
     4.3000000        0.16315548        0.00499927
     4.4000000        0.16188619        0.00477381
     4.5000000        0.16108192        0.00479814
     4.6000000        0.16025356        0.00443546
     4.7000000        0.15995624        0.00432424
     4.8000000        0.15931389        0.00415834
     4.9000000        0.15830348        0.00407724
     5.0000000        0.15805888        0.00397048
     5.1000000        0.15845645        0.00415097
     5.2000000        0.15902861        0.00459276
     5.3000000        0.15926543        0.00454826
     5.4000000        0.15992630        0.00466841
     5.5000000        0.16052646        0.00505717
     5.6000000        0.16179337        0.00564751
     5.7000000        0.16299617        0.00624189
     5.8000000        0.16377303        0.00652978
     5.9000000        0.16508025        0.00676437
     6.0000000        0.16670946        0.00719442
     6.1000000        0.16869164        0.00736549
     6.2000000        0.17063685        0.00747410
     6.3000000        0.17277519        0.00717704
     6.4000000        0.17473206        0.00707272
     6.5000000        0.17734404        0.00727511
     6.6000000        0.18026623        0.00746647
     6.7000000        0.18315078        0.00775657
     6.8000000        0.18628269        0.00798193
     6.9000000        0.19010295        0.00866633
     7.0000000        0.19355081        0.00926912
     7.1000000        0.19722073        0.01009587
     7.2000000        0.20256365        0.01125190
     7.3000000        0.20904599        0.01244659
     7.4000000        0.21563899        0.01369849
     7.5000000        0.22251665        0.01390480
     7.6000000        0.22995735        0.01443734
     7.7000000        0.23876036        0.01529059
     7.8000000        0.24644722        0.01455349
     7.9000000        0.25511756        0.01412036
     8.0000000        0.26571061        0.01399264
     8.1000000        0.27713294        0.01421693
     8.2000000        0.28969902        0.01431708
     8.3000000        0.30409049        0.01493487
     8.4000000        0.32014680        0.01562670
     8.5000000        0.33850501        0.01678619
     8.6000000        0.35998061        0.01793490
     8.7000000        0.38396822        0.01935620
     8.8000000        0.41383893        0.02223324
     8.9000000        0.44963244        0.02577197
     9.0000000        0.49066417        0.03029207
     9.1000000        0.53682271        0.03572559
     9.2000000        0.58665589        0.03974572
     9.3000000        0.64277365        0.04146916
     9.4000000        0.70815065        0.04321668
     9.5000000        0.78528616        0.04579471
     9.6000000        0.87754031        0.04698140
     9.7000000        0.99202683        0.04805119
     9.8000000        1.12876116        0.04696723
     9.9000000        1.29832201        0.04459624
    10.0000000        1.51594410        0.04068047
