 Disretization
           1  -1.0000000000000000       0.50000000000000000     
           2 -0.50000000000000000       0.25000000000000000     
           3 -0.25000000000000000       0.12500000000000000     
           4 -0.12500000000000000        6.2500000000000000E-002
           5  -6.2500000000000000E-002   3.1250000000000000E-002
           6  -3.1250000000000000E-002   1.5625000000000000E-002
           7  -1.5625000000000000E-002   7.8125000000000000E-003
           8  -7.8125000000000000E-003   3.9062500000000000E-003
           9  -3.9062500000000000E-003   3.9062500000000000E-003
          10   3.9062500000000000E-003   3.9062500000000000E-003
          11   7.8125000000000000E-003   3.9062500000000000E-003
          12   1.5625000000000000E-002   7.8125000000000000E-003
          13   3.1250000000000000E-002   1.5625000000000000E-002
          14   6.2500000000000000E-002   3.1250000000000000E-002
          15  0.12500000000000000        6.2500000000000000E-002
          16  0.25000000000000000       0.12500000000000000     
          17  0.50000000000000000       0.25000000000000000     
          18   1.0000000000000000       0.50000000000000000     
