         2 (-0.16793174973474771E-001, 0.14321730647781944E-001)  0.10000000000000000E+001
         2 ( 0.24558017532414201E-001, 0.39678775960303135E-002)  0.10000000000000000E+001
         2 (-0.26867519192977866E-001, 0.43389376029055087E-002)  0.10000000000000000E+001
         2 ( 0.22206114808243096E-001,-0.63059411868391507E-003)  0.10000000000000000E+001
         2 ( 0.67204154884071658E-002, 0.74277575656997094E-002)  0.10000000000000000E+001
         2 ( 0.16739916313827499E-001, 0.44378369045856049E-002)  0.10000000000000000E+001
         2 (-0.10286262703489515E-002,-0.26009572324123447E-002)  0.10000000000000000E+001
         2 (-0.17743352198469060E+001, 0.12454373520595578E-001)  0.10000000000000000E+001
         2 ( 0.16404104837117267E-001, 0.99447329188602357E-002)  0.10000000000000000E+001
         2 ( 0.24598758039145942E-001, 0.10776978788482751E-001)  0.10000000000000000E+001
         2 ( 0.30023921336330712E-001,-0.61845581679603277E-002)  0.10000000000000000E+001
         2 ( 0.22493588267141880E-001, 0.10853468743403359E-002)  0.10000000000000000E+001
         2 (-0.86263278364199086E-002,-0.36063790320421765E-002)  0.10000000000000000E+001
         2 ( 0.12739827416955601E-002,-0.62763165131185985E-002)  0.10000000000000000E+001
         2 ( 0.28149242526510024E-001, 0.86965313165685253E-002)  0.10000000000000000E+001
         2 ( 0.67430120396988567E-002, 0.54404050528636622E-003)  0.10000000000000000E+001
         2 ( 0.30628381872007303E-001,-0.40151222716185700E-002)  0.10000000000000000E+001
         2 ( 0.21325459829158365E-001,-0.30894314036221844E-002)  0.10000000000000000E+001
         2 (-0.18304028554479487E-001,-0.93138009702197662E-002)  0.10000000000000000E+001
         2 ( 0.73587189931459320E-002,-0.47719790331521373E-002)  0.10000000000000000E+001
         2 (-0.82676503725579747E-001,-0.83521457640962395E-003)  0.10000000000000000E+001
         2 ( 0.11931687105655281E-001, 0.76959224106147098E-002)  0.10000000000000000E+001
         2 ( 0.10550477160337510E-001, 0.38811013593171803E-002)  0.10000000000000000E+001
         2 ( 0.24733543520397529E-002, 0.11072291048844351E-002)  0.10000000000000000E+001
         2 (-0.16500507564763792E-001,-0.46478532516799429E-002)  0.10000000000000000E+001
         2 ( 0.11929624445490693E-001, 0.53014391808843559E-002)  0.10000000000000000E+001
         2 (-0.46808755543997191E-003, 0.68797197082048260E-003)  0.10000000000000000E+001
         2 ( 0.30917652977374235E-002,-0.58455460039809172E-002)  0.10000000000000000E+001
         2 ( 0.92136675430994964E-003,-0.21932938683965017E-005)  0.10000000000000000E+001
         2 ( 0.41253850567891381E-002, 0.10441800410513017E-001)  0.10000000000000000E+001
