 0.10000000000000000E+001          1          1
( 0.00000000000000000E+000, 0.00000000000000000E+000)
 0.00000000000000000E+000  0.00000000000000000E+000
( 0.97384986498785153E+000, 0.23376707770556983E-001)
 0.10000000000000000E+001          1          1
( 0.00000000000000000E+000, 0.00000000000000000E+000)
 0.00000000000000000E+000  0.00000000000000000E+000
( 0.10208954998359465E+001, 0.97351611362951826E-002)
 0.10000000000000000E+001          1          1
( 0.00000000000000000E+000, 0.00000000000000000E+000)
 0.00000000000000000E+000  0.00000000000000000E+000
( 0.96372147472940495E+000, 0.10706206807241977E-001)
 0.10000000000000000E+001          1          1
( 0.00000000000000000E+000, 0.00000000000000000E+000)
 0.00000000000000000E+000  0.00000000000000000E+000
( 0.10128123092505290E+001,-0.36158240314976761E-002)
 0.10000000000000000E+001          1          1
( 0.00000000000000000E+000, 0.00000000000000000E+000)
 0.00000000000000000E+000  0.00000000000000000E+000
( 0.10098353008987111E+001, 0.16431354641104082E-001)
 0.10000000000000000E+001          1          1
( 0.00000000000000000E+000, 0.00000000000000000E+000)
 0.00000000000000000E+000  0.00000000000000000E+000
( 0.10136246619552334E+001, 0.68863250542840560E-002)
 0.10000000000000000E+001          1          1
( 0.00000000000000000E+000, 0.00000000000000000E+000)
 0.00000000000000000E+000  0.00000000000000000E+000
( 0.99927940071007237E+000,-0.97903137450825895E-002)
 0.10000000000000000E+001          1          1
( 0.00000000000000000E+000, 0.00000000000000000E+000)
 0.00000000000000000E+000  0.00000000000000000E+000
(-0.27186978921838474E+001, 0.39848234588648931E-001)
 0.10000000000000000E+001          1          1
( 0.00000000000000000E+000, 0.00000000000000000E+000)
 0.00000000000000000E+000  0.00000000000000000E+000
( 0.99439235280667071E+000, 0.24863089149267038E-001)
 0.10000000000000000E+001          1          1
( 0.00000000000000000E+000, 0.00000000000000000E+000)
 0.00000000000000000E+000  0.00000000000000000E+000
( 0.10086820234233573E+001, 0.18569346310120291E-001)
 0.10000000000000000E+001          1          1
( 0.00000000000000000E+000, 0.00000000000000000E+000)
 0.00000000000000000E+000  0.00000000000000000E+000
( 0.10197115982909213E+001,-0.14306019906949002E-001)
 0.10000000000000000E+001          1          1
( 0.00000000000000000E+000, 0.00000000000000000E+000)
 0.00000000000000000E+000  0.00000000000000000E+000
( 0.10083834641000218E+001, 0.36246835151860432E-002)
 0.10000000000000000E+001          1          1
( 0.00000000000000000E+000, 0.00000000000000000E+000)
 0.00000000000000000E+000  0.00000000000000000E+000
( 0.10056998647172235E+001,-0.65187226297127978E-002)
 0.10000000000000000E+001          1          1
( 0.00000000000000000E+000, 0.00000000000000000E+000)
 0.00000000000000000E+000  0.00000000000000000E+000
( 0.98957239391516105E+000,-0.19572450835918704E-001)
 0.10000000000000000E+001          1          1
( 0.00000000000000000E+000, 0.00000000000000000E+000)
 0.00000000000000000E+000  0.00000000000000000E+000
( 0.10150197637447378E+001, 0.16993797635013720E-001)
 0.10000000000000000E+001          1          1
( 0.00000000000000000E+000, 0.00000000000000000E+000)
 0.00000000000000000E+000  0.00000000000000000E+000
( 0.10068002718449987E+001, 0.21244342473674968E-002)
 0.10000000000000000E+001          1          1
( 0.00000000000000000E+000, 0.00000000000000000E+000)
 0.00000000000000000E+000  0.00000000000000000E+000
( 0.10186061702169340E+001,-0.59442542694194038E-002)
 0.10000000000000000E+001          1          1
( 0.00000000000000000E+000, 0.00000000000000000E+000)
 0.00000000000000000E+000  0.00000000000000000E+000
( 0.10131543997913086E+001,-0.58728286459637418E-002)
 0.10000000000000000E+001          1          1
( 0.00000000000000000E+000, 0.00000000000000000E+000)
 0.00000000000000000E+000  0.00000000000000000E+000
( 0.99675022109752620E+000,-0.16414155907397310E-001)
 0.10000000000000000E+001          1          1
( 0.00000000000000000E+000, 0.00000000000000000E+000)
 0.00000000000000000E+000  0.00000000000000000E+000
( 0.99414221244456924E+000,-0.95490458772375317E-002)
 0.10000000000000000E+001          1          1
( 0.00000000000000000E+000, 0.00000000000000000E+000)
 0.00000000000000000E+000  0.00000000000000000E+000
( 0.84246883891288804E+000,-0.23639235056398681E-002)
 0.10000000000000000E+001          1          1
( 0.00000000000000000E+000, 0.00000000000000000E+000)
 0.00000000000000000E+000  0.00000000000000000E+000
( 0.98253487088453995E+000, 0.10467287369500826E-001)
 0.10000000000000000E+001          1          1
( 0.00000000000000000E+000, 0.00000000000000000E+000)
 0.00000000000000000E+000  0.00000000000000000E+000
( 0.10280194839047820E+001, 0.11768832617089848E-001)
 0.10000000000000000E+001          1          1
( 0.00000000000000000E+000, 0.00000000000000000E+000)
 0.00000000000000000E+000  0.00000000000000000E+000
( 0.96768401548778638E+000, 0.14098370923653139E-003)
 0.10000000000000000E+001          1          1
( 0.00000000000000000E+000, 0.00000000000000000E+000)
 0.00000000000000000E+000  0.00000000000000000E+000
( 0.10107369772417960E+001,-0.11893688485471227E-001)
 0.10000000000000000E+001          1          1
( 0.00000000000000000E+000, 0.00000000000000000E+000)
 0.00000000000000000E+000  0.00000000000000000E+000
( 0.10081127339691958E+001, 0.10796149403433652E-001)
 0.10000000000000000E+001          1          1
( 0.00000000000000000E+000, 0.00000000000000000E+000)
 0.00000000000000000E+000  0.00000000000000000E+000
( 0.10000162891417070E+001, 0.25717002414591822E-002)
 0.10000000000000000E+001          1          1
( 0.00000000000000000E+000, 0.00000000000000000E+000)
 0.00000000000000000E+000  0.00000000000000000E+000
( 0.99551789665768475E+000,-0.10270649504532107E-001)
 0.10000000000000000E+001          1          1
( 0.00000000000000000E+000, 0.00000000000000000E+000)
 0.00000000000000000E+000  0.00000000000000000E+000
( 0.10062917468282382E+001,-0.45087544905104504E-003)
 0.10000000000000000E+001          1          1
( 0.00000000000000000E+000, 0.00000000000000000E+000)
 0.00000000000000000E+000  0.00000000000000000E+000
( 0.10048477743744209E+001, 0.21862548230514992E-001)
