     0.0000000        0.16434032        0.00487362
     0.1000000        0.11152815        0.00458341
     0.2000000        0.07606663        0.00422315
     0.3000000        0.05246738        0.00408651
     0.4000000        0.03568518        0.00417175
     0.5000000        0.02494805        0.00392548
     0.6000000        0.01787566        0.00394666
     0.7000000        0.01231517        0.00404124
     0.8000000        0.00909055        0.00387289
     0.9000000        0.00717031        0.00340138
     1.0000000        0.00574957        0.00298524
     1.1000000        0.00427094        0.00271879
     1.2000000        0.00437792        0.00229224
     1.3000000        0.00523631        0.00195711
     1.4000000        0.00560069        0.00185362
     1.5000000        0.00516734        0.00182402
     1.6000000        0.00453249        0.00191956
     1.7000000        0.00443778        0.00188711
     1.8000000        0.00440100        0.00194110
     1.9000000        0.00501292        0.00195595
     2.0000000        0.00498783        0.00194483
     2.1000000        0.00490222        0.00196484
     2.2000000        0.00521672        0.00207597
     2.3000000        0.00522389        0.00237230
     2.4000000        0.00473181        0.00232015
     2.5000000        0.00482415        0.00225450
     2.6000000        0.00407042        0.00208581
     2.7000000        0.00359468        0.00207117
     2.8000000        0.00249329        0.00174992
     2.9000000        0.00210638        0.00165084
     3.0000000        0.00155014        0.00178344
     3.1000000        0.00158556        0.00182256
     3.2000000        0.00178265        0.00205893
     3.3000000        0.00237681        0.00224224
     3.4000000        0.00260581        0.00240520
     3.5000000        0.00332315        0.00236800
     3.6000000        0.00373477        0.00233114
     3.7000000        0.00329227        0.00221117
     3.8000000        0.00300127        0.00219186
     3.9000000        0.00297915        0.00257337
     4.0000000        0.00244340        0.00283602
     4.1000000        0.00167206        0.00299535
     4.2000000        0.00087472        0.00314254
     4.3000000       -0.00053904        0.00317339
     4.4000000       -0.00161086        0.00340700
     4.5000000       -0.00208043        0.00347000
     4.6000000       -0.00253446        0.00338063
     4.7000000       -0.00287760        0.00320971
     4.8000000       -0.00256511        0.00309040
     4.9000000       -0.00192613        0.00294833
     5.0000000       -0.00195844        0.00272097
     5.1000000       -0.00193296        0.00231388
     5.2000000       -0.00133024        0.00219467
     5.3000000       -0.00166527        0.00217479
     5.4000000       -0.00121523        0.00214283
     5.5000000       -0.00142847        0.00220155
     5.6000000       -0.00171180        0.00227365
     5.7000000       -0.00206986        0.00262432
     5.8000000       -0.00236589        0.00273878
     5.9000000       -0.00211584        0.00264691
     6.0000000       -0.00206570        0.00239438
     6.1000000       -0.00225169        0.00231485
     6.2000000       -0.00255055        0.00230363
     6.3000000       -0.00225343        0.00224243
     6.4000000       -0.00204601        0.00223784
     6.5000000       -0.00246573        0.00241530
     6.6000000       -0.00276937        0.00246847
     6.7000000       -0.00349291        0.00278510
     6.8000000       -0.00382214        0.00340084
     6.9000000       -0.00382231        0.00383876
     7.0000000       -0.00296917        0.00398664
     7.1000000       -0.00242321        0.00401165
     7.2000000       -0.00233833        0.00384743
     7.3000000       -0.00249742        0.00366044
     7.4000000       -0.00223852        0.00333568
     7.5000000       -0.00215880        0.00330109
     7.6000000       -0.00158885        0.00317978
     7.7000000       -0.00137666        0.00322937
     7.8000000       -0.00098097        0.00301559
     7.9000000       -0.00017157        0.00285048
     8.0000000        0.00066760        0.00278944
     8.1000000        0.00093423        0.00252985
     8.2000000        0.00057502        0.00242134
     8.3000000        0.00077250        0.00240082
     8.4000000        0.00077679        0.00275541
     8.5000000        0.00105392        0.00305751
     8.6000000        0.00124742        0.00341713
     8.7000000        0.00149909        0.00360561
     8.8000000        0.00148309        0.00385357
     8.9000000        0.00166147        0.00394660
     9.0000000        0.00291847        0.00382919
     9.1000000        0.00508556        0.00397545
     9.2000000        0.00915118        0.00414541
     9.3000000        0.01347343        0.00431988
     9.4000000        0.01870624        0.00440053
     9.5000000        0.02702107        0.00404628
     9.6000000        0.03799389        0.00418131
     9.7000000        0.05401555        0.00421511
     9.8000000        0.07734351        0.00439871
     9.9000000        0.11221896        0.00481934
    10.0000000        0.16434032        0.00487362
