     0.0000000        2.00000000        0.00000014
     0.1000000        1.77953892        0.00411804
     0.2000000        1.61261100        0.00491848
     0.3000000        1.47850092        0.00522759
     0.4000000        1.37092407        0.00537841
     0.5000000        1.28136714        0.00505762
     0.6000000        1.20212433        0.00586466
     0.7000000        1.13519138        0.00723043
     0.8000000        1.07820811        0.00716448
     0.9000000        1.02198237        0.00949204
     1.0000000        0.97915435        0.01045664
     1.1000000        0.93708559        0.01038829
     1.2000000        0.89678974        0.00834270
     1.3000000        0.85957784        0.00992119
     1.4000000        0.83349197        0.00977897
     1.5000000        0.80073515        0.00852876
     1.6000000        0.77868974        0.00855650
     1.7000000        0.75841765        0.00754429
     1.8000000        0.73939535        0.00858906
     1.9000000        0.72638369        0.00942245
     2.0000000        0.70927685        0.01025070
     2.1000000        0.69369858        0.00928485
     2.2000000        0.67355478        0.01000811
     2.3000000        0.66574206        0.01011165
     2.4000000        0.66472358        0.00804438
     2.5000000        0.66682460        0.00849564
     2.6000000        0.67063940        0.00752472
     2.7000000        0.67261077        0.00855445
     2.8000000        0.67337045        0.00968157
     2.9000000        0.68327579        0.00921049
     3.0000000        0.69365153        0.00844543
     3.1000000        0.70744778        0.00949238
     3.2000000        0.72857282        0.00979712
     3.3000000        0.74786533        0.00804737
     3.4000000        0.77747961        0.00820736
     3.5000000        0.80268924        0.00675716
     3.6000000        0.82874814        0.00574490
     3.7000000        0.86199306        0.00488447
     3.8000000        0.89471717        0.00416352
     3.9000000        0.93026707        0.00494497
     4.0000000        0.97976129        0.00678072
     4.1000000        1.02639359        0.00529515
     4.2000000        1.07734913        0.00696884
     4.3000000        1.13728582        0.00884512
     4.4000000        1.20842579        0.00775918
     4.5000000        1.28928645        0.00532145
     4.6000000        1.38384330        0.00522775
     4.7000000        1.49122633        0.00397045
     4.8000000        1.61840740        0.00362318
     4.9000000        1.78405531        0.00361061
     5.0000000        2.00000000        0.00000014
