   -1.000000      0.000000
  1    1       -0.00497557        0.00009838       -0.00000000        0.00000000
  1    2       -0.00237705        0.00002613       -0.00000000        0.00000000
  2    1       -0.00230687        0.00005006       -0.00000000        0.00000000
  2    2       -0.00487420        0.00014059       -0.00000000        0.00000000
   -0.500000      0.866025
  1    1       -0.00494330        0.00004269       -0.00000000        0.00000000
  1    2       -0.06422131        0.00031014       -0.00000000        0.00000000
  2    1       -0.00233095        0.00003103       -0.00000000        0.00000000
  2    2       -0.00502461        0.00008337       -0.00000000        0.00000000
    0.000000      1.732051
  1    1       -0.00282807        0.00007084        0.00000000        0.00000000
  1    2       -0.00235787        0.00004124        0.00000000        0.00000000
  2    1       -0.00234226        0.00008886        0.00000000        0.00000000
  2    2       -0.00280086        0.00010439        0.00000000        0.00000000
   -0.500000     -0.866025
  1    1       -0.00495918        0.00006878       -0.00000000        0.00000000
  1    2       -0.00233394        0.00005916       -0.00000000        0.00000000
  2    1       -0.06466722        0.00055844       -0.00000000        0.00000000
  2    2       -0.00491519        0.00011044       -0.00000000        0.00000000
    0.000000      0.000000
  1    1        0.24280659        0.00098533        0.00000000        0.00000000
  1    2       -0.06423268        0.00033782        0.00000000        0.00000000
  2    1       -0.06423268        0.00033782        0.00000000        0.00000000
  2    2        0.24266300        0.00117256        0.00000000        0.00000000
    0.500000      0.866025
  1    1       -0.00495918        0.00006878       -0.00000000        0.00000000
  1    2       -0.06466722        0.00055844       -0.00000000        0.00000000
  2    1       -0.00233394        0.00005916       -0.00000000        0.00000000
  2    2       -0.00491519        0.00011044       -0.00000000        0.00000000
    0.500000     -0.866025
  1    1       -0.00494330        0.00004269       -0.00000000        0.00000000
  1    2       -0.00233095        0.00003103       -0.00000000        0.00000000
  2    1       -0.06422131        0.00031014       -0.00000000        0.00000000
  2    2       -0.00502461        0.00008337       -0.00000000        0.00000000
    1.000000      0.000000
  1    1       -0.00497557        0.00009838       -0.00000000        0.00000000
  1    2       -0.00230687        0.00005006       -0.00000000        0.00000000
  2    1       -0.00237705        0.00002613       -0.00000000        0.00000000
  2    2       -0.00487420        0.00014059       -0.00000000        0.00000000
    1.500000      0.866025
  1    1       -0.00282807        0.00007084        0.00000000        0.00000000
  1    2       -0.00234226        0.00008886        0.00000000        0.00000000
  2    1       -0.00235787        0.00004124        0.00000000        0.00000000
  2    2       -0.00280086        0.00010439        0.00000000        0.00000000
