   -2.094395     -1.209200
  1    1        0.24568282        0.00110286        0.00000000        0.00000000
  1    2       -0.09259233        0.00045271       -0.05393494        0.00048046
  2    1       -0.09259233        0.00045271        0.05393494        0.00048046
  2    2        0.24520403        0.00158845        0.00000000        0.00000000
   -2.094395      1.209200
  1    1        0.24563517        0.00102974       -0.00000000        0.00000000
  1    2       -0.09326569        0.00069485        0.05367292        0.00021059
  2    1       -0.09326569        0.00069485       -0.05367292        0.00021059
  2    2        0.24553229        0.00119628       -0.00000000        0.00000000
    0.000000     -2.418399
  1    1        0.24558600        0.00097753        0.00000000        0.00000000
  1    2        0.00021017        0.00067370       -0.10756730        0.00056005
  2    1        0.00021017        0.00067370        0.10756730        0.00056005
  2    2        0.24565525        0.00104289        0.00000000        0.00000000
    0.000000      0.000000
  1    1        0.20739435        0.00053608        0.00000000        0.00000000
  1    2       -0.20717016        0.00066048        0.00000000        0.00000000
  2    1       -0.20717016        0.00066048        0.00000000        0.00000000
  2    2        0.20743329        0.00061804        0.00000000        0.00000000
    0.000000      2.418399
  1    1        0.24558600        0.00097753       -0.00000000        0.00000000
  1    2        0.00021017        0.00067370        0.10756730        0.00056005
  2    1        0.00021017        0.00067370       -0.10756730        0.00056005
  2    2        0.24565525        0.00104289       -0.00000000        0.00000000
    2.094395     -1.209200
  1    1        0.24563517        0.00102974        0.00000000        0.00000000
  1    2       -0.09326569        0.00069485       -0.05367292        0.00021059
  2    1       -0.09326569        0.00069485        0.05367292        0.00021059
  2    2        0.24553229        0.00119628        0.00000000        0.00000000
    2.094395      1.209200
  1    1        0.24568282        0.00110286       -0.00000000        0.00000000
  1    2       -0.09259233        0.00045271        0.05393494        0.00048046
  2    1       -0.09259233        0.00045271       -0.05393494        0.00048046
  2    2        0.24520403        0.00158845       -0.00000000        0.00000000
    2.094395      3.627599
  1    1        0.25202851        0.00108825        0.00000000        0.00000000
  1    2        0.00018585        0.00052064       -0.00044436        0.00045577
  2    1        0.00018585        0.00052064        0.00044436        0.00045577
  2    2        0.25187526        0.00118423        0.00000000        0.00000000
    4.188790      0.000000
  1    1        0.25202851        0.00108825        0.00000000        0.00000000
  1    2        0.00018585        0.00052064        0.00044436        0.00045577
  2    1        0.00018585        0.00052064       -0.00044436        0.00045577
  2    2        0.25187526        0.00118423        0.00000000        0.00000000
