   1.0000000000000000                2           9
 (  1.0000000000000286     ,  0.0000000000000000     )
 ( 0.99999999999996658     ,  0.0000000000000000     )
  -2.0943951023931953       -1.2091995761561449     
 ( 0.24499358263142834     ,  7.8949192862233350E-016)
 ( -9.3039199866926950E-002, -5.3737242429701425E-002)
 ( -9.3039199866926853E-002,  5.3737242429702708E-002)
 ( 0.24484359639256473     ,  5.9211894646675012E-016)
  -2.0943951023931953        1.2091995761561449     
 ( 0.24476551151142326     , -3.9474596431116675E-016)
 ( -9.4014246183536654E-002,  5.3151715720358657E-002)
 ( -9.4014246183536765E-002, -5.3151715720359448E-002)
 ( 0.24466212824120209     , -5.9211894646675012E-016)
   0.0000000000000000       -2.4183991523122899     
 ( 0.24509905748223904     ,  8.8817841970012523E-016)
 ( -9.7971303959474036E-004,-0.10675487497121534     )
 ( -9.7971303959434571E-004, 0.10675487497121762     )
 ( 0.24512522285034036     ,  1.5789838572446670E-015)
   0.0000000000000000        0.0000000000000000     
 (  9.2071574257239437     ,  0.0000000000000000     )
 (  8.7932223867929267     ,  0.0000000000000000     )
 (  8.7932223867929267     ,  0.0000000000000000     )
 (  9.2071013859850908     ,  0.0000000000000000     )
   0.0000000000000000        2.4183991523122899     
 ( 0.24509905748223904     , -8.8817841970012523E-016)
 ( -9.7971303959474036E-004, 0.10675487497121534     )
 ( -9.7971303959434571E-004,-0.10675487497121762     )
 ( 0.24512522285034036     , -1.5789838572446670E-015)
   2.0943951023931953       -1.2091995761561449     
 ( 0.24476551151142326     ,  3.9474596431116675E-016)
 ( -9.4014246183536654E-002, -5.3151715720358657E-002)
 ( -9.4014246183536765E-002,  5.3151715720359448E-002)
 ( 0.24466212824120209     ,  5.9211894646675012E-016)
   2.0943951023931953        1.2091995761561449     
 ( 0.24499358263142834     , -7.8949192862233350E-016)
 ( -9.3039199866926950E-002,  5.3737242429701425E-002)
 ( -9.3039199866926853E-002, -5.3737242429702708E-002)
 ( 0.24484359639256473     , -5.9211894646675012E-016)
   2.0943951023931953        3.6275987284684348     
 ( 0.25120596899200770     ,  3.1036537208272330E-015)
 ( -6.6518618846305659E-004, -6.9878038232204010E-004)
 ( -6.6518618846364867E-004,  6.9878038232844611E-004)
 ( 0.25145822800365358     ,  3.3011117719842323E-015)
   4.1887902047863905        0.0000000000000000     
 ( 0.25120596899200870     ,  2.4424114131442567E-016)
 ( -6.6518618846266183E-004,  6.9878038232538888E-004)
 ( -6.6518618846305659E-004, -6.9878038232509744E-004)
 ( 0.25145822800365419     ,  4.6886547432609759E-017)
   1.0000000000000000                2           9
 ( 0.99999999999998002     ,  0.0000000000000000     )
 ( 0.99999999999999178     ,  0.0000000000000000     )
  -2.0943951023931953       -1.2091995761561449     
 ( 0.24737189675603735     ,  6.9080543754454186E-016)
 ( -9.4751548543501374E-002, -5.3001348660866872E-002)
 ( -9.4751548543501263E-002,  5.3001348660868058E-002)
 ( 0.24783316979649347     ,  7.8949192862233350E-016)
  -2.0943951023931953        1.2091995761561449     
 ( 0.24750340998824505     , -7.8949192862233350E-016)
 ( -9.1960404499374704E-002,  5.4311414140801477E-002)
 ( -9.1960404499375398E-002, -5.4311414140802663E-002)
 ( 0.24830231572380423     , -9.8686491077791687E-017)
   0.0000000000000000       -2.4183991523122899     
 ( 0.24746932092712776     ,  1.3816108750890837E-015)
 ( -4.0531031459798171E-004,-0.10704275186318481     )
 ( -4.0531031459788299E-004, 0.10704275186318678     )
 ( 0.24803466489973591     ,  8.8817841970012523E-016)
   0.0000000000000000        0.0000000000000000     
 (  9.2076670508064336     ,  0.0000000000000000     )
 (  8.7917781280232035     ,  0.0000000000000000     )
 (  8.7917781280232052     ,  0.0000000000000000     )
 (  9.2081983338823417     ,  0.0000000000000000     )
   0.0000000000000000        2.4183991523122899     
 ( 0.24746932092712776     , -1.3816108750890837E-015)
 ( -4.0531031459798171E-004, 0.10704275186318481     )
 ( -4.0531031459788299E-004,-0.10704275186318678     )
 ( 0.24803466489973591     , -8.8817841970012523E-016)
   2.0943951023931953       -1.2091995761561449     
 ( 0.24750340998824505     ,  7.8949192862233350E-016)
 ( -9.1960404499374704E-002, -5.4311414140801477E-002)
 ( -9.1960404499375398E-002,  5.4311414140802663E-002)
 ( 0.24830231572380423     ,  9.8686491077791687E-017)
   2.0943951023931953        1.2091995761561449     
 ( 0.24737189675603735     , -6.9080543754454186E-016)
 ( -9.4751548543501374E-002,  5.3001348660866872E-002)
 ( -9.4751548543501263E-002, -5.3001348660868058E-002)
 ( 0.24783316979649347     , -7.8949192862233350E-016)
   2.0943951023931953        3.6275987284684348     
 ( 0.25344489062107051     ,  2.9059661114413791E-015)
 ( -4.0883410707988804E-004,  1.1756506109343824E-003)
 ( -4.0883410707988804E-004, -1.1756506109283716E-003)
 ( 0.25391898478817954     ,  3.1032955254343217E-015)
   4.1887902047863905        0.0000000000000000     
 ( 0.25344489062107134     ,  4.4154611454139054E-016)
 ( -4.0883410707929596E-004, -1.1756506109309351E-003)
 ( -4.0883410707909858E-004,  1.1756506109315225E-003)
 ( 0.25391898478818015     ,  2.4416371481549527E-016)
   1.0000000000000000                2           9
 ( 0.99999999999996436     ,  0.0000000000000000     )
 (  1.0000000000000564     ,  0.0000000000000000     )
  -2.0943951023931953       -1.2091995761561449     
 ( 0.24736721596075256     ,  4.9343245538895848E-016)
 ( -8.9135940148399859E-002, -5.6037013796633853E-002)
 ( -8.9135940148400150E-002,  5.6037013796635331E-002)
 ( 0.24723084556109154     ,  4.9343245538895848E-016)
  -2.0943951023931953        1.2091995761561449     
 ( 0.24694723521134027     , -4.9343245538895848E-016)
 ( -9.4841009626740219E-002,  5.3266143225283398E-002)
 ( -9.4841009626739928E-002, -5.3266143225283696E-002)
 ( 0.24661526550298796     ,  9.8686491077791687E-017)
   0.0000000000000000       -2.4183991523122899     
 ( 0.24645884969236753     ,  1.1842378929335002E-015)
 (  2.9292252848344999E-003,-0.10989547523490382     )
 (  2.9292252848343026E-003, 0.10989547523490620     )
 ( 0.24648906307027751     ,  1.4802973661668755E-015)
   0.0000000000000000        0.0000000000000000     
 (  9.2083656285519613     ,  0.0000000000000000     )
 (  8.7919329026269732     ,  0.0000000000000000     )
 (  8.7919329026269732     ,  0.0000000000000000     )
 (  9.2082814019875769     ,  0.0000000000000000     )
   0.0000000000000000        2.4183991523122899     
 ( 0.24645884969236753     , -1.1842378929335002E-015)
 (  2.9292252848344999E-003, 0.10989547523490382     )
 (  2.9292252848343026E-003,-0.10989547523490620     )
 ( 0.24648906307027751     , -1.4802973661668755E-015)
   2.0943951023931953       -1.2091995761561449     
 ( 0.24694723521134027     ,  4.9343245538895848E-016)
 ( -9.4841009626740219E-002, -5.3266143225283398E-002)
 ( -9.4841009626739928E-002,  5.3266143225283696E-002)
 ( 0.24661526550298796     , -9.8686491077791687E-017)
   2.0943951023931953        1.2091995761561449     
 ( 0.24736721596075256     , -4.9343245538895848E-016)
 ( -8.9135940148399859E-002,  5.6037013796633853E-002)
 ( -8.9135940148400150E-002, -5.6037013796635331E-002)
 ( 0.24723084556109154     , -4.9343245538895848E-016)
   2.0943951023931953        3.6275987284684348     
 ( 0.25368884799579039     ,  3.3010592875864944E-015)
 (  2.3678304989768074E-003, -2.4052195646333341E-003)
 (  2.3678304989764123E-003,  2.4052195646395418E-003)
 ( 0.25335995334813721     ,  3.0049615544490256E-015)
   4.1887902047863905        0.0000000000000000     
 ( 0.25368884799579117     ,  1.4556169363203143E-016)
 (  2.3678304989775967E-003,  2.4052195646366826E-003)
 (  2.3678304989772020E-003, -2.4052195646362923E-003)
 ( 0.25335995334813799     ,  4.4161289671318778E-016)
   1.0000000000000000                2           9
 ( 0.99999999999994782     ,  0.0000000000000000     )
 (  1.0000000000000568     ,  0.0000000000000000     )
  -2.0943951023931953       -1.2091995761561449     
 ( 0.24549644121662487     ,  8.8817841970012523E-016)
 ( -9.1445567428010674E-002, -5.3898395856398648E-002)
 ( -9.1445567428010577E-002,  5.3898395856400230E-002)
 ( 0.24326852491856077     ,  4.9343245538895848E-016)
  -2.0943951023931953        1.2091995761561449     
 ( 0.24504875459275255     , -2.9605947323337506E-016)
 ( -9.2914258398632849E-002,  5.3457084917366435E-002)
 ( -9.2914258398632751E-002, -5.3457084917367621E-002)
 ( 0.24497018548276886     , -1.9737298215558337E-016)
   0.0000000000000000       -2.4183991523122899     
 ( 0.24448083186293404     ,  1.0855514018557087E-015)
 (  7.1321532469455684E-004,-0.10742656565694819     )
 (  7.1321532469455684E-004, 0.10742656565695047     )
 ( 0.24485867245375983     ,  1.2829243840112920E-015)
   0.0000000000000000        0.0000000000000000     
 (  9.2067999627599182     ,  0.0000000000000000     )
 (  8.7935669375664602     ,  0.0000000000000000     )
 (  8.7935669375664602     ,  0.0000000000000000     )
 (  9.2067402135681373     ,  0.0000000000000000     )
   0.0000000000000000        2.4183991523122899     
 ( 0.24448083186293404     , -1.0855514018557087E-015)
 (  7.1321532469455684E-004, 0.10742656565694819     )
 (  7.1321532469455684E-004,-0.10742656565695047     )
 ( 0.24485867245375983     , -1.2829243840112920E-015)
   2.0943951023931953       -1.2091995761561449     
 ( 0.24504875459275255     ,  2.9605947323337506E-016)
 ( -9.2914258398632849E-002, -5.3457084917366435E-002)
 ( -9.2914258398632751E-002,  5.3457084917367621E-002)
 ( 0.24497018548276886     ,  1.9737298215558337E-016)
   2.0943951023931953        1.2091995761561449     
 ( 0.24549644121662487     , -8.8817841970012523E-016)
 ( -9.1445567428010674E-002,  5.3898395856398648E-002)
 ( -9.1445567428010577E-002, -5.3898395856400230E-002)
 ( 0.24326852491856077     , -4.9343245538895848E-016)
   2.0943951023931953        3.6275987284684348     
 ( 0.25113667581154558     ,  2.9061971498934019E-015)
 (  8.0301725047565102E-004, -5.8050411095091363E-004)
 (  8.0301725047525626E-004,  5.8050411095712199E-004)
 ( 0.25107690367982805     ,  3.1037903768975878E-015)
   4.1887902047863905        0.0000000000000000     
 ( 0.25113667581154636     ,  4.4159605515707802E-016)
 (  8.0301725047624310E-004,  5.8050411095455817E-004)
 (  8.0301725047604577E-004, -5.8050411095387209E-004)
 ( 0.25107690367982882     ,  2.4427068050251825E-016)
   1.0000000000000000                2           9
 (  1.0000000000000093     ,  0.0000000000000000     )
 ( 0.99999999999994116     ,  0.0000000000000000     )
  -2.0943951023931953       -1.2091995761561449     
 ( 0.24308925053255750     ,  2.9605947323337506E-016)
 ( -9.5002159574372511E-002, -5.2480212689876855E-002)
 ( -9.5002159574372802E-002,  5.2480212689877938E-002)
 ( 0.24282990895903486     ,  2.9605947323337506E-016)
  -2.0943951023931953        1.2091995761561449     
 ( 0.24368428428201078     , -4.9343245538895848E-016)
 ( -9.1530737332285464E-002,  5.4333722780754989E-002)
 ( -9.1530737332285367E-002, -5.4333722780756669E-002)
 ( 0.24360702273814333     , -3.9474596431116675E-016)
   0.0000000000000000       -2.4183991523122899     
 ( 0.24391765313257066     ,  1.2829243840112920E-015)
 ( -7.8594296654216974E-004,-0.10654263507185352     )
 ( -7.8594296654187364E-004, 0.10654263507185578     )
 ( 0.24386673801103026     ,  1.6776703483224587E-015)
   0.0000000000000000        0.0000000000000000     
 (  9.2062997606558845     ,  0.0000000000000000     )
 (  8.7938682544983404     ,  0.0000000000000000     )
 (  8.7938682544983422     ,  0.0000000000000000     )
 (  9.2062690557239470     ,  0.0000000000000000     )
   0.0000000000000000        2.4183991523122899     
 ( 0.24391765313257066     , -1.2829243840112920E-015)
 ( -7.8594296654216974E-004, 0.10654263507185352     )
 ( -7.8594296654187364E-004,-0.10654263507185578     )
 ( 0.24386673801103026     , -1.6776703483224587E-015)
   2.0943951023931953       -1.2091995761561449     
 ( 0.24368428428201078     ,  4.9343245538895848E-016)
 ( -9.1530737332285464E-002, -5.4333722780754989E-002)
 ( -9.1530737332285367E-002,  5.4333722780756669E-002)
 ( 0.24360702273814333     ,  3.9474596431116675E-016)
   2.0943951023931953        1.2091995761561449     
 ( 0.24308925053255750     , -2.9605947323337506E-016)
 ( -9.5002159574372511E-002,  5.2480212689876855E-002)
 ( -9.5002159574372802E-002, -5.2480212689877938E-002)
 ( 0.24282990895903486     , -2.9605947323337506E-016)
   2.0943951023931953        3.6275987284684348     
 ( 0.24984099710764557     ,  3.3010996442581098E-015)
 ( -6.9684227182757275E-004,  1.1170556459268351E-003)
 ( -6.9684227182737542E-004, -1.1170556459206265E-003)
 ( 0.24953755467564687     ,  3.3010681600329233E-015)
   4.1887902047863905        0.0000000000000000     
 ( 0.24984099710764657     ,  4.6883925937771361E-017)
 ( -6.9684227182678334E-004, -1.1170556459234862E-003)
 ( -6.9684227182698066E-004,  1.1170556459239752E-003)
 ( 0.24953755467564764     , -5.1809370680727902E-017)
   1.0000000000000000                2           9
 (  1.0000000000000837     ,  0.0000000000000000     )
 ( 0.99999999999989431     ,  0.0000000000000000     )
  -2.0943951023931953       -1.2091995761561449     
 ( 0.24514103018812416     ,  6.9080543754454186E-016)
 ( -9.0304846008595147E-002, -5.5519884965035987E-002)
 ( -9.0304846008595049E-002,  5.5519884965037569E-002)
 ( 0.24484025363030643     ,  2.9605947323337506E-016)
  -2.0943951023931953        1.2091995761561449     
 ( 0.24486556697223427     , -4.9343245538895848E-016)
 ( -9.5005970047701477E-002,  5.3024753289113789E-002)
 ( -9.5005970047701782E-002, -5.3024753289114678E-002)
 ( 0.24435730018470783     , -4.9343245538895848E-016)
   0.0000000000000000       -2.4183991523122899     
 ( 0.24514878496655002     ,  1.1842378929335002E-015)
 (  1.0027751797478698E-003,-0.10841732715131741     )
 (  1.0027751797478698E-003, 0.10841732715132027     )
 ( 0.24484191414318504     ,  1.0855514018557087E-015)
   0.0000000000000000        0.0000000000000000     
 (  9.2076495814744010     ,  0.0000000000000000     )
 (  8.7928479288028836     ,  0.0000000000000000     )
 (  8.7928479288028871     ,  0.0000000000000000     )
 (  9.2075610155455312     ,  0.0000000000000000     )
   0.0000000000000000        2.4183991523122899     
 ( 0.24514878496655002     , -1.1842378929335002E-015)
 (  1.0027751797478698E-003, 0.10841732715131741     )
 (  1.0027751797478698E-003,-0.10841732715132027     )
 ( 0.24484191414318504     , -1.0855514018557087E-015)
   2.0943951023931953       -1.2091995761561449     
 ( 0.24486556697223427     ,  4.9343245538895848E-016)
 ( -9.5005970047701477E-002, -5.3024753289113789E-002)
 ( -9.5005970047701782E-002,  5.3024753289114678E-002)
 ( 0.24435730018470783     ,  4.9343245538895848E-016)
   2.0943951023931953        1.2091995761561449     
 ( 0.24514103018812416     , -6.9080543754454186E-016)
 ( -9.0304846008595147E-002,  5.5519884965035987E-002)
 ( -9.0304846008595049E-002, -5.5519884965037569E-002)
 ( 0.24484025363030643     , -2.9605947323337506E-016)
   2.0943951023931953        3.6275987284684348     
 ( 0.25161405152696786     ,  3.1037810179723186E-015)
 (  8.5835491011978767E-004, -2.4597196097950048E-003)
 (  8.5835491011978767E-004,  2.4597196098014107E-003)
 ( 0.25117631257169254     ,  3.0051136475002601E-015)
   4.1887902047863905        0.0000000000000000     
 ( 0.25161405152696847     ,  2.4426865750380958E-016)
 (  8.5835491012057708E-004,  2.4597196097986499E-003)
 (  8.5835491012057708E-004, -2.4597196097980623E-003)
 ( 0.25117631257169354     ,  3.4295928163743788E-016)
   1.0000000000000000                2           9
 ( 0.99999999999926659     ,  0.0000000000000000     )
 ( 0.99999999999999412     ,  0.0000000000000000     )
  -2.0943951023931953       -1.2091995761561449     
 ( 0.24563107349091062     ,  1.0855514018557087E-015)
 ( -9.4913893997541798E-002, -5.2672768688703978E-002)
 ( -9.4913893997541701E-002,  5.2672768688705657E-002)
 ( 0.24522146029320593     ,  4.9343245538895848E-016)
  -2.0943951023931953        1.2091995761561449     
 ( 0.24576176757960441     , -2.9605947323337506E-016)
 ( -9.3341771895747092E-002,  5.3644408987566533E-002)
 ( -9.3341771895747383E-002, -5.3644408987567317E-002)
 ( 0.24534167884906191     , -5.9211894646675012E-016)
   0.0000000000000000       -2.4183991523122899     
 ( 0.24604054219871210     ,  7.8949192862233350E-016)
 ( -2.1929486909005253E-003,-0.10607905083866055     )
 ( -2.1929486909000317E-003, 0.10607905083866312     )
 ( 0.24584046755515290     ,  1.0855514018557087E-015)
   0.0000000000000000        0.0000000000000000     
 (  9.2075841274317671     ,  0.0000000000000000     )
 (  8.7929848768420573     ,  0.0000000000000000     )
 (  8.7929848768420573     ,  0.0000000000000000     )
 (  9.2075497129054167     ,  0.0000000000000000     )
   0.0000000000000000        2.4183991523122899     
 ( 0.24604054219871210     , -7.8949192862233350E-016)
 ( -2.1929486909005253E-003, 0.10607905083866055     )
 ( -2.1929486909000317E-003,-0.10607905083866312     )
 ( 0.24584046755515290     , -1.0855514018557087E-015)
   2.0943951023931953       -1.2091995761561449     
 ( 0.24576176757960441     ,  2.9605947323337506E-016)
 ( -9.3341771895747092E-002, -5.3644408987566533E-002)
 ( -9.3341771895747383E-002,  5.3644408987567317E-002)
 ( 0.24534167884906191     ,  5.9211894646675012E-016)
   2.0943951023931953        1.2091995761561449     
 ( 0.24563107349091062     , -1.0855514018557087E-015)
 ( -9.4913893997541798E-002,  5.2672768688703978E-002)
 ( -9.4913893997541701E-002, -5.2672768688705657E-002)
 ( 0.24522146029320593     , -4.9343245538895848E-016)
   2.0943951023931953        3.6275987284684348     
 ( 0.25244561091368239     ,  3.1036953630300301E-015)
 ( -1.8084069159885906E-003,  4.8657119383354729E-004)
 ( -1.8084069159885906E-003, -4.8657119382723994E-004)
 ( 0.25218187905418010     ,  3.3011272539893621E-015)
   4.1887902047863905        0.0000000000000000     
 ( 0.25244561091368339     ,  1.4556365149693526E-016)
 ( -1.8084069159878010E-003, -4.8657119383029718E-004)
 ( -1.8084069159878010E-003,  4.8657119383058861E-004)
 ( 0.25218187905418088     ,  1.4557638505666455E-016)
   1.0000000000000000                2           9
 ( 0.99999999999986322     ,  0.0000000000000000     )
 (  1.0000000000001246     ,  0.0000000000000000     )
  -2.0943951023931953       -1.2091995761561449     
 ( 0.24497247311267736     ,  6.9080543754454186E-016)
 ( -9.2218619107520328E-002, -5.4274697063644121E-002)
 ( -9.2218619107520328E-002,  5.4274697063645599E-002)
 ( 0.24507898658870600     ,  4.9343245538895848E-016)
  -2.0943951023931953        1.2091995761561449     
 ( 0.24494164949969319     , -4.9343245538895848E-016)
 ( -9.2346857868505661E-002,  5.4258400995156303E-002)
 ( -9.2346857868505855E-002, -5.4258400995157295E-002)
 ( 0.24443481440026854     , -4.9343245538895848E-016)
   0.0000000000000000       -2.4183991523122899     
 ( 0.24438953454465562     ,  1.2829243840112920E-015)
 (  1.6879686628192342E-003,-0.10865315225534961     )
 (  1.6879686628189382E-003, 0.10865315225535187     )
 ( 0.24435510504613067     ,  1.2829243840112920E-015)
   0.0000000000000000        0.0000000000000000     
 (  9.2071079551644477     ,  0.0000000000000000     )
 (  8.7931770581897375     ,  0.0000000000000000     )
 (  8.7931770581897375     ,  0.0000000000000000     )
 (  9.2071367115181815     ,  0.0000000000000000     )
   0.0000000000000000        2.4183991523122899     
 ( 0.24438953454465562     , -1.2829243840112920E-015)
 (  1.6879686628192342E-003, 0.10865315225534961     )
 (  1.6879686628189382E-003,-0.10865315225535187     )
 ( 0.24435510504613067     , -1.2829243840112920E-015)
   2.0943951023931953       -1.2091995761561449     
 ( 0.24494164949969319     ,  4.9343245538895848E-016)
 ( -9.2346857868505661E-002, -5.4258400995156303E-002)
 ( -9.2346857868505855E-002,  5.4258400995157295E-002)
 ( 0.24443481440026854     ,  4.9343245538895848E-016)
   2.0943951023931953        1.2091995761561449     
 ( 0.24497247311267736     , -6.9080543754454186E-016)
 ( -9.2218619107520328E-002,  5.4274697063644121E-002)
 ( -9.2218619107520328E-002, -5.4274697063645599E-002)
 ( 0.24507898658870600     , -4.9343245538895848E-016)
   2.0943951023931953        3.6275987284684348     
 ( 0.25147662843265983     ,  3.4985314206000954E-015)
 (  1.1479978980784011E-003,  1.0007517979464570E-004)
 (  1.1479978980787958E-003, -1.0007517978863485E-004)
 ( 0.25090355631159589     ,  3.1036995117299641E-015)
   4.1887902047863905        0.0000000000000000     
 ( 0.25147662843266044     , -2.4916283851123436E-016)
 (  1.1479978980795853E-003, -1.0007517979119861E-004)
 (  1.1479978980795853E-003,  1.0007517979188465E-004)
 ( 0.25090355631159666     ,  2.4425103934592321E-016)
