   1.0000000000000000                2           9
 (  0.0000000000000000     ,  0.0000000000000000     )
 (  0.0000000000000000     ,  0.0000000000000000     )
  -2.0943951023931953       -1.2091995761561449     
 (  1.0000000000002063     ,  2.2210404040106674E-003)
 ( 0.72738522730390054     , 0.41760189425277000     )
 ( 0.72738522730423183     ,-0.41760189425294592     )
 ( 0.99999999999977418     , -1.2314164523662902E-003)
  -2.0943951023931953        1.2091995761561449     
 ( 0.99999999999990996     ,  1.7779674573576273E-003)
 ( 0.72908056981689573     ,-0.41682938201747499     )
 ( 0.72908056981709912     , 0.41682938201731912     )
 ( 0.99999999999999345     ,  3.8246780156082441E-003)
   0.0000000000000000       -2.4183991523122899     
 ( 0.99999999999998068     ,  7.6187301225204502E-004)
 (  2.6868285817607191E-003, 0.83787353109286600     )
 (  2.6868285818073484E-003,-0.83787353109279550     )
 (  1.0000000000000435     , -3.0903844176447810E-003)
   0.0000000000000000        0.0000000000000000     
 ( 0.99999999999995381     ,  0.0000000000000000     )
 ( 0.90675807020152754     ,  0.0000000000000000     )
 ( 0.90675807020138932     ,  0.0000000000000000     )
 (  1.0000000000002587     ,  0.0000000000000000     )
   0.0000000000000000        2.4183991523122899     
 ( 0.99999999999998068     , -7.6187301225204502E-004)
 (  2.6868285817607191E-003,-0.83787353109286600     )
 (  2.6868285818073484E-003, 0.83787353109279550     )
 (  1.0000000000000435     ,  3.0903844176447810E-003)
   2.0943951023931953       -1.2091995761561449     
 ( 0.99999999999990996     , -1.7779674573576273E-003)
 ( 0.72908056981689573     , 0.41682938201747499     )
 ( 0.72908056981709912     ,-0.41682938201731912     )
 ( 0.99999999999999345     , -3.8246780156082441E-003)
   2.0943951023931953        1.2091995761561449     
 (  1.0000000000002063     , -2.2210404040106674E-003)
 ( 0.72738522730390054     ,-0.41760189425277000     )
 ( 0.72738522730423183     , 0.41760189425294592     )
 ( 0.99999999999977418     ,  1.2314164523662902E-003)
   2.0943951023931953        3.6275987284684348     
 (  1.0000000000000557     , -1.3316281394444969E-002)
 (  9.4640826177364457E-003,  5.3074058452881800E-003)
 (  9.4640826174315542E-003, -5.3074058455063744E-003)
 ( 0.99999999999990885     ,  1.0671822191356270E-002)
   4.1887902047863905        0.0000000000000000     
 (  1.0000000000000557     ,  1.3316281394444966E-002)
 (  9.4640826177369141E-003, -5.3074058452889337E-003)
 (  9.4640826174320833E-003,  5.3074058455067664E-003)
 ( 0.99999999999990885     , -1.0671822191356269E-002)
   1.0000000000000000                2           9
 (  0.0000000000000000     ,  0.0000000000000000     )
 (  0.0000000000000000     ,  0.0000000000000000     )
  -2.0943951023931953       -1.2091995761561449     
 (  1.0000000000000078     , -2.6962895339299514E-004)
 ( 0.73123629979609661     , 0.41851318109003155     )
 ( 0.73123629979567295     ,-0.41851318108986901     )
 ( 0.99999999999994260     ,  7.1397653955738158E-004)
  -2.0943951023931953        1.2091995761561449     
 (  1.0000000000001208     , -2.6225699827497288E-004)
 ( 0.72922900266494450     ,-0.41983623492896971     )
 ( 0.72922900266567225     , 0.41983623492952044     )
 ( 0.99999999999979416     ,  3.8482447841756886E-003)
   0.0000000000000000       -2.4183991523122899     
 (  1.0000000000004325     ,  2.5026599734708629E-003)
 (  4.5067049949689868E-003, 0.84203412884803053     )
 (  4.5067049947334469E-003,-0.84203412884833517     )
 (  1.0000000000000520     , -2.5799383976898025E-003)
   0.0000000000000000        0.0000000000000000     
 ( 0.99999999999988398     ,  0.0000000000000000     )
 ( 0.90739303498498414     ,  0.0000000000000000     )
 ( 0.90739303498391211     ,  0.0000000000000000     )
 ( 0.99999999999980949     ,  0.0000000000000000     )
   0.0000000000000000        2.4183991523122899     
 (  1.0000000000004325     , -2.5026599734708629E-003)
 (  4.5067049949689868E-003,-0.84203412884803053     )
 (  4.5067049947334469E-003, 0.84203412884833517     )
 (  1.0000000000000520     ,  2.5799383976898025E-003)
   2.0943951023931953       -1.2091995761561449     
 (  1.0000000000001208     ,  2.6225699827497288E-004)
 ( 0.72922900266494450     , 0.41983623492896971     )
 ( 0.72922900266567225     ,-0.41983623492952044     )
 ( 0.99999999999979416     , -3.8482447841756886E-003)
   2.0943951023931953        1.2091995761561449     
 (  1.0000000000000078     ,  2.6962895339299514E-004)
 ( 0.73123629979609661     ,-0.41851318109003155     )
 ( 0.73123629979567295     , 0.41851318108986901     )
 ( 0.99999999999994260     , -7.1397653955738158E-004)
   2.0943951023931953        3.6275987284684348     
 ( 0.99999999999940714     ,  2.6537898723228716E-003)
 (  1.7935591541926342E-004, -1.5902756317588300E-002)
 (  1.7935591598247956E-004,  1.5902756317821190E-002)
 (  1.0000000000002709     , -9.8747322505749503E-003)
   4.1887902047863905        0.0000000000000000     
 ( 0.99999999999940714     , -2.6537898723228729E-003)
 (  1.7935591541970750E-004,  1.5902756317587627E-002)
 (  1.7935591598294831E-004, -1.5902756317820801E-002)
 (  1.0000000000002709     ,  9.8747322505749503E-003)
   1.0000000000000000                2           9
 (  0.0000000000000000     ,  0.0000000000000000     )
 (  0.0000000000000000     ,  0.0000000000000000     )
  -2.0943951023931953       -1.2091995761561449     
 (  1.0000000000000184     , -6.2873588054255145E-005)
 ( 0.72615319089787844     , 0.42834910003401561     )
 ( 0.72615319089794628     ,-0.42834910003413262     )
 ( 0.99999999999990108     ,  4.4935656730243131E-003)
  -2.0943951023931953        1.2091995761561449     
 ( 0.99999999999993905     ,  2.4201175850438526E-003)
 ( 0.73071385168043657     ,-0.41766596139335593     )
 ( 0.73071385168041536     , 0.41766596139300222     )
 (  1.0000000000001827     , -2.0895683418937407E-003)
   0.0000000000000000       -2.4183991523122899     
 (  1.0000000000000153     , -1.0379547090098697E-003)
 ( -4.2579858177793396E-003, 0.84495286538367642     )
 ( -4.2579858178064473E-003,-0.84495286538384651     )
 ( 0.99999999999997913     ,  1.0256487961900207E-003)
   0.0000000000000000        0.0000000000000000     
 ( 0.99999999999950306     ,  0.0000000000000000     )
 ( 0.90865994187135946     ,  0.0000000000000000     )
 ( 0.90865994187065402     ,  0.0000000000000000     )
 (  1.0000000000002234     ,  0.0000000000000000     )
   0.0000000000000000        2.4183991523122899     
 (  1.0000000000000153     ,  1.0379547090098697E-003)
 ( -4.2579858177793396E-003,-0.84495286538367642     )
 ( -4.2579858178064473E-003, 0.84495286538384651     )
 ( 0.99999999999997913     , -1.0256487961900207E-003)
   2.0943951023931953       -1.2091995761561449     
 ( 0.99999999999993905     , -2.4201175850438526E-003)
 ( 0.73071385168043657     , 0.41766596139335593     )
 ( 0.73071385168041536     ,-0.41766596139300222     )
 (  1.0000000000001827     ,  2.0895683418937407E-003)
   2.0943951023931953        1.2091995761561449     
 (  1.0000000000000184     ,  6.2873588054255145E-005)
 ( 0.72615319089787844     ,-0.42834910003401561     )
 ( 0.72615319089794628     , 0.42834910003413262     )
 ( 0.99999999999990108     , -4.4935656730243131E-003)
   2.0943951023931953        3.6275987284684348     
 (  1.0000000000001161     ,  5.8398749482314524E-004)
 ( -3.4659242211493406E-002,  3.1799458007949762E-002)
 ( -3.4659242211352345E-002, -3.1799458008061957E-002)
 (  1.0000000000000797     , -3.7384481719873355E-003)
   4.1887902047863905        0.0000000000000000     
 (  1.0000000000001161     , -5.8398749482314503E-004)
 ( -3.4659242211492906E-002, -3.1799458007950636E-002)
 ( -3.4659242211351866E-002,  3.1799458008062283E-002)
 (  1.0000000000000797     ,  3.7384481719873342E-003)
   1.0000000000000000                2           9
 (  0.0000000000000000     ,  0.0000000000000000     )
 (  0.0000000000000000     ,  0.0000000000000000     )
  -2.0943951023931953       -1.2091995761561449     
 (  1.0000000000005274     ,  5.1979813657680469E-005)
 ( 0.72410964501448993     , 0.42076733166701480     )
 ( 0.72410964501554531     ,-0.42076733166696489     )
 ( 0.99999999999964750     ,  7.1020308273339421E-004)
  -2.0943951023931953        1.2091995761561449     
 (  1.0000000000004166     ,  2.1555609654019350E-003)
 ( 0.72300588130019694     ,-0.42085789336116569     )
 ( 0.72300588129980226     , 0.42085789336127211     )
 (  1.0000000000008042     , -2.2673275750249595E-004)
   0.0000000000000000       -2.4183991523122899     
 ( 0.99999999999965816     , -4.4345985525132258E-003)
 ( -2.0759972173776059E-003, 0.83831970768650155     )
 ( -2.0759972165675317E-003,-0.83831970768614739     )
 (  1.0000000000000770     , -4.0701647693906200E-003)
   0.0000000000000000        0.0000000000000000     
 (  1.0000000000000235     ,  0.0000000000000000     )
 ( 0.90580748467101913     ,  0.0000000000000000     )
 ( 0.90580748467092875     ,  0.0000000000000000     )
 ( 0.99999999999961353     ,  0.0000000000000000     )
   0.0000000000000000        2.4183991523122899     
 ( 0.99999999999965816     ,  4.4345985525132258E-003)
 ( -2.0759972173776059E-003,-0.83831970768650155     )
 ( -2.0759972165675317E-003, 0.83831970768614739     )
 (  1.0000000000000770     ,  4.0701647693906200E-003)
   2.0943951023931953       -1.2091995761561449     
 (  1.0000000000004166     , -2.1555609654019350E-003)
 ( 0.72300588130019694     , 0.42085789336116569     )
 ( 0.72300588129980226     ,-0.42085789336127211     )
 (  1.0000000000008042     ,  2.2673275750249595E-004)
   2.0943951023931953        1.2091995761561449     
 (  1.0000000000005274     , -5.1979813657680469E-005)
 ( 0.72410964501448993     ,-0.42076733166701480     )
 ( 0.72410964501554531     , 0.42076733166696489     )
 ( 0.99999999999964750     , -7.1020308273339421E-004)
   2.0943951023931953        3.6275987284684348     
 ( 0.99999999999915190     ,  2.6917624684472057E-002)
 ( -8.5748054648598672E-003,  8.9314621472449361E-003)
 ( -8.5748054646307900E-003, -8.9314621456982393E-003)
 ( 0.99999999999992062     ,  1.0838701373595003E-003)
   4.1887902047863905        0.0000000000000000     
 ( 0.99999999999915190     , -2.6917624684472057E-002)
 ( -8.5748054648593607E-003, -8.9314621472457011E-003)
 ( -8.5748054646303598E-003,  8.9314621456985255E-003)
 ( 0.99999999999992062     , -1.0838701373594984E-003)
   1.0000000000000000                2           9
 (  0.0000000000000000     ,  0.0000000000000000     )
 (  0.0000000000000000     ,  0.0000000000000000     )
  -2.0943951023931953       -1.2091995761561449     
 (  1.0000000000000491     ,  1.1873636593666094E-003)
 ( 0.72424293536967310     , 0.42021412522960661     )
 ( 0.72424293536972328     ,-0.42021412522986135     )
 ( 0.99999999999995537     ,  3.3164475457005457E-003)
  -2.0943951023931953        1.2091995761561449     
 (  1.0000000000000813     ,  1.1396048714500577E-003)
 ( 0.72241664761868796     ,-0.42110325691114742     )
 ( 0.72241664761904845     , 0.42110325691113615     )
 ( 0.99999999999992661     ,  1.0339402147075902E-003)
   0.0000000000000000       -2.4183991523122899     
 ( 0.99999999999995692     , -1.2209746783873629E-003)
 ( -1.3352780931398861E-003, 0.83810152582319652     )
 ( -1.3352780932080971E-003,-0.83810152582344122     )
 ( 0.99999999999995048     , -1.2571928080578847E-004)
   0.0000000000000000        0.0000000000000000     
 (  1.0000000000000464     ,  0.0000000000000000     )
 ( 0.90562227764021885     ,  0.0000000000000000     )
 ( 0.90562227764050185     ,  0.0000000000000000     )
 (  1.0000000000000018     ,  0.0000000000000000     )
   0.0000000000000000        2.4183991523122899     
 ( 0.99999999999995692     ,  1.2209746783873629E-003)
 ( -1.3352780931398861E-003,-0.83810152582319652     )
 ( -1.3352780932080971E-003, 0.83810152582344122     )
 ( 0.99999999999995048     ,  1.2571928080578847E-004)
   2.0943951023931953       -1.2091995761561449     
 (  1.0000000000000813     , -1.1396048714500577E-003)
 ( 0.72241664761868796     , 0.42110325691114742     )
 ( 0.72241664761904845     ,-0.42110325691113615     )
 ( 0.99999999999992661     , -1.0339402147075902E-003)
   2.0943951023931953        1.2091995761561449     
 (  1.0000000000000491     , -1.1873636593666094E-003)
 ( 0.72424293536967310     ,-0.42021412522960661     )
 ( 0.72424293536972328     , 0.42021412522986135     )
 ( 0.99999999999995537     , -3.3164475457005457E-003)
   2.0943951023931953        3.6275987284684348     
 ( 0.99999999999993128     , -1.9993468665567480E-002)
 (  1.5259737506484275E-002, -2.0397858986040338E-002)
 (  1.5259737506225939E-002,  2.0397858986127494E-002)
 ( 0.99999999999990186     , -1.0203845137831414E-002)
   4.1887902047863905        0.0000000000000000     
 ( 0.99999999999993128     ,  1.9993468665567483E-002)
 (  1.5259737506484732E-002,  2.0397858986039585E-002)
 (  1.5259737506226457E-002, -2.0397858986127091E-002)
 ( 0.99999999999990186     ,  1.0203845137831413E-002)
   1.0000000000000000                2           9
 (  0.0000000000000000     ,  0.0000000000000000     )
 (  0.0000000000000000     ,  0.0000000000000000     )
  -2.0943951023931953       -1.2091995761561449     
 ( 0.99999999999973765     , -2.7760370376645315E-003)
 ( 0.72469802007009720     , 0.42858541567234626     )
 ( 0.72469802006910666     ,-0.42858541567614244     )
 (  1.0000000000002336     ,  4.3870621969973055E-004)
  -2.0943951023931953        1.2091995761561449     
 (  1.0000000000012845     , -5.1014417404601038E-004)
 ( 0.73187696724289453     ,-0.41870255714497656     )
 ( 0.73187696724024265     , 0.41870255714751559     )
 (  1.0000000000008735     , -2.0305230385198247E-003)
   0.0000000000000000       -2.4183991523122899     
 ( 0.99999999999869216     ,  1.7628335161581979E-003)
 ( -6.5187798933976264E-003, 0.84294499019835945     )
 ( -6.5187798936522379E-003,-0.84294499019510138     )
 (  1.0000000000007878     ,  3.5493464498636868E-004)
   0.0000000000000000        0.0000000000000000     
 (  1.0000000000005960     ,  0.0000000000000000     )
 ( 0.90948122070135873     ,  0.0000000000000000     )
 ( 0.90948122070234971     ,  0.0000000000000000     )
 (  1.0000000000005391     ,  0.0000000000000000     )
   0.0000000000000000        2.4183991523122899     
 ( 0.99999999999869216     , -1.7628335161581979E-003)
 ( -6.5187798933976264E-003,-0.84294499019835945     )
 ( -6.5187798936522379E-003, 0.84294499019510138     )
 (  1.0000000000007878     , -3.5493464498636868E-004)
   2.0943951023931953       -1.2091995761561449     
 (  1.0000000000012845     ,  5.1014417404601038E-004)
 ( 0.73187696724289453     , 0.41870255714497656     )
 ( 0.73187696724024265     ,-0.41870255714751559     )
 (  1.0000000000008735     ,  2.0305230385198247E-003)
   2.0943951023931953        1.2091995761561449     
 ( 0.99999999999973765     ,  2.7760370376645315E-003)
 ( 0.72469802007009720     ,-0.42858541567234626     )
 ( 0.72469802006910666     , 0.42858541567614244     )
 (  1.0000000000002336     , -4.3870621969973055E-004)
   2.0943951023931953        3.6275987284684348     
 (  1.0000000000003642     ,  2.7815527450475011E-002)
 ( -7.3779397451870727E-003,  2.3206297751490981E-002)
 ( -7.3779397373639789E-003, -2.3206297750077192E-002)
 ( 0.99999999999735989     , -2.6515192881188259E-003)
   4.1887902047863905        0.0000000000000000     
 (  1.0000000000003642     , -2.7815527450475015E-002)
 ( -7.3779397451865852E-003, -2.3206297751491693E-002)
 ( -7.3779397373634975E-003,  2.3206297750077477E-002)
 ( 0.99999999999735989     ,  2.6515192881188263E-003)
   1.0000000000000000                2           9
 (  0.0000000000000000     ,  0.0000000000000000     )
 (  0.0000000000000000     ,  0.0000000000000000     )
  -2.0943951023931953       -1.2091995761561449     
 (  1.0000000000000131     , -4.0145199107191982E-003)
 ( 0.73041775281996724     , 0.41813198490618475     )
 ( 0.73041775281827581     ,-0.41813198490451481     )
 (  1.0000000000017453     , -4.2632229226685251E-004)
  -2.0943951023931953        1.2091995761561449     
 (  1.0000000000019040     ,  1.7234855657473416E-003)
 ( 0.73172200702058587     ,-0.41802032220517149     )
 ( 0.73172200701761925     , 0.41802032220649932     )
 ( 0.99999999999889211     ,  1.5561578927832378E-003)
   0.0000000000000000       -2.4183991523122899     
 (  1.0000000000000755     ,  1.8321895703842393E-003)
 (  2.7808537493901209E-003, 0.83879317354958316     )
 (  2.7808537501710024E-003,-0.83879317355105154     )
 ( 0.99999999999632694     ,  5.8708083580080511E-004)
   0.0000000000000000        0.0000000000000000     
 (  1.0000000000004392     ,  0.0000000000000000     )
 ( 0.90950427629819863     ,  0.0000000000000000     )
 ( 0.90950427629959718     ,  0.0000000000000000     )
 (  1.0000000000002804     ,  0.0000000000000000     )
   0.0000000000000000        2.4183991523122899     
 (  1.0000000000000755     , -1.8321895703842393E-003)
 (  2.7808537493901209E-003,-0.83879317354958316     )
 (  2.7808537501710024E-003, 0.83879317355105154     )
 ( 0.99999999999632694     , -5.8708083580080511E-004)
   2.0943951023931953       -1.2091995761561449     
 (  1.0000000000019040     , -1.7234855657473416E-003)
 ( 0.73172200702058587     , 0.41802032220517149     )
 ( 0.73172200701761925     ,-0.41802032220649932     )
 ( 0.99999999999889211     , -1.5561578927832378E-003)
   2.0943951023931953        1.2091995761561449     
 (  1.0000000000000131     ,  4.0145199107191982E-003)
 ( 0.73041775281996724     ,-0.41813198490618475     )
 ( 0.73041775281827581     , 0.41813198490451481     )
 (  1.0000000000017453     ,  4.2632229226685251E-004)
   2.0943951023931953        3.6275987284684348     
 ( 0.99999999999448697     ,  1.0822425675831616E-002)
 (  2.2147033751666365E-002, -1.1863189794693222E-002)
 (  2.2147033748392678E-002,  1.1863189800730332E-002)
 (  1.0000000000028697     , -1.5772358376772420E-003)
   4.1887902047863905        0.0000000000000000     
 ( 0.99999999999448697     , -1.0822425675831616E-002)
 (  2.2147033751666909E-002,  1.1863189794692461E-002)
 (  2.2147033748393122E-002, -1.1863189800729992E-002)
 (  1.0000000000028697     ,  1.5772358376772416E-003)
   1.0000000000000000                2           9
 (  0.0000000000000000     ,  0.0000000000000000     )
 (  0.0000000000000000     ,  0.0000000000000000     )
  -2.0943951023931953       -1.2091995761561449     
 (  1.0000000000010494     ,  5.2626331181666907E-004)
 ( 0.72450503851360737     , 0.42129195368009487     )
 ( 0.72450503851192360     ,-0.42129195367985445     )
 ( 0.99999999999998634     ,  4.4602707363312561E-003)
  -2.0943951023931953        1.2091995761561449     
 ( 0.99999999999782874     ,  3.1286857416051601E-003)
 ( 0.72728109047618161     ,-0.42508194327542292     )
 ( 0.72728109047626832     , 0.42508194327811860     )
 ( 0.99999999999919609     , -2.2946532404188470E-003)
   0.0000000000000000       -2.4183991523122899     
 ( 0.99999999999804934     , -4.3007577621945511E-003)
 ( -3.3496726393026120E-004, 0.84108068240854950     )
 ( -3.3496726287472284E-004,-0.84108068240651290     )
 ( 0.99999999999988221     , -1.6715031005979570E-003)
   0.0000000000000000        0.0000000000000000     
 ( 0.99999999999221467     ,  0.0000000000000000     )
 ( 0.90753078063539838     ,  0.0000000000000000     )
 ( 0.90753078062442527     ,  0.0000000000000000     )
 (  1.0000000000033307     ,  0.0000000000000000     )
   0.0000000000000000        2.4183991523122899     
 ( 0.99999999999804934     ,  4.3007577621945511E-003)
 ( -3.3496726393026120E-004,-0.84108068240854950     )
 ( -3.3496726287472284E-004, 0.84108068240651290     )
 ( 0.99999999999988221     ,  1.6715031005979570E-003)
   2.0943951023931953       -1.2091995761561449     
 ( 0.99999999999782874     , -3.1286857416051601E-003)
 ( 0.72728109047618161     , 0.42508194327542292     )
 ( 0.72728109047626832     ,-0.42508194327811860     )
 ( 0.99999999999919609     ,  2.2946532404188470E-003)
   2.0943951023931953        1.2091995761561449     
 (  1.0000000000010494     , -5.2626331181666907E-004)
 ( 0.72450503851360737     ,-0.42129195368009487     )
 ( 0.72450503851192360     , 0.42129195367985445     )
 ( 0.99999999999998634     , -4.4602707363312561E-003)
   2.0943951023931953        3.6275987284684348     
 (  1.0000000000063500     , -6.5236871046884864E-003)
 ( -2.2414792903401610E-002,  6.1665073546063906E-005)
 ( -2.2414792899843234E-002, -6.1665077660340940E-005)
 ( 0.99999999999982969     , -2.1135927701388571E-002)
   4.1887902047863905        0.0000000000000000     
 (  1.0000000000063500     ,  6.5236871046884899E-003)
 ( -2.2414792903401107E-002, -6.1665073546833933E-005)
 ( -2.2414792899842780E-002,  6.1665077660622277E-005)
 ( 0.99999999999982969     ,  2.1135927701388571E-002)
