   -2.094395     -1.209200
  1    1        1.00000000        0.00000000       -0.00098062        0.00150455
  1    2        0.72680964        0.00166193        0.42242686        0.00118591
  2    1        0.72680964        0.00166193       -0.42242686        0.00118591
  2    2        1.00000000        0.00000004        0.00154110        0.00096284
   -2.094395      1.209200
  1    1        1.00000000        0.00000000        0.00111106        0.00036854
  1    2        0.72816073        0.00339911       -0.41936437        0.00099926
  2    1        0.72816073        0.00339911        0.41936437        0.00099926
  2    2        1.00000000        0.00000003        0.00034859        0.00039618
    0.000000     -2.418399
  1    1        1.00000000        0.00000000       -0.00009931        0.00171276
  1    2       -0.00115008        0.00078257        0.84085773        0.00186779
  2    1       -0.00115008        0.00078257       -0.84085773        0.00186779
  2    2        1.00000000        0.00000000       -0.00080136        0.00090838
    0.000000      0.000000
  1    1        1.00000000        0.00000003        0.00000000        0.00000000
  1    2        0.90774471        0.00134678        0.00000000        0.00000000
  2    1        0.90774471        0.00134678        0.00000000        0.00000000
  2    2        1.00000000        0.00000003        0.00000000        0.00000000
    0.000000      2.418399
  1    1        1.00000000        0.00000000        0.00009931        0.00171276
  1    2       -0.00115008        0.00078257       -0.84085773        0.00186779
  2    1       -0.00115008        0.00078257        0.84085773        0.00186779
  2    2        1.00000000        0.00000000        0.00080136        0.00090838
    2.094395     -1.209200
  1    1        1.00000000        0.00000000       -0.00111106        0.00036854
  1    2        0.72816073        0.00339911        0.41936437        0.00099926
  2    1        0.72816073        0.00339911       -0.41936437        0.00099926
  2    2        1.00000000        0.00000003       -0.00034859        0.00039618
    2.094395      1.209200
  1    1        1.00000000        0.00000000        0.00098062        0.00150455
  1    2        0.72680964        0.00166193       -0.42242686        0.00118591
  2    1        0.72680964        0.00166193        0.42242686        0.00118591
  2    2        1.00000000        0.00000004       -0.00154110        0.00096284
    2.094395      3.627599
  1    1        1.00000000        0.00000000        0.00813331        0.00688072
  1    2       -0.00217098        0.00933782        0.00262890        0.00518360
  2    1       -0.00217098        0.00933782       -0.00262890        0.00518360
  2    2        1.00000000        0.00000000       -0.00449365        0.00165944
    4.188790      0.000000
  1    1        1.00000000        0.00000000       -0.00813331        0.00688072
  1    2       -0.00217098        0.00933782       -0.00262890        0.00518360
  2    1       -0.00217098        0.00933782        0.00262890        0.00518360
  2    2        1.00000000        0.00000000        0.00449365        0.00165944
