   -1.000000      0.000000
  1    1        0.00154015        0.00166259       -0.00000000        0.00000000
  1    2       -0.06090065        0.00140706        0.00000000        0.00000000
  2    1       -0.06073376        0.00105812        0.00000000        0.00000000
  2    2       -0.00122847        0.00057624       -0.00000000        0.00000000
   -0.500000      0.866025
  1    1       -0.00179819        0.00111215        0.00000000        0.00000000
  1    2        0.42385996        0.00111717       -0.00000000        0.00000000
  2    1       -0.06018789        0.00162760       -0.00000000        0.00000000
  2    2        0.00064350        0.00021914        0.00000000        0.00000000
    0.000000      1.732051
  1    1       -0.00038343        0.00051707       -0.00000000        0.00000000
  1    2       -0.06097785        0.00264042       -0.00000000        0.00000000
  2    1       -0.06133716        0.00211018        0.00000000        0.00000000
  2    2        0.00038372        0.00027437       -0.00000000        0.00000000
   -0.500000     -0.866025
  1    1       -0.00135743        0.00125881       -0.00000000        0.00000000
  1    2       -0.06133877        0.00057514       -0.00000000        0.00000000
  2    1        0.42591156        0.00274497       -0.00000000        0.00000000
  2    2        0.00072244        0.00025050       -0.00000000        0.00000000
    0.000000      0.000000
  1    1        1.00000000        0.00000002       -0.00000000        0.00000000
  1    2        0.42344926        0.00197215       -0.00000000        0.00000000
  2    1        0.42344926        0.00197215        0.00000000        0.00000000
  2    2        1.00000000        0.00000003       -0.00000000        0.00000000
    0.500000      0.866025
  1    1        0.00135743        0.00125881        0.00000000        0.00000000
  1    2        0.42591156        0.00274497        0.00000000        0.00000000
  2    1       -0.06133877        0.00057514        0.00000000        0.00000000
  2    2       -0.00072244        0.00025050        0.00000000        0.00000000
    0.500000     -0.866025
  1    1        0.00179819        0.00111215       -0.00000000        0.00000000
  1    2       -0.06018789        0.00162760        0.00000000        0.00000000
  2    1        0.42385996        0.00111717        0.00000000        0.00000000
  2    2       -0.00064350        0.00021914       -0.00000000        0.00000000
    1.000000      0.000000
  1    1       -0.00154015        0.00166259        0.00000000        0.00000000
  1    2       -0.06073376        0.00105812       -0.00000000        0.00000000
  2    1       -0.06090065        0.00140706       -0.00000000        0.00000000
  2    2        0.00122847        0.00057624        0.00000000        0.00000000
    1.500000      0.866025
  1    1        0.00038343        0.00051707       -0.00000000        0.00000000
  1    2       -0.06133716        0.00211018       -0.00000000        0.00000000
  2    1       -0.06097785        0.00264042        0.00000000        0.00000000
  2    2       -0.00038372        0.00027437       -0.00000000        0.00000000
