   -1.000000      0.000000
  1    1        0.11015121        0.00826256       -0.00000000        0.00000000
  1    2       -0.11299773        0.00818033       -0.00000000        0.00000000
  2    1       -0.11423095        0.00937163        0.00000000        0.00000000
  2    2        0.11583700        0.00733502       -0.00000000        0.00000000
   -0.500000      0.866025
  1    1        0.11296247        0.00827392       -0.00000000        0.00000000
  1    2       -0.30290906        0.00758753        0.00000000        0.00000000
  2    1       -0.11512931        0.00883824        0.00000000        0.00000000
  2    2        0.11698987        0.00835682       -0.00000000        0.00000000
    0.000000      1.732051
  1    1        0.10130046        0.00724114       -0.00000000        0.00000000
  1    2       -0.11333424        0.00755085       -0.00000000        0.00000000
  2    1       -0.11336197        0.00778141       -0.00000000        0.00000000
  2    2        0.10216453        0.00625725       -0.00000000        0.00000000
   -0.500000     -0.866025
  1    1        0.11110439        0.00857037       -0.00000000        0.00000000
  1    2       -0.11392256        0.00864493        0.00000000        0.00000000
  2    1       -0.30602919        0.00596964        0.00000000        0.00000000
  2    2        0.11586547        0.00709430       -0.00000000        0.00000000
    0.000000      0.000000
  1    1        0.75719341        0.00098533        0.00000000        0.00000000
  1    2       -0.30332974        0.00782773       -0.00000000        0.00000000
  2    1       -0.30332974        0.00782773       -0.00000000        0.00000000
  2    2        0.75733700        0.00117256        0.00000000        0.00000000
    0.500000      0.866025
  1    1        0.11110439        0.00857037        0.00000000        0.00000000
  1    2       -0.30602919        0.00596964       -0.00000000        0.00000000
  2    1       -0.11392256        0.00864493        0.00000000        0.00000000
  2    2        0.11586547        0.00709430        0.00000000        0.00000000
    0.500000     -0.866025
  1    1        0.11296247        0.00827392       -0.00000000        0.00000000
  1    2       -0.11512931        0.00883824       -0.00000000        0.00000000
  2    1       -0.30290906        0.00758753        0.00000000        0.00000000
  2    2        0.11698987        0.00835682       -0.00000000        0.00000000
    1.000000      0.000000
  1    1        0.11015121        0.00826256        0.00000000        0.00000000
  1    2       -0.11423095        0.00937163        0.00000000        0.00000000
  2    1       -0.11299773        0.00818033        0.00000000        0.00000000
  2    2        0.11583700        0.00733502        0.00000000        0.00000000
    1.500000      0.866025
  1    1        0.10130046        0.00724114       -0.00000000        0.00000000
  1    2       -0.11336197        0.00778141       -0.00000000        0.00000000
  2    1       -0.11333424        0.00755085       -0.00000000        0.00000000
  2    2        0.10216453        0.00625725       -0.00000000        0.00000000
