   -2.094395     -1.209200
  1    1        0.66056228        0.00683543        0.00000000        0.00000000
  1    2       -0.28442979        0.00409772       -0.16741321        0.00373846
  2    1       -0.28442979        0.00409772        0.16741321        0.00373846
  2    2        0.65744975        0.00321322        0.00000000        0.00000000
   -2.094395      1.209200
  1    1        0.65498804        0.00632533       -0.00000000        0.00000000
  1    2       -0.28729986        0.00254828        0.16153002        0.00252689
  2    1       -0.28729986        0.00254828       -0.16153002        0.00252689
  2    2        0.65407655        0.00697480       -0.00000000        0.00000000
    0.000000     -2.418399
  1    1        0.65212851        0.00673995        0.00000000        0.00000000
  1    2        0.00178476        0.00305568       -0.32901526        0.00368351
  2    1        0.00178476        0.00305568        0.32901526        0.00368351
  2    2        0.65399113        0.00626177        0.00000000        0.00000000
    0.000000      0.000000
  1    1        1.62823048        0.06538211        0.00000000        0.00000000
  1    2       -1.59524474        0.07100775        0.00000000        0.00000000
  2    1       -1.59524474        0.07100775        0.00000000        0.00000000
  2    2        1.65905075        0.05892221        0.00000000        0.00000000
    0.000000      2.418399
  1    1        0.65212851        0.00673995       -0.00000000        0.00000000
  1    2        0.00178476        0.00305568        0.32901526        0.00368351
  2    1        0.00178476        0.00305568       -0.32901526        0.00368351
  2    2        0.65399113        0.00626177       -0.00000000        0.00000000
    2.094395     -1.209200
  1    1        0.65498804        0.00632533        0.00000000        0.00000000
  1    2       -0.28729986        0.00254828       -0.16153002        0.00252689
  2    1       -0.28729986        0.00254828        0.16153002        0.00252689
  2    2        0.65407655        0.00697480        0.00000000        0.00000000
    2.094395      1.209200
  1    1        0.66056228        0.00683543       -0.00000000        0.00000000
  1    2       -0.28442979        0.00409772        0.16741321        0.00373846
  2    1       -0.28442979        0.00409772       -0.16741321        0.00373846
  2    2        0.65744975        0.00321322       -0.00000000        0.00000000
    2.094395      3.627599
  1    1        0.62557625        0.00991555        0.00000000        0.00000000
  1    2        0.00258345        0.00195614       -0.00267919        0.00411760
  2    1        0.00258345        0.00195614        0.00267919        0.00411760
  2    2        0.61297371        0.00949646        0.00000000        0.00000000
    4.188790      0.000000
  1    1        0.62557625        0.00991555        0.00000000        0.00000000
  1    2        0.00258345        0.00195614        0.00267919        0.00411760
  2    1        0.00258345        0.00195614       -0.00267919        0.00411760
  2    2        0.61297371        0.00949646        0.00000000        0.00000000
