   1.0000000000000000                2           9
 (  0.0000000000000000     ,  0.0000000000000000     )
 (  0.0000000000000000     ,  0.0000000000000000     )
  -2.0943951023931953       -1.2091995761561449     
 ( 0.67251380207207889     ,  1.2335811384723962E-016)
 (-0.29476108089853165     ,-0.16630804287748596     )
 (-0.29476108089853165     , 0.16630804287748588     )
 ( 0.66987711600034316     ,  4.9343245538895844E-017)
  -2.0943951023931953        1.2091995761561449     
 ( 0.66550837296052645     ,  1.2335811384723961E-017)
 (-0.29356499038269512     , 0.16683692022451924     )
 (-0.29356499038269501     ,-0.16683692022451918     )
 ( 0.66539308115225215     , -3.7007434154171883E-017)
   0.0000000000000000       -2.4183991523122899     
 ( 0.66432866156152515     ,  7.4014868308343765E-017)
 ( -6.0186601489732811E-003,-0.32810577251348289     )
 ( -6.0186601489733670E-003, 0.32810577251348272     )
 ( 0.67956955779573114     ,  1.2335811384723962E-016)
   0.0000000000000000        0.0000000000000000     
 (  1.5405151638440664     ,  0.0000000000000000     )
 ( -1.4924510258188137     ,  0.0000000000000000     )
 ( -1.4924510258188137     ,  0.0000000000000000     )
 (  1.5204052315609315     ,  0.0000000000000000     )
   0.0000000000000000        2.4183991523122899     
 ( 0.66432866156152515     , -7.4014868308343765E-017)
 ( -6.0186601489732811E-003, 0.32810577251348289     )
 ( -6.0186601489733670E-003,-0.32810577251348272     )
 ( 0.67956955779573114     , -1.2335811384723962E-016)
   2.0943951023931953       -1.2091995761561449     
 ( 0.66550837296052645     , -1.2335811384723961E-017)
 (-0.29356499038269512     ,-0.16683692022451924     )
 (-0.29356499038269501     , 0.16683692022451918     )
 ( 0.66539308115225215     ,  3.7007434154171883E-017)
   2.0943951023931953        1.2091995761561449     
 ( 0.67251380207207889     , -1.2335811384723962E-016)
 (-0.29476108089853165     , 0.16630804287748596     )
 (-0.29476108089853165     ,-0.16630804287748588     )
 ( 0.66987711600034316     , -4.9343245538895844E-017)
   2.0943951023931953        3.6275987284684348     
 ( 0.63774874800487602     ,  2.5047046348799737E-016)
 ( -7.6760440037952410E-003, -1.1843022345060916E-003)
 ( -7.6760440037952037E-003,  1.1843022345055039E-003)
 ( 0.63531776079075308     ,  2.8276154738556897E-016)
   4.1887902047863905        0.0000000000000000     
 ( 0.63774874800487602     ,  7.1486542148748673E-017)
 ( -7.6760440037955124E-003,  1.1843022345059777E-003)
 ( -7.6760440037954882E-003, -1.1843022345060521E-003)
 ( 0.63531776079075319     ,  3.3459635116577282E-017)
   1.0000000000000000                2           9
 (  0.0000000000000000     ,  0.0000000000000000     )
 (  0.0000000000000000     ,  0.0000000000000000     )
  -2.0943951023931953       -1.2091995761561449     
 ( 0.67624580405837964     ,  6.1679056923619811E-017)
 (-0.29987230877358145     ,-0.16338405789055538     )
 (-0.29987230877358145     , 0.16338405789055527     )
 ( 0.66127437470817818     ,  1.1102230246251565E-016)
  -2.0943951023931953        1.2091995761561449     
 ( 0.66803735653107688     , -1.2335811384723961E-017)
 (-0.28754072295270627     , 0.17154421313378401     )
 (-0.28754072295270616     ,-0.17154421313378387     )
 ( 0.66961702721042438     ,  2.4671622769447922E-017)
   0.0000000000000000       -2.4183991523122899     
 ( 0.63772081758539534     ,  1.2335811384723962E-016)
 ( -4.7317197632048801E-003,-0.31194900548210919     )
 ( -4.7317197632048185E-003, 0.31194900548210897     )
 ( 0.64519179406110228     ,  9.8686491077791687E-017)
   0.0000000000000000        0.0000000000000000     
 (  1.5910223614021592     ,  0.0000000000000000     )
 ( -1.5087494778593289     ,  0.0000000000000000     )
 ( -1.5087494778593291     ,  0.0000000000000000     )
 (  1.5947578946373311     ,  0.0000000000000000     )
   0.0000000000000000        2.4183991523122899     
 ( 0.63772081758539534     , -1.2335811384723962E-016)
 ( -4.7317197632048801E-003, 0.31194900548210919     )
 ( -4.7317197632048185E-003,-0.31194900548210897     )
 ( 0.64519179406110228     , -9.8686491077791687E-017)
   2.0943951023931953       -1.2091995761561449     
 ( 0.66803735653107688     ,  1.2335811384723961E-017)
 (-0.28754072295270627     ,-0.17154421313378401     )
 (-0.28754072295270616     , 0.17154421313378387     )
 ( 0.66961702721042438     , -2.4671622769447922E-017)
   2.0943951023931953        1.2091995761561449     
 ( 0.67624580405837964     , -6.1679056923619811E-017)
 (-0.29987230877358145     , 0.16338405789055538     )
 (-0.29987230877358145     ,-0.16338405789055527     )
 ( 0.66127437470817818     , -1.1102230246251565E-016)
   2.0943951023931953        3.6275987284684348     
 ( 0.62286179742823633     ,  2.9264992464388698E-016)
 ( -1.5507382448909689E-002,  5.5315225255215539E-003)
 ( -1.5507382448909738E-002, -5.5315225255222608E-003)
 ( 0.62434955455220242     ,  1.9555379184144178E-016)
   4.1887902047863905        0.0000000000000000     
 ( 0.62286179742823666     ,  3.5597078663772404E-017)
 ( -1.5507382448909972E-002, -5.5315225255217300E-003)
 ( -1.5507382448910022E-002,  5.5315225255217031E-003)
 ( 0.62434955455220242     ,  1.3462733707007176E-016)
   1.0000000000000000                2           9
 (  0.0000000000000000     ,  0.0000000000000000     )
 (  0.0000000000000000     ,  0.0000000000000000     )
  -2.0943951023931953       -1.2091995761561449     
 ( 0.66552557583164673     ,  1.1102230246251565E-016)
 (-0.26449646562381196     ,-0.17921080947113349     )
 (-0.26449646562381202     , 0.17921080947113324     )
 ( 0.66195308905355921     ,  9.8686491077791687E-017)
  -2.0943951023931953        1.2091995761561449     
 ( 0.65926708032245618     ,  0.0000000000000000     )
 (-0.29533769061958687     , 0.15975635767765411     )
 (-0.29533769061958670     ,-0.15975635767765406     )
 ( 0.65824930733289178     ,  3.7007434154171883E-017)
   0.0000000000000000       -2.4183991523122899     
 ( 0.68829759141886060     ,  8.6350679693067732E-017)
 (  1.5046106222497795E-002,-0.35793804882467017     )
 (  1.5046106222497710E-002, 0.35793804882466995     )
 ( 0.68297899532421036     ,  1.9737298215558337E-016)
   0.0000000000000000        0.0000000000000000     
 (  1.4553689901590361     ,  0.0000000000000000     )
 ( -1.4555070759316568     ,  0.0000000000000000     )
 ( -1.4555070759316564     ,  0.0000000000000000     )
 (  1.5402208383358398     ,  0.0000000000000000     )
   0.0000000000000000        2.4183991523122899     
 ( 0.68829759141886060     , -8.6350679693067732E-017)
 (  1.5046106222497795E-002, 0.35793804882467017     )
 (  1.5046106222497710E-002,-0.35793804882466995     )
 ( 0.68297899532421036     , -1.9737298215558337E-016)
   2.0943951023931953       -1.2091995761561449     
 ( 0.65926708032245618     ,  0.0000000000000000     )
 (-0.29533769061958687     ,-0.15975635767765411     )
 (-0.29533769061958670     , 0.15975635767765406     )
 ( 0.65824930733289178     , -3.7007434154171883E-017)
   2.0943951023931953        1.2091995761561449     
 ( 0.66552557583164673     , -1.1102230246251565E-016)
 (-0.26449646562381196     , 0.17921080947113349     )
 (-0.26449646562381202     ,-0.17921080947113324     )
 ( 0.66195308905355921     , -9.8686491077791687E-017)
   2.0943951023931953        3.6275987284684348     
 ( 0.66058029421111431     ,  2.1947578553217034E-016)
 (  1.6652437910896014E-002, -2.0742497969767956E-002)
 (  1.6652437910895952E-002,  2.0742497969767255E-002)
 ( 0.62887236064576768     ,  2.7276537313206724E-016)
   4.1887902047863905        0.0000000000000000     
 ( 0.66058029421111453     ,  7.0119768495840589E-017)
 (  1.6652437910895695E-002,  2.0742497969767831E-002)
 (  1.6652437910895632E-002, -2.0742497969767862E-002)
 ( 0.62887236064576768     ,  2.1629553050048828E-017)
   1.0000000000000000                2           9
 (  0.0000000000000000     ,  0.0000000000000000     )
 (  0.0000000000000000     ,  0.0000000000000000     )
  -2.0943951023931953       -1.2091995761561449     
 ( 0.67378168783946102     ,  4.9343245538895844E-017)
 (-0.28598844779042643     ,-0.17559247432196054     )
 (-0.28598844779042631     , 0.17559247432196035     )
 ( 0.67075542917611997     ,  8.6350679693067732E-017)
  -2.0943951023931953        1.2091995761561449     
 ( 0.65639467489277736     , -1.2335811384723961E-017)
 (-0.28554746144960902     , 0.15659630454040682     )
 (-0.28554746144960907     ,-0.15659630454040674     )
 ( 0.66790331001979308     , -2.4671622769447922E-017)
   0.0000000000000000       -2.4183991523122899     
 ( 0.65837484999265461     ,  8.6350679693067732E-017)
 (  6.7929879775600549E-003,-0.32884953767029779     )
 (  6.7929879775600055E-003, 0.32884953767029773     )
 ( 0.65739038919066983     ,  8.6350679693067732E-017)
   0.0000000000000000        0.0000000000000000     
 (  1.5686121412867680     ,  0.0000000000000000     )
 ( -1.5116226740999612     ,  0.0000000000000000     )
 ( -1.5116226740999612     ,  0.0000000000000000     )
 (  1.5834307503700247     ,  0.0000000000000000     )
   0.0000000000000000        2.4183991523122899     
 ( 0.65837484999265461     , -8.6350679693067732E-017)
 (  6.7929879775600549E-003, 0.32884953767029779     )
 (  6.7929879775600055E-003,-0.32884953767029773     )
 ( 0.65739038919066983     , -8.6350679693067732E-017)
   2.0943951023931953       -1.2091995761561449     
 ( 0.65639467489277736     ,  1.2335811384723961E-017)
 (-0.28554746144960902     ,-0.15659630454040682     )
 (-0.28554746144960907     , 0.15659630454040674     )
 ( 0.66790331001979308     ,  2.4671622769447922E-017)
   2.0943951023931953        1.2091995761561449     
 ( 0.67378168783946102     , -4.9343245538895844E-017)
 (-0.28598844779042643     , 0.17559247432196054     )
 (-0.28598844779042631     ,-0.17559247432196035     )
 ( 0.67075542917611997     , -8.6350679693067732E-017)
   2.0943951023931953        3.6275987284684348     
 ( 0.63758003176760603     ,  2.6803861015277033E-016)
 ( -4.0624005672155062E-003, -1.3689620783844971E-003)
 ( -4.0624005672155799E-003,  1.3689620783837999E-003)
 ( 0.62469110311002474     ,  2.7805064864906247E-016)
   4.1887902047863905        0.0000000000000000     
 ( 0.63758003176760625     ,  4.7945926114677310E-017)
 ( -4.0624005672158141E-003,  1.3689620783843763E-003)
 ( -4.0624005672158887E-003, -1.3689620783844407E-003)
 ( 0.62469110311002496     ,  3.5107814581428238E-017)
   1.0000000000000000                2           9
 (  0.0000000000000000     ,  0.0000000000000000     )
 (  0.0000000000000000     ,  0.0000000000000000     )
  -2.0943951023931953       -1.2091995761561449     
 ( 0.64437244798933102     ,  1.6036554800141150E-016)
 (-0.29603463080399717     ,-0.14719209056804133     )
 (-0.29603463080399700     , 0.14719209056804106     )
 ( 0.64551020159582473     ,  7.4014868308343765E-017)
  -2.0943951023931953        1.2091995761561449     
 ( 0.65465755172563433     , -1.1102230246251565E-016)
 (-0.28417324292592128     , 0.16273255658932359     )
 (-0.28417324292592150     ,-0.16273255658932362     )
 ( 0.64027874750039315     , -2.4671622769447922E-017)
   0.0000000000000000       -2.4183991523122899     
 ( 0.63787329709697960     ,  1.3569392523196359E-016)
 ( -2.2587319197569448E-004,-0.32148842514384346     )
 ( -2.2587319197565748E-004, 0.32148842514384324     )
 ( 0.64332518331866617     ,  1.4802973661668753E-016)
   0.0000000000000000        0.0000000000000000     
 (  1.7596927053758007     ,  0.0000000000000000     )
 ( -1.7478154408720017     ,  0.0000000000000000     )
 ( -1.7478154408720015     ,  0.0000000000000000     )
 (  1.7750056258949594     ,  0.0000000000000000     )
   0.0000000000000000        2.4183991523122899     
 ( 0.63787329709697960     , -1.3569392523196359E-016)
 ( -2.2587319197569448E-004, 0.32148842514384346     )
 ( -2.2587319197565748E-004,-0.32148842514384324     )
 ( 0.64332518331866617     , -1.4802973661668753E-016)
   2.0943951023931953       -1.2091995761561449     
 ( 0.65465755172563433     ,  1.1102230246251565E-016)
 (-0.28417324292592128     ,-0.16273255658932359     )
 (-0.28417324292592150     , 0.16273255658932362     )
 ( 0.64027874750039315     ,  2.4671622769447922E-017)
   2.0943951023931953        1.2091995761561449     
 ( 0.64437244798933102     , -1.6036554800141150E-016)
 (-0.29603463080399717     , 0.14719209056804133     )
 (-0.29603463080399700     ,-0.14719209056804106     )
 ( 0.64551020159582473     , -7.4014868308343765E-017)
   2.0943951023931953        3.6275987284684348     
 ( 0.59956828511757820     ,  2.7669110069230518E-016)
 (  1.5539119213130274E-002,  8.8635263233819081E-003)
 (  1.5539119213130300E-002, -8.8635263233826384E-003)
 ( 0.60040730239118856     ,  3.5382580746083748E-016)
   4.1887902047863905        0.0000000000000000     
 ( 0.59956828511757843     ,  1.1416175477977298E-016)
 (  1.5539119213130028E-002, -8.8635263233821336E-003)
 (  1.5539119213129979E-002,  8.8635263233819983E-003)
 ( 0.60040730239118867     ,  5.3157073278006328E-017)
   1.0000000000000000                2           9
 (  0.0000000000000000     ,  0.0000000000000000     )
 (  0.0000000000000000     ,  0.0000000000000000     )
  -2.0943951023931953       -1.2091995761561449     
 ( 0.63568605320942728     ,  1.3569392523196359E-016)
 (-0.26224213429915816     ,-0.17846107225928309     )
 (-0.26224213429915821     , 0.17846107225928287     )
 ( 0.63430330019310111     ,  4.9343245538895844E-017)
  -2.0943951023931953        1.2091995761561449     
 ( 0.63255393320195585     , -3.7007434154171883E-017)
 (-0.28110262007249509     , 0.15740867723081836     )
 (-0.28110262007249520     ,-0.15740867723081839     )
 ( 0.63439456911940939     , -7.4014868308343765E-017)
   0.0000000000000000       -2.4183991523122899     
 ( 0.64046689716910077     ,  4.9343245538895844E-017)
 (  8.5052304462744175E-003,-0.33015086732380022     )
 (  8.5052304462743446E-003, 0.33015086732379989     )
 ( 0.64105545703567612     ,  1.6036554800141150E-016)
   0.0000000000000000        0.0000000000000000     
 (  1.8169551865562257     ,  0.0000000000000000     )
 ( -1.7830757682727925     ,  0.0000000000000000     )
 ( -1.7830757682727925     ,  0.0000000000000000     )
 (  1.8182778111289393     ,  0.0000000000000000     )
   0.0000000000000000        2.4183991523122899     
 ( 0.64046689716910077     , -4.9343245538895844E-017)
 (  8.5052304462744175E-003, 0.33015086732380022     )
 (  8.5052304462743446E-003,-0.33015086732379989     )
 ( 0.64105545703567612     , -1.6036554800141150E-016)
   2.0943951023931953       -1.2091995761561449     
 ( 0.63255393320195585     ,  3.7007434154171883E-017)
 (-0.28110262007249509     ,-0.15740867723081836     )
 (-0.28110262007249520     , 0.15740867723081839     )
 ( 0.63439456911940939     ,  7.4014868308343765E-017)
   2.0943951023931953        1.2091995761561449     
 ( 0.63568605320942728     , -1.3569392523196359E-016)
 (-0.26224213429915816     , 0.17846107225928309     )
 (-0.26224213429915821     ,-0.17846107225928287     )
 ( 0.63430330019310111     , -4.9343245538895844E-017)
   2.0943951023931953        3.6275987284684348     
 ( 0.59222129875110552     ,  4.3363020211701609E-016)
 (  1.2733776044890998E-002, -1.5764750870200923E-002)
 (  1.2733776044890998E-002,  1.5764750870200073E-002)
 ( 0.59211147978366485     ,  3.1027920719190182E-016)
   4.1887902047863905        0.0000000000000000     
 ( 0.59222129875110552     , -1.9606347456056618E-017)
 (  1.2733776044890652E-002,  1.5764750870200711E-002)
 (  1.2733776044890677E-002, -1.5764750870200780E-002)
 ( 0.59211147978366485     ,  1.2842492796662126E-016)
   1.0000000000000000                2           9
 (  0.0000000000000000     ,  0.0000000000000000     )
 (  0.0000000000000000     ,  0.0000000000000000     )
  -2.0943951023931953       -1.2091995761561449     
 ( 0.66776213039107146     ,  7.4014868308343765E-017)
 (-0.29794477132031744     ,-0.16063875719255821     )
 (-0.29794477132031755     , 0.16063875719255810     )
 ( 0.67090209589695626     ,  4.9343245538895844E-017)
  -2.0943951023931953        1.2091995761561449     
 ( 0.65901764107972083     , -1.2335811384723961E-017)
 (-0.29009740565684489     , 0.16114199097952436     )
 (-0.29009740565684483     ,-0.16114199097952436     )
 ( 0.65401634995176583     , -1.1102230246251565E-016)
   0.0000000000000000       -2.4183991523122899     
 ( 0.65003762681855193     ,  1.6036554800141150E-016)
 ( -1.4678180205878534E-002,-0.32371569076655621     )
 ( -1.4678180205878596E-002, 0.32371569076655587     )
 ( 0.65400496520929741     ,  1.3569392523196359E-016)
   0.0000000000000000        0.0000000000000000     
 (  1.5777314902128245     ,  0.0000000000000000     )
 ( -1.5646980293359158     ,  0.0000000000000000     )
 ( -1.5646980293359158     ,  0.0000000000000000     )
 (  1.6426115625887638     ,  0.0000000000000000     )
   0.0000000000000000        2.4183991523122899     
 ( 0.65003762681855193     , -1.6036554800141150E-016)
 ( -1.4678180205878534E-002, 0.32371569076655621     )
 ( -1.4678180205878596E-002,-0.32371569076655587     )
 ( 0.65400496520929741     , -1.3569392523196359E-016)
   2.0943951023931953       -1.2091995761561449     
 ( 0.65901764107972083     ,  1.2335811384723961E-017)
 (-0.29009740565684489     ,-0.16114199097952436     )
 (-0.29009740565684483     , 0.16114199097952436     )
 ( 0.65401634995176583     ,  1.1102230246251565E-016)
   2.0943951023931953        1.2091995761561449     
 ( 0.66776213039107146     , -7.4014868308343765E-017)
 (-0.29794477132031744     , 0.16063875719255821     )
 (-0.29794477132031755     ,-0.16063875719255810     )
 ( 0.67090209589695626     , -4.9343245538895844E-017)
   2.0943951023931953        3.6275987284684348     
 ( 0.64064579869892957     ,  3.7012249793645655E-016)
 ( -9.8548699559665529E-003,  7.4060009302242668E-003)
 ( -9.8548699559665408E-003, -7.4060009302249824E-003)
 ( 0.60741046544326294     ,  2.2162735531522862E-016)
   4.1887902047863905        0.0000000000000000     
 ( 0.64064579869892946     , -2.5334570569629989E-017)
 ( -9.8548699559668617E-003, -7.4060009302243917E-003)
 ( -9.8548699559668617E-003,  7.4060009302244385E-003)
 ( 0.60741046544326283     ,  1.1025875382204970E-016)
   1.0000000000000000                2           9
 (  0.0000000000000000     ,  0.0000000000000000     )
 (  0.0000000000000000     ,  0.0000000000000000     )
  -2.0943951023931953       -1.2091995761561449     
 ( 0.67571462476006239     ,  3.7007434154171883E-017)
 (-0.28408004007868670     ,-0.16693161283838440     )
 (-0.28408004007868670     , 0.16693161283838426     )
 ( 0.66170602761327324     ,  6.1679056923619811E-017)
  -2.0943951023931953        1.2091995761561449     
 ( 0.67049192877034658     , -4.9343245538895844E-017)
 (-0.29474829587933443     , 0.16645755407515425     )
 (-0.29474829587933449     ,-0.16645755407515425     )
 ( 0.68500337727144300     , -4.9343245538895844E-017)
   0.0000000000000000       -2.4183991523122899     
 ( 0.70420951857882352     ,  3.7007434154171883E-017)
 (  2.2580692375261377E-002,-0.36205116785216140     )
 (  2.2580692375261398E-002, 0.36205116785216124     )
 ( 0.70214009353434026     ,  2.4671622769447922E-017)
   0.0000000000000000        0.0000000000000000     
 (  1.3948818142808397     ,  0.0000000000000000     )
 ( -1.3741742907316370     ,  0.0000000000000000     )
 ( -1.3741742907316372     ,  0.0000000000000000     )
 (  1.4589835461398302     ,  0.0000000000000000     )
   0.0000000000000000        2.4183991523122899     
 ( 0.70420951857882352     , -3.7007434154171883E-017)
 (  2.2580692375261377E-002, 0.36205116785216140     )
 (  2.2580692375261398E-002,-0.36205116785216124     )
 ( 0.70214009353434026     , -2.4671622769447922E-017)
   2.0943951023931953       -1.2091995761561449     
 ( 0.67049192877034658     ,  4.9343245538895844E-017)
 (-0.29474829587933443     ,-0.16645755407515425     )
 (-0.29474829587933449     , 0.16645755407515425     )
 ( 0.68500337727144300     ,  4.9343245538895844E-017)
   2.0943951023931953        1.2091995761561449     
 ( 0.67571462476006239     , -3.7007434154171883E-017)
 (-0.28408004007868670     , 0.16693161283838440     )
 (-0.28408004007868670     ,-0.16693161283838426     )
 ( 0.66170602761327324     , -6.1679056923619811E-017)
   2.0943951023931953        3.6275987284684348     
 ( 0.66280875757719682     ,  1.8305055238986105E-016)
 (  7.0110111816871455E-003,  8.2496670252308682E-003)
 (  7.0110111816870345E-003, -8.2496670252314285E-003)
 ( 0.63331791040647145     ,  1.9622821390549086E-016)
   4.1887902047863905        0.0000000000000000     
 ( 0.66280875757719682     ,  7.9914952840209130E-017)
 (  7.0110111816868497E-003, -8.2496670252309376E-003)
 (  7.0110111816867509E-003,  8.2496670252308561E-003)
 ( 0.63331791040647156     ,  5.5425302004376144E-017)
