   -1.000000      0.000000
  1    1        0.10515739        0.00373910       -0.00000000        0.00000000
  1    2       -0.10294476        0.00084514       -0.00000000        0.00000000
  2    1       -0.10297324        0.00248061        0.00000000        0.00000000
  2    2        0.10711305        0.00516339       -0.00000000        0.00000000
   -0.500000      0.866025
  1    1        0.10464238        0.00416285        0.00000000        0.00000000
  1    2       -0.30026742        0.00241615        0.00000000        0.00000000
  2    1       -0.10449245        0.00334322        0.00000000        0.00000000
  2    2        0.10845359        0.00212339       -0.00000000        0.00000000
    0.000000      1.732051
  1    1        0.09107216        0.00135897       -0.00000000        0.00000000
  1    2       -0.11281735        0.00606358       -0.00000000        0.00000000
  2    1       -0.10210852        0.00164477       -0.00000000        0.00000000
  2    2        0.09269719        0.00165039       -0.00000000        0.00000000
   -0.500000     -0.866025
  1    1        0.10550542        0.00308739       -0.00000000        0.00000000
  1    2       -0.10907860        0.00408127        0.00000000        0.00000000
  2    1       -0.30397269        0.00355403        0.00000000        0.00000000
  2    2        0.10810588        0.00353264       -0.00000000        0.00000000
    0.000000      0.000000
  1    1        0.75719341        0.00098533        0.00000000        0.00000000
  1    2       -0.29859361        0.00182742       -0.00000000        0.00000000
  2    1       -0.29859361        0.00182742       -0.00000000        0.00000000
  2    2        0.75733700        0.00117256        0.00000000        0.00000000
    0.500000      0.866025
  1    1        0.10550542        0.00308739        0.00000000        0.00000000
  1    2       -0.30397269        0.00355403       -0.00000000        0.00000000
  2    1       -0.10907860        0.00408127        0.00000000        0.00000000
  2    2        0.10810588        0.00353264        0.00000000        0.00000000
    0.500000     -0.866025
  1    1        0.10464238        0.00416285       -0.00000000        0.00000000
  1    2       -0.10449245        0.00334322       -0.00000000        0.00000000
  2    1       -0.30026742        0.00241615        0.00000000        0.00000000
  2    2        0.10845359        0.00212339       -0.00000000        0.00000000
    1.000000      0.000000
  1    1        0.10515739        0.00373910        0.00000000        0.00000000
  1    2       -0.10297324        0.00248061        0.00000000        0.00000000
  2    1       -0.10294476        0.00084514        0.00000000        0.00000000
  2    2        0.10711305        0.00516339        0.00000000        0.00000000
    1.500000      0.866025
  1    1        0.09107216        0.00135897       -0.00000000        0.00000000
  1    2       -0.10210852        0.00164477       -0.00000000        0.00000000
  2    1       -0.11281735        0.00606358       -0.00000000        0.00000000
  2    2        0.09269719        0.00165039       -0.00000000        0.00000000
