   -2.094395     -1.209200
  1    1        0.66474319        0.00899187        0.00000000        0.00000000
  1    2       -0.28640589        0.00236890       -0.17808202        0.00557894
  2    1       -0.28640589        0.00236890        0.17808202        0.00557894
  2    2        0.66632806        0.00427310        0.00000000        0.00000000
   -2.094395      1.209200
  1    1        0.66733232        0.00784675       -0.00000000        0.00000000
  1    2       -0.29884303        0.00944811        0.17879555        0.00363852
  2    1       -0.29884303        0.00944811       -0.17879555        0.00363852
  2    2        0.66528493        0.00852377       -0.00000000        0.00000000
    0.000000     -2.418399
  1    1        0.66628824        0.00235470        0.00000000        0.00000000
  1    2        0.01185691        0.00919473       -0.32905521        0.00932207
  2    1        0.01185691        0.00919473        0.32905521        0.00932207
  2    2        0.66230644        0.01757582        0.00000000        0.00000000
    0.000000      0.000000
  1    1        1.56994810        0.01845290        0.00000000        0.00000000
  1    2       -1.53724864        0.01055898        0.00000000        0.00000000
  2    1       -1.53724864        0.01055898        0.00000000        0.00000000
  2    2        1.59007643        0.00478747        0.00000000        0.00000000
    0.000000      2.418399
  1    1        0.66628824        0.00235470       -0.00000000        0.00000000
  1    2        0.01185691        0.00919473        0.32905521        0.00932207
  2    1        0.01185691        0.00919473       -0.32905521        0.00932207
  2    2        0.66230644        0.01757582       -0.00000000        0.00000000
    2.094395     -1.209200
  1    1        0.66733232        0.00784675        0.00000000        0.00000000
  1    2       -0.29884303        0.00944811       -0.17879555        0.00363852
  2    1       -0.29884303        0.00944811        0.17879555        0.00363852
  2    2        0.66528493        0.00852377        0.00000000        0.00000000
    2.094395      1.209200
  1    1        0.66474319        0.00899187       -0.00000000        0.00000000
  1    2       -0.28640589        0.00236890        0.17808202        0.00557894
  2    1       -0.28640589        0.00236890       -0.17808202        0.00557894
  2    2        0.66632806        0.00427310       -0.00000000        0.00000000
    2.094395      3.627599
  1    1        0.62403253        0.00838723        0.00000000        0.00000000
  1    2       -0.00165490        0.00334731        0.00078752        0.00736777
  2    1       -0.00165490        0.00334731       -0.00078752        0.00736777
  2    2        0.61905887        0.00350114        0.00000000        0.00000000
    4.188790      0.000000
  1    1        0.62403253        0.00838723        0.00000000        0.00000000
  1    2       -0.00165490        0.00334731       -0.00078752        0.00736777
  2    1       -0.00165490        0.00334731        0.00078752        0.00736777
  2    2        0.61905887        0.00350114        0.00000000        0.00000000
