   1.0000000000000000                2           9
 (  0.0000000000000000     ,  0.0000000000000000     )
 (  0.0000000000000000     ,  0.0000000000000000     )
  -2.0943951023931953       -1.2091995761561449     
 ( 0.66941910767138391     ,  9.8686491077791687E-017)
 (-0.26194029128608715     ,-0.10462458258337494     )
 (-0.26194029128608698     , 0.10462458258337487     )
 ( 0.66688146640867230     ,  4.9343245538895844E-017)
  -2.0943951023931953        1.2091995761561449     
 ( 0.67179072869218148     ,  2.4671622769447922E-017)
 (-0.28592750542845047     , 0.21180479179786024     )
 (-0.28592750542845047     ,-0.21180479179786016     )
 ( 0.65388266733973333     , -1.1102230246251565E-016)
   0.0000000000000000       -2.4183991523122899     
 ( 0.64269207564835185     ,  1.6036554800141150E-016)
 ( -5.7447511166834143E-002,-0.32489931660264060     )
 ( -5.7447511166834192E-002, 0.32489931660264026     )
 ( 0.64422293723793833     ,  1.6036554800141150E-016)
   0.0000000000000000        0.0000000000000000     
 (  1.6052514791404102     ,  0.0000000000000000     )
 ( -1.6487422035068362     ,  0.0000000000000000     )
 ( -1.6487422035068360     ,  0.0000000000000000     )
 (  1.6335155645222545     ,  0.0000000000000000     )
   0.0000000000000000        2.4183991523122899     
 ( 0.64269207564835185     , -1.6036554800141150E-016)
 ( -5.7447511166834143E-002, 0.32489931660264060     )
 ( -5.7447511166834192E-002,-0.32489931660264026     )
 ( 0.64422293723793833     , -1.6036554800141150E-016)
   2.0943951023931953       -1.2091995761561449     
 ( 0.67179072869218148     , -2.4671622769447922E-017)
 (-0.28592750542845047     ,-0.21180479179786024     )
 (-0.28592750542845047     , 0.21180479179786016     )
 ( 0.65388266733973333     ,  1.1102230246251565E-016)
   2.0943951023931953        1.2091995761561449     
 ( 0.66941910767138391     , -9.8686491077791687E-017)
 (-0.26194029128608715     , 0.10462458258337494     )
 (-0.26194029128608698     ,-0.10462458258337487     )
 ( 0.66688146640867230     , -4.9343245538895844E-017)
   2.0943951023931953        3.6275987284684348     
 ( 0.62382951493891736     ,  2.9444610429818945E-016)
 (  2.4394357359139814E-002, -5.0506975469806731E-002)
 (  2.4394357359139713E-002,  5.0506975469806106E-002)
 ( 0.62861527827207420     ,  3.5093428093371577E-016)
   4.1887902047863905        0.0000000000000000     
 ( 0.62382951493891747     ,  3.5985335757064679E-017)
 (  2.4394357359139567E-002,  5.0506975469806523E-002)
 (  2.4394357359139418E-002, -5.0506975469806696E-002)
 ( 0.62861527827207431     ,  5.2232961860185059E-019)
   1.0000000000000000                2           9
 (  0.0000000000000000     ,  0.0000000000000000     )
 (  0.0000000000000000     ,  0.0000000000000000     )
  -2.0943951023931953       -1.2091995761561449     
 ( 0.65856433079602184     ,  4.9343245538895844E-017)
 (-0.30576894453895137     ,-0.19440259268878091     )
 (-0.30576894453895131     , 0.19440259268878071     )
 ( 0.68224326909988930     ,  6.1679056923619811E-017)
  -2.0943951023931953        1.2091995761561449     
 ( 0.67304802523452700     ,  1.2335811384723961E-017)
 (-0.27493769765018095     , 0.19299051253236915     )
 (-0.27493769765018072     ,-0.19299051253236904     )
 ( 0.65981178930550932     , -2.4671622769447922E-017)
   0.0000000000000000       -2.4183991523122899     
 ( 0.66408302759332960     ,  1.1102230246251565E-016)
 (  1.9143264518199470E-002,-0.29964477744009926     )
 (  1.9143264518199365E-002, 0.29964477744009888     )
 ( 0.65164610333028417     ,  1.1102230246251565E-016)
   0.0000000000000000        0.0000000000000000     
 (  1.5704666091748605     ,  0.0000000000000000     )
 ( -1.5110523939998803     ,  0.0000000000000000     )
 ( -1.5110523939998801     ,  0.0000000000000000     )
 (  1.5982965285769646     ,  0.0000000000000000     )
   0.0000000000000000        2.4183991523122899     
 ( 0.66408302759332960     , -1.1102230246251565E-016)
 (  1.9143264518199470E-002, 0.29964477744009926     )
 (  1.9143264518199365E-002,-0.29964477744009888     )
 ( 0.65164610333028417     , -1.1102230246251565E-016)
   2.0943951023931953       -1.2091995761561449     
 ( 0.67304802523452700     , -1.2335811384723961E-017)
 (-0.27493769765018095     ,-0.19299051253236915     )
 (-0.27493769765018072     , 0.19299051253236904     )
 ( 0.65981178930550932     ,  2.4671622769447922E-017)
   2.0943951023931953        1.2091995761561449     
 ( 0.65856433079602184     , -4.9343245538895844E-017)
 (-0.30576894453895137     , 0.19440259268878091     )
 (-0.30576894453895131     ,-0.19440259268878071     )
 ( 0.68224326909988930     , -6.1679056923619811E-017)
   2.0943951023931953        3.6275987284684348     
 ( 0.61944826809285947     ,  3.1215026807100627E-016)
 ( -1.3322599018271129E-002, -4.8870178075837581E-003)
 ( -1.3322599018271264E-002,  4.8870178075831293E-003)
 ( 0.60496227182640727     ,  2.6291430879725728E-016)
   4.1887902047863905        0.0000000000000000     
 ( 0.61944826809285947     , -2.5281645476647425E-018)
 ( -1.3322599018271437E-002,  4.8870178075836566E-003)
 ( -1.3322599018271561E-002, -4.8870178075835985E-003)
 ( 0.60496227182640738     ,  4.6838271685634251E-017)
   1.0000000000000000                2           9
 (  0.0000000000000000     ,  0.0000000000000000     )
 (  0.0000000000000000     ,  0.0000000000000000     )
  -2.0943951023931953       -1.2091995761561449     
 ( 0.66443891491245255     ,  6.1679056923619811E-017)
 (-0.26526864092959268     ,-0.17856880078615811     )
 (-0.26526864092959263     , 0.17856880078615792     )
 ( 0.65289097982025912     ,  4.9343245538895844E-017)
  -2.0943951023931953        1.2091995761561449     
 ( 0.64900048255473775     , -4.9343245538895844E-017)
 (-0.30997716883532572     , 0.17400580975317040     )
 (-0.30997716883532567     ,-0.17400580975317054     )
 ( 0.67633086873133608     , -6.1679056923619811E-017)
   0.0000000000000000       -2.4183991523122899     
 ( 0.66977445365438948     ,  1.1102230246251565E-016)
 (  2.8753391376424804E-002,-0.35060682820615824     )
 (  2.8753391376424728E-002, 0.35060682820615791     )
 ( 0.66535679198673880     ,  9.8686491077791687E-017)
   0.0000000000000000        0.0000000000000000     
 (  1.6293293405308145     ,  0.0000000000000000     )
 ( -1.5905868188531804     ,  0.0000000000000000     )
 ( -1.5905868188531802     ,  0.0000000000000000     )
 (  1.5696916667298360     ,  0.0000000000000000     )
   0.0000000000000000        2.4183991523122899     
 ( 0.66977445365438948     , -1.1102230246251565E-016)
 (  2.8753391376424804E-002, 0.35060682820615824     )
 (  2.8753391376424728E-002,-0.35060682820615791     )
 ( 0.66535679198673880     , -9.8686491077791687E-017)
   2.0943951023931953       -1.2091995761561449     
 ( 0.64900048255473775     ,  4.9343245538895844E-017)
 (-0.30997716883532572     ,-0.17400580975317040     )
 (-0.30997716883532567     , 0.17400580975317054     )
 ( 0.67633086873133608     ,  6.1679056923619811E-017)
   2.0943951023931953        1.2091995761561449     
 ( 0.66443891491245255     , -6.1679056923619811E-017)
 (-0.26526864092959268     , 0.17856880078615811     )
 (-0.26526864092959263     ,-0.17856880078615792     )
 ( 0.65289097982025912     , -4.9343245538895844E-017)
   2.0943951023931953        3.6275987284684348     
 ( 0.60347651547660863     ,  3.0477504625497194E-016)
 (  1.9184609867638357E-003, -1.4980312908554215E-002)
 (  1.9184609867638604E-003,  1.4980312908553398E-002)
 ( 0.62273969762109660     ,  3.0068627732775561E-016)
   4.1887902047863905        0.0000000000000000     
 ( 0.60347651547660874     ,  2.3215725175894372E-017)
 (  1.9184609867634655E-003,  1.4980312908554033E-002)
 (  1.9184609867635150E-003, -1.4980312908554002E-002)
 ( 0.62273969762109671     ,  9.9960971111282996E-018)
   1.0000000000000000                2           9
 (  0.0000000000000000     ,  0.0000000000000000     )
 (  0.0000000000000000     ,  0.0000000000000000     )
  -2.0943951023931953       -1.2091995761561449     
 ( 0.67712277951337496     ,  4.9343245538895844E-017)
 (-0.28055726773374418     ,-0.16685440461861720     )
 (-0.28055726773374412     , 0.16685440461861700     )
 ( 0.65206490539696282     ,  4.9343245538895844E-017)
  -2.0943951023931953        1.2091995761561449     
 ( 0.65238749305694232     , -4.9343245538895844E-017)
 (-0.29084112431344561     , 0.17412174580333645     )
 (-0.29084112431344561     ,-0.17412174580333650     )
 ( 0.63298622821468575     , -3.7007434154171883E-017)
   0.0000000000000000       -2.4183991523122899     
 ( 0.66843216545514339     ,  1.1102230246251565E-016)
 (  5.1683102632218859E-003,-0.34924245654604408     )
 (  5.1683102632219292E-003, 0.34924245654604391     )
 ( 0.69543551890829336     ,  7.4014868308343765E-017)
   0.0000000000000000        0.0000000000000000     
 (  1.6001794090161794     ,  0.0000000000000000     )
 ( -1.5537460471118676     ,  0.0000000000000000     )
 ( -1.5537460471118674     ,  0.0000000000000000     )
 (  1.6609171590535179     ,  0.0000000000000000     )
   0.0000000000000000        2.4183991523122899     
 ( 0.66843216545514339     , -1.1102230246251565E-016)
 (  5.1683102632218859E-003, 0.34924245654604408     )
 (  5.1683102632219292E-003,-0.34924245654604391     )
 ( 0.69543551890829336     , -7.4014868308343765E-017)
   2.0943951023931953       -1.2091995761561449     
 ( 0.65238749305694232     ,  4.9343245538895844E-017)
 (-0.29084112431344561     ,-0.17412174580333645     )
 (-0.29084112431344561     , 0.17412174580333650     )
 ( 0.63298622821468575     ,  3.7007434154171883E-017)
   2.0943951023931953        1.2091995761561449     
 ( 0.67712277951337496     , -4.9343245538895844E-017)
 (-0.28055726773374418     , 0.16685440461861720     )
 (-0.28055726773374412     ,-0.16685440461861700     )
 ( 0.65206490539696282     , -4.9343245538895844E-017)
   2.0943951023931953        3.6275987284684348     
 ( 0.61240517260233229     ,  3.0149895415781265E-016)
 (  8.7564134295897347E-003,  3.7367285064273540E-003)
 (  8.7564134295897711E-003, -3.7367285064281411E-003)
 ( 0.60151037463491941     ,  3.3327188167903590E-016)
   4.1887902047863905        0.0000000000000000     
 ( 0.61240517260233218     ,  1.0171763026877951E-017)
 (  8.7564134295894137E-003, -3.7367285064274927E-003)
 (  8.7564134295894745E-003,  3.7367285064275999E-003)
 ( 0.60151037463491941     ,  2.4042572280496945E-017)
   1.0000000000000000                2           9
 (  0.0000000000000000     ,  0.0000000000000000     )
 (  0.0000000000000000     ,  0.0000000000000000     )
  -2.0943951023931953       -1.2091995761561449     
 ( 0.68041053249108596     ,  2.4671622769447922E-017)
 (-0.29966330674943065     ,-0.17481240530087230     )
 (-0.29966330674943042     , 0.17481240530087225     )
 ( 0.66745805690880156     ,  9.8686491077791687E-017)
  -2.0943951023931953        1.2091995761561449     
 ( 0.66926691544045136     , -1.2335811384723961E-017)
 (-0.28890344363399550     , 0.17247651478919893     )
 (-0.28890344363399567     ,-0.17247651478919870     )
 ( 0.67117634863013587     , -6.1679056923619811E-017)
   0.0000000000000000       -2.4183991523122899     
 ( 0.67007086183570663     ,  6.1679056923619811E-017)
 ( -8.9646414776692954E-003,-0.33827063117689388     )
 ( -8.9646414776693561E-003, 0.33827063117689365     )
 ( 0.68225550629102094     ,  1.1102230246251565E-016)
   0.0000000000000000        0.0000000000000000     
 (  1.5155195278420250     ,  0.0000000000000000     )
 ( -1.4887568440471000     ,  0.0000000000000000     )
 ( -1.4887568440470997     ,  0.0000000000000000     )
 (  1.5168106983191132     ,  0.0000000000000000     )
   0.0000000000000000        2.4183991523122899     
 ( 0.67007086183570663     , -6.1679056923619811E-017)
 ( -8.9646414776692954E-003, 0.33827063117689388     )
 ( -8.9646414776693561E-003,-0.33827063117689365     )
 ( 0.68225550629102094     , -1.1102230246251565E-016)
   2.0943951023931953       -1.2091995761561449     
 ( 0.66926691544045136     ,  1.2335811384723961E-017)
 (-0.28890344363399550     ,-0.17247651478919893     )
 (-0.28890344363399567     , 0.17247651478919870     )
 ( 0.67117634863013587     ,  6.1679056923619811E-017)
   2.0943951023931953        1.2091995761561449     
 ( 0.68041053249108596     , -2.4671622769447922E-017)
 (-0.29966330674943065     , 0.17481240530087230     )
 (-0.29966330674943042     ,-0.17481240530087225     )
 ( 0.66745805690880156     , -9.8686491077791687E-017)
   2.0943951023931953        3.6275987284684348     
 ( 0.63880986092916681     ,  2.5773613585206925E-016)
 ( -1.6553223959634557E-003,  1.8016794368431597E-002)
 ( -1.6553223959634804E-003, -1.8016794368432079E-002)
 ( 0.63772898676403644     ,  2.2047536650717458E-016)
   4.1887902047863905        0.0000000000000000     
 ( 0.63880986092916681     ,  3.3383161142027367E-017)
 ( -1.6553223959637270E-003, -1.8016794368431694E-002)
 ( -1.6553223959637640E-003,  1.8016794368431496E-002)
 ( 0.63772898676403633     ,  8.2671646465516548E-017)
   1.0000000000000000                2           9
 (  0.0000000000000000     ,  0.0000000000000000     )
 (  0.0000000000000000     ,  0.0000000000000000     )
  -2.0943951023931953       -1.2091995761561449     
 ( 0.65638690600578675     ,  3.7007434154171883E-017)
 (-0.26460770276113799     ,-0.18955316035871181     )
 (-0.26460770276113799     , 0.18955316035871159     )
 ( 0.65464733136349063     ,  7.4014868308343765E-017)
  -2.0943951023931953        1.2091995761561449     
 ( 0.69292022047127999     , -2.4671622769447922E-017)
 (-0.32474596279311052     , 0.18071771534144906     )
 (-0.32474596279311041     ,-0.18071771534144901     )
 ( 0.69610267377148682     , -8.6350679693067732E-017)
   0.0000000000000000       -2.4183991523122899     
 ( 0.65598694339027608     ,  7.4014868308343765E-017)
 (  3.6726449878454387E-002,-0.30603679536931172     )
 (  3.6726449878454290E-002, 0.30603679536931139     )
 ( 0.62310929518072977     ,  8.6350679693067732E-017)
   0.0000000000000000        0.0000000000000000     
 (  1.5400601196328916     ,  0.0000000000000000     )
 ( -1.5538372690897806     ,  0.0000000000000000     )
 ( -1.5538372690897804     ,  0.0000000000000000     )
 (  1.6258707288367233     ,  0.0000000000000000     )
   0.0000000000000000        2.4183991523122899     
 ( 0.65598694339027608     , -7.4014868308343765E-017)
 (  3.6726449878454387E-002, 0.30603679536931172     )
 (  3.6726449878454290E-002,-0.30603679536931139     )
 ( 0.62310929518072977     , -8.6350679693067732E-017)
   2.0943951023931953       -1.2091995761561449     
 ( 0.69292022047127999     ,  2.4671622769447922E-017)
 (-0.32474596279311052     ,-0.18071771534144906     )
 (-0.32474596279311041     , 0.18071771534144901     )
 ( 0.69610267377148682     ,  8.6350679693067732E-017)
   2.0943951023931953        1.2091995761561449     
 ( 0.65638690600578675     , -3.7007434154171883E-017)
 (-0.26460770276113799     , 0.18955316035871181     )
 (-0.26460770276113799     ,-0.18955316035871159     )
 ( 0.65464733136349063     , -7.4014868308343765E-017)
   2.0943951023931953        3.6275987284684348     
 ( 0.63408164592591243     ,  3.1079829169577662E-016)
 (  8.0546667828108112E-003, -8.9236367278571690E-003)
 (  8.0546667828107973E-003,  8.9236367278564630E-003)
 ( 0.62420904696225199     ,  2.7373040320153799E-016)
   4.1887902047863905        0.0000000000000000     
 ( 0.63408164592591254     ,  9.5154074631251373E-018)
 (  8.0546667828104521E-003,  8.9236367278570598E-003)
 (  8.0546667828104521E-003, -8.9236367278570511E-003)
 ( 0.62420904696225221     ,  7.3847870706022223E-017)
   1.0000000000000000                2           9
 (  0.0000000000000000     ,  0.0000000000000000     )
 (  0.0000000000000000     ,  0.0000000000000000     )
  -2.0943951023931953       -1.2091995761561449     
 ( 0.65153565787317735     ,  7.4014868308343765E-017)
 (-0.30256947871930323     ,-0.16430077867115411     )
 (-0.30256947871930318     , 0.16430077867115392     )
 ( 0.68866381945636068     ,  2.4671622769447922E-017)
  -2.0943951023931953        1.2091995761561449     
 ( 0.66737079356039652     , -4.9343245538895844E-017)
 (-0.30365275795300667     , 0.17846099672194762     )
 (-0.30365275795300661     ,-0.17846099672194746     )
 ( 0.65530164795638290     , -7.4014868308343765E-017)
   0.0000000000000000       -2.4183991523122899     
 ( 0.66938196913124026     ,  8.6350679693067732E-017)
 ( -9.6853389344635308E-003,-0.33052978606150213     )
 ( -9.6853389344634701E-003, 0.33052978606150191     )
 ( 0.65603544300381589     ,  9.8686491077791687E-017)
   0.0000000000000000        0.0000000000000000     
 (  1.5641335956477873     ,  0.0000000000000000     )
 ( -1.5255124573157246     ,  0.0000000000000000     )
 ( -1.5255124573157244     ,  0.0000000000000000     )
 (  1.5688717948920350     ,  0.0000000000000000     )
   0.0000000000000000        2.4183991523122899     
 ( 0.66938196913124026     , -8.6350679693067732E-017)
 ( -9.6853389344635308E-003, 0.33052978606150213     )
 ( -9.6853389344634701E-003,-0.33052978606150191     )
 ( 0.65603544300381589     , -9.8686491077791687E-017)
   2.0943951023931953       -1.2091995761561449     
 ( 0.66737079356039652     ,  4.9343245538895844E-017)
 (-0.30365275795300667     ,-0.17846099672194762     )
 (-0.30365275795300661     , 0.17846099672194746     )
 ( 0.65530164795638290     ,  7.4014868308343765E-017)
   2.0943951023931953        1.2091995761561449     
 ( 0.65153565787317735     , -7.4014868308343765E-017)
 (-0.30256947871930323     , 0.16430077867115411     )
 (-0.30256947871930318     ,-0.16430077867115392     )
 ( 0.68866381945636068     , -2.4671622769447922E-017)
   2.0943951023931953        3.6275987284684348     
 ( 0.63597372370597782     ,  2.9177499476828187E-016)
 ( -1.3681045272920467E-002,  1.1762559971790390E-002)
 ( -1.3681045272920491E-002, -1.1762559971791046E-002)
 ( 0.62320284993308761     ,  3.2468863161234704E-016)
   4.1887902047863905        0.0000000000000000     
 ( 0.63597372370597804     ,  2.3072144921759010E-017)
 ( -1.3681045272920788E-002, -1.1762559971790494E-002)
 ( -1.3681045272920824E-002,  1.1762559971790406E-002)
 ( 0.62320284993308761     , -1.4820192833420997E-017)
   1.0000000000000000                2           9
 (  0.0000000000000000     ,  0.0000000000000000     )
 (  0.0000000000000000     ,  0.0000000000000000     )
  -2.0943951023931953       -1.2091995761561449     
 ( 0.66066788166315815     ,  8.6350679693067732E-017)
 (-0.29345000258208265     ,-0.17070635560606931     )
 (-0.29345000258208270     , 0.17070635560606917     )
 ( 0.64509346910842713     ,  7.4014868308343765E-017)
  -2.0943951023931953        1.2091995761561449     
 ( 0.65331912392807578     , -9.8686491077791687E-017)
 (-0.27376188037584054     , 0.14549468505201135     )
 (-0.27376188037584043     ,-0.14549468505201135     )
 ( 0.67641866529331318     , -3.7007434154171883E-017)
   0.0000000000000000       -2.4183991523122899     
 ( 0.64029054047718748     ,  1.2335811384723962E-016)
 (  2.2780387004123534E-002,-0.33306515683132770     )
 (  2.2780387004123548E-002, 0.33306515683132737     )
 ( 0.62912194797736876     ,  1.4802973661668753E-016)
   0.0000000000000000        0.0000000000000000     
 (  1.6929803677657391     ,  0.0000000000000000     )
 ( -1.6837457855651845     ,  0.0000000000000000     )
 ( -1.6837457855651847     ,  0.0000000000000000     )
 (  1.6876166159807697     ,  0.0000000000000000     )
   0.0000000000000000        2.4183991523122899     
 ( 0.64029054047718748     , -1.2335811384723962E-016)
 (  2.2780387004123534E-002, 0.33306515683132770     )
 (  2.2780387004123548E-002,-0.33306515683132737     )
 ( 0.62912194797736876     , -1.4802973661668753E-016)
   2.0943951023931953       -1.2091995761561449     
 ( 0.65331912392807578     ,  9.8686491077791687E-017)
 (-0.27376188037584054     ,-0.14549468505201135     )
 (-0.27376188037584043     , 0.14549468505201135     )
 ( 0.67641866529331318     ,  3.7007434154171883E-017)
   2.0943951023931953        1.2091995761561449     
 ( 0.66066788166315815     , -8.6350679693067732E-017)
 (-0.29345000258208265     , 0.17070635560606931     )
 (-0.29345000258208270     ,-0.17070635560606917     )
 ( 0.64509346910842713     , -7.4014868308343765E-017)
   2.0943951023931953        3.6275987284684348     
 ( 0.60989800687555829     ,  2.4403394574909287E-016)
 (  1.3025300373853015E-002,  1.2237826228227240E-003)
 (  1.3025300373852990E-002, -1.2237826228234483E-003)
 ( 0.61721679152594910     ,  2.2098861984896708E-016)
   4.1887902047863905        0.0000000000000000     
 ( 0.60989800687555829     ,  1.2477143620708926E-016)
 (  1.3025300373852720E-002, -1.2237826228229851E-003)
 (  1.3025300373852695E-002,  1.2237826228228630E-003)
 ( 0.61721679152594922     ,  1.3745878330473640E-016)
