     0.0000000        1.31005956        0.01888777
     0.1000000        1.01639270        0.03511152
     0.2000000        0.88793184        0.02713539
     0.3000000        0.74181838        0.04467427
     0.4000000        0.58824236        0.03387305
     0.5000000        0.51984218        0.03589667
     0.6000000        0.52657156        0.04174948
     0.7000000        0.50830210        0.15600840
     0.8000000        0.39198969        0.07977604
     0.9000000        0.35100447        0.10807154
     1.0000000        0.22729671        0.10472207
     1.1000000        0.21355252        0.07154956
     1.2000000        0.24913946        0.11203432
     1.3000000        0.20753727        0.11472665
     1.4000000        0.20110335        0.12021411
     1.5000000        0.11983965        0.05686806
     1.6000000        0.15206242        0.04500217
     1.7000000        0.19862174        0.01358852
     1.8000000        0.13263750        0.01988329
     1.9000000        0.10262226        0.08466878
     2.0000000        0.03615862        0.01172403
     2.1000000        0.01609278        0.07620973
     2.2000000        0.42396848        0.45425486
     2.3000000       -0.03031470        0.05383640
     2.4000000        0.02336738        0.01313998
     2.5000000       -0.01402969        0.03692572
     2.6000000       -0.10244300        0.02636992
     2.7000000       -0.13894619        0.11853904
     2.8000000       -0.06535917        0.05443448
     2.9000000       -0.14879796        0.18559524
     3.0000000       -0.06233489        0.14758162
     3.1000000       -0.30707661        0.05225186
     3.2000000       -0.10679214        0.09511507
     3.3000000       -0.11388273        0.17209435
     3.4000000       -0.29128608        0.48475562
     3.5000000       -0.09710471        0.10905424
     3.6000000       -0.08645208        0.14690837
     3.7000000       -0.15847695        0.13582617
     3.8000000       -0.05903869        0.12957062
     3.9000000       -0.03089428        0.09097617
     4.0000000        0.01763570        0.06012866
     4.1000000        0.01045341        0.01775619
     4.2000000        0.05887384        0.02128458
     4.3000000       -0.20156051        0.39546987
     4.4000000       -0.73522904        0.83868052
     4.5000000       -2.07258831        2.32556802
     4.6000000       -0.88496166        0.89357511
     4.7000000       -0.69266834        0.40926183
     4.8000000       -0.20282401        0.14136274
     4.9000000       -0.69178646        0.77512020
     5.0000000       -0.18889413        0.29464718
     5.1000000        0.30430872        0.58263543
     5.2000000       -0.12727380        0.04199628
     5.3000000       -0.07896209        0.00995643
     5.4000000       -0.11380425        0.05320981
     5.5000000       -0.16206937        0.11786086
     5.6000000       -0.11854666        0.06077201
     5.7000000       -0.05220416        0.09841168
     5.8000000        0.06045307        0.09340605
     5.9000000       -0.04159056        0.06275690
     6.0000000        0.00469239        0.03817445
     6.1000000        0.16268306        0.19335754
     6.2000000       -0.01670599        0.04908455
     6.3000000        0.18012347        0.17731707
     6.4000000        0.26674529        0.31761948
     6.5000000        0.61583543        0.79457232
     6.6000000        0.07862332        0.11911644
     6.7000000        0.11287686        0.11860673
     6.8000000       -0.00259433        0.02044222
     6.9000000        0.05391030        0.04010882
     7.0000000        0.04459990        0.02799063
     7.1000000        0.01328717        0.07095917
     7.2000000        0.03984460        0.02782191
     7.3000000        0.10445536        0.09014752
     7.4000000        0.19987166        0.13067032
     7.5000000        0.07217402        0.10065164
     7.6000000        0.04717496        0.05248349
     7.7000000        0.11290457        0.10386465
     7.8000000        0.01532870        0.03936838
     7.9000000        0.04768532        0.06965426
     8.0000000       -0.18545616        0.24531867
     8.1000000       -0.22007987        0.25174122
     8.2000000       -0.08606028        0.20304714
     8.3000000       -0.05956221        0.20215995
     8.4000000        0.12141591        0.09704233
     8.5000000        0.15878307        0.06653605
     8.6000000        0.22150492        0.04957505
     8.7000000        0.20115226        0.10270006
     8.8000000        0.21985394        0.10275623
     8.9000000        0.17910157        0.16116666
     9.0000000        0.25593235        0.04447555
     9.1000000        0.34540136        0.12287654
     9.2000000        0.39655148        0.09967055
     9.3000000        0.33387366        0.09004323
     9.4000000        0.42998469        0.06563804
     9.5000000        0.52520567        0.05514454
     9.6000000        0.62284817        0.07591055
     9.7000000        0.66104613        0.17995640
     9.8000000        0.93555438        0.01195904
     9.9000000        1.09247304        0.03268904
    10.0000000        1.31005956        0.01888777
