     0.0000000        0.64861295        0.00464103
     0.1000000        0.53653078        0.00456499
     0.2000000        0.45496247        0.00436367
     0.3000000        0.39322228        0.00384752
     0.4000000        0.34655450        0.00340996
     0.5000000        0.31000582        0.00314345
     0.6000000        0.28177117        0.00310300
     0.7000000        0.25844164        0.00301787
     0.8000000        0.23962556        0.00284449
     0.9000000        0.22415911        0.00281914
     1.0000000        0.21109887        0.00277201
     1.1000000        0.20073123        0.00283813
     1.2000000        0.19149850        0.00277202
     1.3000000        0.18358294        0.00280063
     1.4000000        0.17642662        0.00282555
     1.5000000        0.16979982        0.00270147
     1.6000000        0.16410836        0.00260820
     1.7000000        0.15967183        0.00258896
     1.8000000        0.15616555        0.00254815
     1.9000000        0.15251165        0.00247773
     2.0000000        0.14937935        0.00240416
     2.1000000        0.14719648        0.00229760
     2.2000000        0.14665185        0.00225819
     2.3000000        0.14602931        0.00224373
     2.4000000        0.14541470        0.00227457
     2.5000000        0.14458642        0.00229070
     2.6000000        0.14430927        0.00223411
     2.7000000        0.14465471        0.00213345
     2.8000000        0.14554970        0.00200626
     2.9000000        0.14705642        0.00194762
     3.0000000        0.14891689        0.00189325
     3.1000000        0.15101577        0.00184972
     3.2000000        0.15335816        0.00174399
     3.3000000        0.15694291        0.00173313
     3.4000000        0.16184182        0.00187857
     3.5000000        0.16722314        0.00202721
     3.6000000        0.17409249        0.00207622
     3.7000000        0.18139965        0.00223163
     3.8000000        0.18989553        0.00239355
     3.9000000        0.19963510        0.00254581
     4.0000000        0.21088321        0.00258538
     4.1000000        0.22433367        0.00249506
     4.2000000        0.23968422        0.00245589
     4.3000000        0.25823490        0.00254203
     4.4000000        0.28057257        0.00267312
     4.5000000        0.30855674        0.00282003
     4.6000000        0.34428382        0.00302276
     4.7000000        0.39099560        0.00332480
     4.8000000        0.45210636        0.00351988
     4.9000000        0.53473558        0.00392009
     5.0000000        0.64861295        0.00464103
