     0.0000000        2.44255056        0.03207377
     0.0500000        1.96274524        0.02042785
     0.1000000        1.58907324        0.02822737
     0.1500000        1.27669619        0.03184289
     0.2000000        1.03276125        0.04225074
     0.2500000        0.85154152        0.04673887
     0.3000000        0.72383806        0.04615226
     0.3500000        0.60863747        0.04782713
     0.4000000        0.50828757        0.04490510
     0.4500000        0.43898899        0.04169313
     0.5000000        0.35902052        0.04436032
     0.5500000        0.30112816        0.04585202
     0.6000000        0.25208796        0.04186403
     0.6500000        0.22021450        0.03734866
     0.7000000        0.18709004        0.03630921
     0.7500000        0.16844573        0.03200938
     0.8000000        0.14805031        0.03113836
     0.8500000        0.12986119        0.02948578
     0.9000000        0.10525733        0.02536065
     0.9500000        0.09683458        0.02447360
     1.0000000        0.09162792        0.02506115
     1.0500000        0.06774423        0.02919771
     1.1000000        0.04534508        0.02985870
     1.1500000        0.02397846        0.03277113
     1.2000000        0.01356419        0.03866981
     1.2500000        0.00219141        0.03850916
     1.3000000        0.01691924        0.03774697
     1.3500000        0.01769531        0.03550131
     1.4000000        0.00837566        0.03229328
     1.4500000        0.00838831        0.02959533
     1.5000000        0.02183442        0.03121959
     1.5500000        0.02355824        0.02883077
     1.6000000        0.02245635        0.02880126
     1.6500000        0.00762602        0.02719167
     1.7000000        0.00546658        0.02709150
     1.7500000        0.00941029        0.02194188
     1.8000000        0.00809614        0.01973708
     1.8500000        0.00264544        0.02188676
     1.9000000       -0.00629451        0.01717632
     1.9500000       -0.01071681        0.01599836
     2.0000000       -0.01140549        0.01730026
     2.0500000       -0.00510357        0.01920078
     2.1000000       -0.01156043        0.01723072
     2.1500000       -0.01543920        0.01659647
     2.2000000       -0.01995738        0.01541742
     2.2500000       -0.01366166        0.01573045
     2.3000000       -0.00621728        0.01803473
     2.3500000       -0.00078436        0.01791716
     2.4000000       -0.00186523        0.01633360
     2.4500000       -0.01320029        0.01670872
     2.5000000       -0.02209191        0.01606588
     2.5500000       -0.02955960        0.01745860
     2.6000000       -0.02273044        0.01724117
     2.6500000       -0.01754836        0.01333784
     2.7000000       -0.01283233        0.01268142
     2.7500000        0.00452603        0.01431307
     2.8000000        0.01399161        0.01990765
     2.8500000        0.00896948        0.02020122
     2.9000000        0.01578963        0.02159587
     2.9500000        0.01190211        0.02311567
     3.0000000        0.00452950        0.02164154
     3.0500000        0.00102027        0.02354470
     3.1000000        0.00285865        0.02103348
     3.1500000       -0.01879319        0.01818375
     3.2000000       -0.01050402        0.01841088
     3.2500000       -0.00838142        0.02055960
     3.3000000       -0.01095474        0.01988649
     3.3500000       -0.02134617        0.02056034
     3.4000000       -0.02284349        0.02163874
     3.4500000       -0.02171972        0.02432975
     3.5000000       -0.01219506        0.02110474
     3.5500000       -0.01873507        0.02213507
     3.6000000       -0.01201871        0.02010491
     3.6500000       -0.00495072        0.01672419
     3.7000000        0.00792722        0.01937222
     3.7500000        0.01234173        0.02201937
     3.8000000        0.00386629        0.02122098
     3.8500000       -0.00949489        0.02404762
     3.9000000       -0.01447269        0.02271146
     3.9500000       -0.02270856        0.02233060
     4.0000000       -0.03914147        0.02414111
     4.0500000       -0.04146725        0.02143889
     4.1000000       -0.04703869        0.02093200
     4.1500000       -0.02530794        0.02529654
     4.2000000       -0.02608783        0.02598473
     4.2500000       -0.02713889        0.02359681
     4.3000000       -0.01787927        0.02268565
     4.3500000       -0.00669403        0.02502703
     4.4000000       -0.00003327        0.02692113
     4.4500000        0.01201743        0.02773753
     4.5000000        0.01392139        0.02903200
     4.5500000        0.01486299        0.03280085
     4.6000000        0.02033987        0.03391941
     4.6500000        0.02288511        0.03752853
     4.7000000        0.01961401        0.03442170
     4.7500000        0.00229370        0.02397014
     4.8000000       -0.00357361        0.02450975
     4.8500000       -0.00333149        0.02372439
     4.9000000       -0.01418335        0.02085460
     4.9500000       -0.02130911        0.02063929
     5.0000000       -0.01931041        0.02147368
     5.0500000       -0.02542247        0.02364229
     5.1000000       -0.03260346        0.02692108
     5.1500000       -0.02846420        0.02936524
     5.2000000       -0.03146790        0.02834141
     5.2500000       -0.02241690        0.02507802
     5.3000000       -0.01609126        0.02781418
     5.3500000       -0.03135547        0.02770973
     5.4000000       -0.04061540        0.03057854
     5.4500000       -0.03060548        0.02620054
     5.5000000       -0.02176235        0.02769242
     5.5500000       -0.01960867        0.03035271
     5.6000000       -0.03301236        0.02519064
     5.6500000       -0.02889400        0.02355050
     5.7000000       -0.02192709        0.02496942
     5.7500000       -0.01886562        0.02443459
     5.8000000       -0.03008586        0.01804591
     5.8500000       -0.02968688        0.01716490
     5.9000000       -0.02897065        0.02222027
     5.9500000       -0.02135188        0.02326758
     6.0000000       -0.01165419        0.02389041
     6.0500000       -0.00332496        0.02434192
     6.1000000        0.00225465        0.02677850
     6.1500000        0.00705797        0.02555857
     6.2000000        0.00493178        0.02462730
     6.2500000       -0.00046768        0.02367582
     6.3000000       -0.00364226        0.02271376
     6.3500000       -0.00704003        0.02148767
     6.4000000       -0.01066454        0.02057278
     6.4500000       -0.01392157        0.02042084
     6.5000000       -0.00798870        0.01880210
     6.5500000       -0.01229274        0.01689195
     6.6000000       -0.02555982        0.01928151
     6.6500000       -0.03028494        0.02058322
     6.7000000       -0.02653124        0.02246764
     6.7500000       -0.02861748        0.02232476
     6.8000000       -0.02823317        0.02092674
     6.8500000       -0.00759305        0.01647545
     6.9000000        0.00008924        0.01613104
     6.9500000       -0.00076790        0.01484226
     7.0000000        0.00185287        0.01388062
     7.0500000        0.01798560        0.01403001
     7.1000000        0.03409336        0.01763846
     7.1500000        0.03529504        0.01762358
     7.2000000        0.02877454        0.01913114
     7.2500000        0.03909971        0.01911307
     7.3000000        0.04114343        0.01646228
     7.3500000        0.03539738        0.01323980
     7.4000000        0.02528879        0.01097539
     7.4500000        0.01341474        0.00951597
     7.5000000        0.00948712        0.01156799
     7.5500000        0.01261442        0.01107183
     7.6000000        0.01033115        0.01327009
     7.6500000        0.01485936        0.01355732
     7.7000000        0.02407791        0.01322090
     7.7500000        0.01940430        0.01364276
     7.8000000        0.02333350        0.01364142
     7.8500000        0.02895557        0.01507950
     7.9000000        0.02997558        0.01407641
     7.9500000        0.02713275        0.01485707
     8.0000000        0.02445250        0.01366023
     8.0500000        0.01996486        0.01138066
     8.1000000        0.01340909        0.01246037
     8.1500000        0.00947696        0.01304967
     8.2000000        0.00602644        0.01443610
     8.2500000        0.00821132        0.01422027
     8.3000000        0.00629399        0.01502610
     8.3500000        0.00564344        0.01274308
     8.4000000        0.00567003        0.01155115
     8.4500000        0.00854307        0.01094005
     8.5000000        0.00470063        0.00896492
     8.5500000       -0.00317675        0.00791525
     8.6000000       -0.00417684        0.00843357
     8.6500000       -0.00968248        0.00743124
     8.7000000       -0.00708701        0.00870326
     8.7500000       -0.01284023        0.01025077
     8.8000000       -0.01607613        0.01011831
     8.8500000       -0.01231654        0.00942443
     8.9000000       -0.01215388        0.01124332
     8.9500000       -0.01508906        0.01083820
     9.0000000       -0.01460041        0.01135713
     9.0500000       -0.01415713        0.01136804
     9.1000000       -0.01613850        0.01268137
     9.1500000       -0.02366199        0.01004955
     9.2000000       -0.02149056        0.00962266
     9.2500000       -0.02098696        0.00977930
     9.3000000       -0.02609111        0.01132652
     9.3500000       -0.02474242        0.00981199
     9.4000000       -0.01112243        0.01322288
     9.4500000       -0.00390185        0.01457498
     9.5000000       -0.00124884        0.01496824
     9.5500000       -0.00329999        0.01678603
     9.6000000       -0.00522596        0.01864390
     9.6500000       -0.00973104        0.02014815
     9.7000000       -0.01030356        0.01879549
     9.7500000        0.00686530        0.02457498
     9.8000000        0.01031073        0.02275328
     9.8500000        0.01304884        0.02520340
     9.9000000        0.00653637        0.01986252
     9.9500000       -0.00280774        0.01979060
    10.0000000        0.00235822        0.01833035
    10.0500000       -0.00119824        0.02753531
    10.1000000        0.01420530        0.02883672
    10.1500000        0.01715896        0.02734001
    10.2000000        0.01971090        0.02756597
    10.2500000       -0.00585178        0.01478764
    10.3000000       -0.00909244        0.01349230
    10.3500000        0.00112128        0.01487164
    10.4000000        0.00161157        0.01520454
    10.4500000        0.00678665        0.01739427
    10.5000000        0.00770190        0.02072977
    10.5500000        0.00952284        0.01420911
    10.6000000       -0.00077681        0.01276413
    10.6500000       -0.00360304        0.01055924
    10.7000000       -0.00305383        0.01325129
    10.7500000       -0.00649287        0.01181017
    10.8000000        0.00002162        0.01500685
    10.8500000       -0.00130466        0.00772823
    10.9000000       -0.00206729        0.00755694
    10.9500000        0.00086648        0.00852303
    11.0000000        0.00962042        0.01202856
    11.0500000        0.01793430        0.01165008
    11.1000000        0.01426719        0.01122554
    11.1500000        0.01224463        0.01274430
    11.2000000        0.00699368        0.00963464
    11.2500000        0.01115852        0.00941224
    11.3000000        0.00691454        0.00917005
    11.3500000        0.00160894        0.01064905
    11.4000000        0.00015582        0.01140026
    11.4500000        0.00264590        0.01109612
    11.5000000        0.00626092        0.00859420
    11.5500000        0.00263044        0.00924429
    11.6000000       -0.00142459        0.00829549
    11.6500000       -0.00372339        0.00949333
    11.7000000       -0.00293855        0.00941795
    11.7500000       -0.00843183        0.00924564
    11.8000000        0.00169322        0.01062714
    11.8500000        0.00435210        0.01124628
    11.9000000       -0.00152168        0.01060674
    11.9500000       -0.00721914        0.00974893
    12.0000000       -0.01011321        0.00914820
    12.0500000       -0.01472612        0.00736918
    12.1000000       -0.01405499        0.00750930
    12.1500000       -0.00581980        0.00760213
    12.2000000       -0.00455582        0.00755007
    12.2500000       -0.00896155        0.00765831
    12.3000000       -0.01278321        0.00889282
    12.3500000       -0.01212980        0.00805777
    12.4000000       -0.00746582        0.01052959
    12.4500000       -0.01725027        0.01143635
    12.5000000       -0.02707830        0.01104910
    12.5500000       -0.02654588        0.01344082
    12.6000000       -0.03361557        0.01576691
    12.6500000       -0.03276131        0.01701288
    12.7000000       -0.02557653        0.01705142
    12.7500000       -0.02274942        0.01646118
    12.8000000       -0.01672934        0.01483215
    12.8500000       -0.02061205        0.01513688
    12.9000000       -0.02237514        0.01309215
    12.9500000       -0.01220012        0.01246238
    13.0000000       -0.00644935        0.01079068
    13.0500000       -0.00961085        0.01236179
    13.1000000       -0.00878659        0.01227647
    13.1500000       -0.00537877        0.01278623
    13.2000000       -0.00642642        0.01227645
    13.2500000       -0.00432979        0.01250155
    13.3000000        0.00172194        0.01172108
    13.3500000        0.01242039        0.01458006
    13.4000000        0.00764741        0.01137370
    13.4500000        0.00453961        0.01173124
    13.5000000        0.01557884        0.01052040
    13.5500000        0.01621658        0.01280575
    13.6000000        0.00483109        0.01420224
    13.6500000        0.00296046        0.01390397
    13.7000000       -0.00338175        0.01339134
    13.7500000       -0.00465375        0.01190986
    13.8000000       -0.00349501        0.01165019
    13.8500000        0.00073582        0.01137668
    13.9000000        0.00649924        0.01224235
    13.9500000       -0.00111555        0.01371456
    14.0000000        0.00260434        0.01299670
    14.0500000        0.00107235        0.01236096
    14.1000000       -0.00169850        0.01349203
    14.1500000       -0.00796246        0.01438764
    14.2000000       -0.01316006        0.01457619
    14.2500000       -0.01356772        0.01466382
    14.3000000       -0.01431650        0.01412897
    14.3500000       -0.00507378        0.01139921
    14.4000000       -0.00428865        0.01124630
    14.4500000       -0.00494428        0.01246845
    14.5000000       -0.00044380        0.01473821
    14.5500000        0.00419789        0.01369262
    14.6000000        0.00163060        0.01549527
    14.6500000       -0.00364878        0.01842255
    14.7000000       -0.00966122        0.01879748
    14.7500000       -0.03554173        0.02807782
    14.8000000       -0.04147223        0.02893342
    14.8500000       -0.01971736        0.01916541
    14.9000000       -0.01059270        0.01175652
    14.9500000       -0.01203392        0.01224109
    15.0000000       -0.00551619        0.01365312
    15.0500000       -0.00258633        0.01308720
    15.1000000        0.00724799        0.01485753
    15.1500000       -0.01218571        0.01911183
    15.2000000       -0.01277671        0.01850490
    15.2500000       -0.01001877        0.01770763
    15.3000000       -0.01432012        0.01787673
    15.3500000       -0.02076055        0.01862401
    15.4000000       -0.02088825        0.01645415
    15.4500000       -0.01923234        0.01816675
    15.5000000       -0.02338152        0.02143180
    15.5500000       -0.01981803        0.02018152
    15.6000000       -0.00977606        0.01958074
    15.6500000       -0.00816078        0.02039425
    15.7000000        0.01067545        0.01367546
    15.7500000        0.00456594        0.01408055
    15.8000000        0.00162719        0.01490244
    15.8500000        0.00418414        0.01406915
    15.9000000       -0.00637508        0.01361605
    15.9500000       -0.00456530        0.01427820
    16.0000000       -0.00032880        0.01098107
    16.0500000        0.00070010        0.01177054
    16.1000000       -0.00572226        0.01299822
    16.1500000       -0.01734852        0.01494946
    16.2000000       -0.01596950        0.01434362
    16.2500000       -0.02201098        0.01311014
    16.3000000       -0.02627094        0.01077750
    16.3500000       -0.03204870        0.00801929
    16.4000000       -0.03207072        0.01001992
    16.4500000       -0.02785214        0.01042718
    16.5000000       -0.02407955        0.01104688
    16.5500000       -0.01283268        0.01342830
    16.6000000       -0.01161253        0.01182130
    16.6500000       -0.01901404        0.01350650
    16.7000000       -0.01162908        0.01014372
    16.7500000       -0.00786078        0.01264395
    16.8000000       -0.01391944        0.01378212
    16.8500000       -0.01363773        0.01504073
    16.9000000       -0.00933267        0.01580851
    16.9500000       -0.00864826        0.01954710
    17.0000000       -0.01916450        0.02069050
    17.0500000       -0.01790469        0.01529122
    17.1000000       -0.01318611        0.01462340
    17.1500000        0.00568588        0.01976505
    17.2000000        0.00610617        0.01761109
    17.2500000        0.01282015        0.01821734
    17.3000000        0.03042738        0.01784764
    17.3500000        0.03817586        0.01880569
    17.4000000        0.02885405        0.01750522
    17.4500000        0.02454934        0.02064108
    17.5000000        0.01716846        0.02296184
    17.5500000        0.01371693        0.02209496
    17.6000000        0.01133758        0.02066212
    17.6500000        0.03059093        0.02176596
    17.7000000        0.03481979        0.02144912
    17.7500000        0.04657007        0.02092059
    17.8000000        0.04727662        0.02077523
    17.8500000        0.04728202        0.02468183
    17.9000000        0.06328857        0.02589850
    17.9500000        0.05698962        0.02865934
    18.0000000        0.06179929        0.03175807
    18.0500000        0.06435931        0.03260513
    18.1000000        0.06602342        0.03263759
    18.1500000        0.07259707        0.02954102
    18.2000000        0.06340949        0.02872727
    18.2500000        0.07624590        0.02927565
    18.3000000        0.08171644        0.03263127
    18.3500000        0.07802830        0.03090287
    18.4000000        0.09035131        0.02941978
    18.4500000        0.09729911        0.02893001
    18.5000000        0.11152927        0.03265444
    18.5500000        0.10584817        0.03131150
    18.6000000        0.11158676        0.03205269
    18.6500000        0.11213237        0.03720052
    18.7000000        0.13095115        0.03402592
    18.7500000        0.11223892        0.03536586
    18.8000000        0.11593699        0.03581008
    18.8500000        0.11966303        0.03782553
    18.9000000        0.10757489        0.02759551
    18.9500000        0.13930812        0.02197436
    19.0000000        0.13887666        0.01908370
    19.0500000        0.13806663        0.02118185
    19.1000000        0.15315194        0.03019778
    19.1500000        0.15922336        0.03395449
    19.2000000        0.17695812        0.03257663
    19.2500000        0.18506358        0.03765950
    19.3000000        0.20916539        0.03916806
    19.3500000        0.25043040        0.04161318
    19.4000000        0.28876469        0.03899424
    19.4500000        0.35026127        0.04186036
    19.5000000        0.42346461        0.04951694
    19.5500000        0.49013458        0.04755869
    19.6000000        0.56780370        0.05136317
    19.6500000        0.65565128        0.05135669
    19.7000000        0.77529725        0.05136010
    19.7500000        0.91853283        0.04847256
    19.8000000        1.07223887        0.04452844
    19.8500000        1.30080642        0.03799431
    19.9000000        1.60946225        0.02839188
    19.9500000        1.97288791        0.03051629
    20.0000000        2.44255056        0.03207377
