     0.0000000        3.14016522        0.05919444
     0.0500000        2.51905146        0.04743757
     0.1000000        2.02795319        0.04724689
     0.1500000        1.63078327        0.04101410
     0.2000000        1.32263580        0.03591924
     0.2500000        1.08405347        0.03832967
     0.3000000        0.91129993        0.04551378
     0.3500000        0.74936456        0.04297234
     0.4000000        0.63775825        0.03818303
     0.4500000        0.56694264        0.03178546
     0.5000000        0.47493250        0.03220587
     0.5500000        0.38885208        0.03663700
     0.6000000        0.34641495        0.03865946
     0.6500000        0.30688829        0.04126945
     0.7000000        0.27221384        0.03890318
     0.7500000        0.23822407        0.03213504
     0.8000000        0.20213968        0.02722156
     0.8500000        0.17258305        0.02950196
     0.9000000        0.16271073        0.03195591
     0.9500000        0.14768662        0.03422384
     1.0000000        0.13497408        0.03983681
     1.0500000        0.13457666        0.04073859
     1.1000000        0.13575434        0.04064367
     1.1500000        0.13001606        0.04340242
     1.2000000        0.12988131        0.04119446
     1.2500000        0.12611793        0.03886906
     1.3000000        0.11505007        0.03660674
     1.3500000        0.10832768        0.04081814
     1.4000000        0.08498178        0.04518499
     1.4500000        0.05375935        0.04759345
     1.5000000        0.04347730        0.05520412
     1.5500000        0.03039628        0.05773539
     1.6000000        0.01144533        0.06120393
     1.6500000        0.01876057        0.06465240
     1.7000000        0.01331493        0.06434695
     1.7500000        0.01996272        0.06440043
     1.8000000        0.02361531        0.06516832
     1.8500000        0.02542347        0.06309317
     1.9000000        0.03049948        0.05966133
     1.9500000        0.03015800        0.06003140
     2.0000000        0.02125335        0.05787419
     2.0500000        0.02680520        0.06312376
     2.1000000        0.02640766        0.06183940
     2.1500000        0.01474318        0.05936865
     2.2000000        0.00633840        0.05607225
     2.2500000       -0.00205496        0.05032601
     2.3000000       -0.00029383        0.04514204
     2.3500000       -0.00676997        0.03989801
     2.4000000       -0.01384151        0.03512511
     2.4500000       -0.01337301        0.02897543
     2.5000000       -0.00184962        0.02501632
     2.5500000       -0.00519295        0.02586423
     2.6000000       -0.00419132        0.02668129
     2.6500000       -0.01739492        0.03030881
     2.7000000       -0.01970339        0.03022971
     2.7500000       -0.01404486        0.02649496
     2.8000000       -0.00817719        0.02486324
     2.8500000       -0.01203115        0.02214960
     2.9000000       -0.01229660        0.02086923
     2.9500000       -0.01058212        0.02368012
     3.0000000       -0.00592180        0.02877595
     3.0500000       -0.00099219        0.03194304
     3.1000000        0.00817128        0.03816325
     3.1500000        0.01689114        0.03967621
     3.2000000        0.01612676        0.04270635
     3.2500000        0.01237468        0.04272338
     3.3000000        0.01609053        0.04170682
     3.3500000        0.00853875        0.04104086
     3.4000000        0.01125937        0.04072713
     3.4500000        0.01424257        0.03445302
     3.5000000        0.01313421        0.03174946
     3.5500000       -0.00396467        0.02355263
     3.6000000       -0.00968547        0.02301774
     3.6500000       -0.01253672        0.02084813
     3.7000000       -0.00833422        0.01843600
     3.7500000       -0.01423264        0.02418826
     3.8000000       -0.01737904        0.02912477
     3.8500000       -0.02975030        0.02137558
     3.9000000       -0.02938979        0.02199447
     3.9500000       -0.01033439        0.02281336
     4.0000000        0.01010761        0.02512785
     4.0500000        0.01153320        0.02420413
     4.1000000        0.00629417        0.02454749
     4.1500000        0.00183595        0.02867682
     4.2000000        0.00332587        0.03412003
     4.2500000        0.00500055        0.03407953
     4.3000000       -0.00526044        0.02868955
     4.3500000       -0.01415371        0.02400761
     4.4000000       -0.01513217        0.02768326
     4.4500000       -0.00987347        0.02901730
     4.5000000       -0.01280676        0.03192923
     4.5500000        0.00483339        0.03086640
     4.6000000        0.00239390        0.02030140
     4.6500000        0.00331245        0.02142101
     4.7000000       -0.01209757        0.01859504
     4.7500000       -0.03157458        0.02065443
     4.8000000       -0.02928200        0.02570198
     4.8500000       -0.01662193        0.02319658
     4.9000000       -0.01276172        0.02284858
     4.9500000       -0.02323321        0.02370981
     5.0000000       -0.02640873        0.02662667
     5.0500000       -0.03484482        0.02692036
     5.1000000       -0.03388543        0.02847193
     5.1500000       -0.02684618        0.02476328
     5.2000000       -0.03355217        0.02784399
     5.2500000       -0.02970397        0.02631211
     5.3000000       -0.02234779        0.02660858
     5.3500000       -0.01583786        0.02544376
     5.4000000       -0.01090443        0.02420107
     5.4500000       -0.01133724        0.02966429
     5.5000000       -0.00836792        0.02768094
     5.5500000        0.00159212        0.02803630
     5.6000000        0.00780235        0.03039911
     5.6500000        0.00876979        0.02630248
     5.7000000        0.01050503        0.02941822
     5.7500000        0.00849779        0.02788487
     5.8000000        0.00930566        0.02267291
     5.8500000        0.00844730        0.02365003
     5.9000000        0.00454463        0.02307393
     5.9500000        0.00365555        0.02022218
     6.0000000       -0.00009566        0.01789240
     6.0500000       -0.01041868        0.01470685
     6.1000000       -0.01883748        0.01401882
     6.1500000       -0.02695831        0.01613901
     6.2000000       -0.02599171        0.01811921
     6.2500000       -0.02054485        0.02067713
     6.3000000       -0.01370079        0.01810477
     6.3500000       -0.01069640        0.01966450
     6.4000000       -0.00933379        0.02002805
     6.4500000        0.00066685        0.02237800
     6.5000000        0.00304532        0.02282843
     6.5500000        0.00210776        0.02242537
     6.6000000       -0.00124928        0.02062166
     6.6500000       -0.00175616        0.02074600
     6.7000000        0.00311262        0.01926216
     6.7500000       -0.00990790        0.02197677
     6.8000000       -0.01344260        0.02121332
     6.8500000       -0.01854262        0.02285971
     6.9000000       -0.01733703        0.02244422
     6.9500000       -0.01555979        0.02417650
     7.0000000       -0.00874649        0.02184345
     7.0500000       -0.00164684        0.02299268
     7.1000000        0.00729316        0.02169097
     7.1500000        0.02459561        0.01399821
     7.2000000        0.04886066        0.01740764
     7.2500000        0.04634429        0.01485039
     7.3000000        0.04101993        0.01581397
     7.3500000        0.02784827        0.01575594
     7.4000000        0.01495597        0.02215863
     7.4500000        0.00362623        0.02514662
     7.5000000       -0.00848807        0.02870684
     7.5500000        0.00116100        0.01981195
     7.6000000        0.00380898        0.01918469
     7.6500000        0.00695036        0.01791806
     7.7000000        0.01563694        0.01546324
     7.7500000        0.00638258        0.01687146
     7.8000000        0.01199945        0.01429498
     7.8500000        0.00731607        0.01451463
     7.9000000        0.00805944        0.01384218
     7.9500000        0.01271185        0.01525216
     8.0000000        0.00892642        0.01682823
     8.0500000        0.00998660        0.01667961
     8.1000000       -0.00123635        0.01813517
     8.1500000       -0.00323815        0.01731623
     8.2000000        0.00062821        0.01831176
     8.2500000        0.00573317        0.01684553
     8.3000000        0.00682858        0.01796781
     8.3500000       -0.00272363        0.01786118
     8.4000000       -0.01572823        0.02047751
     8.4500000       -0.01648185        0.02102137
     8.5000000       -0.01037765        0.02068739
     8.5500000       -0.00285351        0.01657977
     8.6000000        0.00283841        0.00888880
     8.6500000        0.00176730        0.00892232
     8.7000000        0.00529646        0.00878797
     8.7500000        0.00296772        0.00822555
     8.8000000       -0.00127398        0.01053386
     8.8500000       -0.01172587        0.01247198
     8.9000000       -0.01824736        0.01314352
     8.9500000       -0.02429010        0.01595043
     9.0000000       -0.02416576        0.01687498
     9.0500000       -0.02556409        0.01736393
     9.1000000       -0.03112764        0.02206577
     9.1500000       -0.02767666        0.02556163
     9.2000000       -0.02069317        0.02651365
     9.2500000       -0.00875375        0.02592097
     9.3000000       -0.00411956        0.02475535
     9.3500000       -0.00533265        0.02263342
     9.4000000        0.00139328        0.02205621
     9.4500000        0.01231729        0.02513397
     9.5000000        0.00901177        0.02421858
     9.5500000        0.00012733        0.02165031
     9.6000000       -0.00289925        0.01989354
     9.6500000       -0.00938694        0.01838374
     9.7000000       -0.02767716        0.01455530
     9.7500000       -0.02935912        0.01593887
     9.8000000       -0.03638157        0.01740175
     9.8500000       -0.05083115        0.01962700
     9.9000000       -0.06611966        0.02114158
     9.9500000       -0.07129817        0.02636103
    10.0000000       -0.06833722        0.03048555
    10.0500000       -0.01968056        0.02199593
    10.1000000       -0.00213163        0.03318305
    10.1500000        0.00647589        0.02706209
    10.2000000        0.00831648        0.02640239
    10.2500000        0.01363439        0.02449360
    10.3000000        0.01812206        0.02277219
    10.3500000        0.02921714        0.01728167
    10.4000000        0.03003679        0.01611251
    10.4500000        0.02792209        0.01693981
    10.5000000        0.04089664        0.01824279
    10.5500000        0.03975537        0.01605912
    10.6000000        0.03382198        0.01501975
    10.6500000        0.01974002        0.01587158
    10.7000000        0.01367511        0.01562166
    10.7500000        0.00631246        0.01563455
    10.8000000       -0.00469288        0.01634024
    10.8500000        0.00237069        0.01726373
    10.9000000        0.00610012        0.01688777
    10.9500000        0.01112201        0.02022447
    11.0000000        0.01065291        0.01968567
    11.0500000        0.01758552        0.01809314
    11.1000000        0.02938704        0.01339876
    11.1500000        0.03150345        0.01739376
    11.2000000        0.02459188        0.01738028
    11.2500000        0.02098963        0.01933098
    11.3000000        0.01441460        0.01896300
    11.3500000        0.00986917        0.01765704
    11.4000000        0.00246948        0.01459854
    11.4500000        0.00053549        0.01222398
    11.5000000       -0.00367420        0.01226409
    11.5500000       -0.00275697        0.01347377
    11.6000000       -0.00152993        0.01194077
    11.6500000       -0.00759423        0.01227328
    11.7000000        0.00020417        0.01396881
    11.7500000       -0.00645180        0.01488039
    11.8000000       -0.00263912        0.01655578
    11.8500000        0.00082426        0.01872546
    11.9000000        0.00057336        0.01974976
    11.9500000        0.00977571        0.01833615
    12.0000000        0.00705266        0.01183149
    12.0500000        0.00788233        0.01275389
    12.1000000        0.01280570        0.01532667
    12.1500000        0.01721359        0.01737623
    12.2000000        0.02784962        0.01703519
    12.2500000        0.02563060        0.01608792
    12.3000000        0.02118947        0.01612262
    12.3500000        0.02022924        0.01613197
    12.4000000        0.00684390        0.01271345
    12.4500000       -0.00052654        0.01277847
    12.5000000        0.00041813        0.01358050
    12.5500000        0.00127128        0.01529503
    12.6000000        0.00243393        0.01615327
    12.6500000        0.00916631        0.01774517
    12.7000000        0.00523326        0.01836092
    12.7500000        0.01009630        0.01981211
    12.8000000        0.01840490        0.01800119
    12.8500000        0.02641640        0.01599508
    12.9000000        0.02893612        0.02329460
    12.9500000        0.02163837        0.02130440
    13.0000000        0.02866967        0.02383145
    13.0500000        0.02525628        0.02382341
    13.1000000        0.02883403        0.02170618
    13.1500000        0.02139486        0.01850567
    13.2000000        0.02273886        0.01967685
    13.2500000        0.03457897        0.01835832
    13.3000000        0.02783353        0.01406425
    13.3500000        0.03545266        0.01938391
    13.4000000        0.02520331        0.01081887
    13.4500000        0.03008453        0.01069441
    13.5000000        0.02853141        0.01293091
    13.5500000        0.02819626        0.01044002
    13.6000000        0.03516358        0.00981430
    13.6500000        0.03403362        0.00933612
    13.7000000        0.02738073        0.01297617
    13.7500000        0.02587188        0.01459478
    13.8000000        0.02572599        0.01198574
    13.8500000        0.03000576        0.01508862
    13.9000000        0.02399482        0.01916475
    13.9500000        0.01599840        0.01913575
    14.0000000        0.00697176        0.01909607
    14.0500000       -0.00437655        0.02185305
    14.1000000        0.00381946        0.02011431
    14.1500000        0.00865686        0.01944043
    14.2000000        0.01901395        0.01609801
    14.2500000        0.02039092        0.01818586
    14.3000000        0.03052888        0.01885575
    14.3500000        0.01921062        0.02109526
    14.4000000        0.02394961        0.01796284
    14.4500000        0.02996342        0.01827307
    14.5000000        0.03004709        0.01636399
    14.5500000        0.02642896        0.01426308
    14.6000000        0.02136060        0.01745881
    14.6500000        0.01944009        0.01999759
    14.7000000        0.01820525        0.02721046
    14.7500000        0.03324965        0.01647793
    14.8000000        0.03143852        0.01442019
    14.8500000        0.00725621        0.01168526
    14.9000000        0.00509893        0.01033157
    14.9500000        0.01556204        0.01197625
    15.0000000        0.02082373        0.01522184
    15.0500000        0.02500147        0.01995686
    15.1000000        0.02248974        0.01660958
    15.1500000        0.02774540        0.01724059
    15.2000000        0.02681113        0.02056981
    15.2500000        0.01745425        0.01942403
    15.3000000        0.02084883        0.02261689
    15.3500000        0.02466777        0.02264462
    15.4000000        0.02446145        0.02106244
    15.4500000        0.03108948        0.02244515
    15.5000000        0.02971674        0.02426260
    15.5500000        0.02534452        0.02715833
    15.6000000        0.01960881        0.02743650
    15.6500000        0.00536818        0.03235353
    15.7000000        0.00805753        0.03238739
    15.7500000        0.02009809        0.03093733
    15.8000000        0.00773886        0.02246597
    15.8500000        0.01265793        0.02056925
    15.9000000        0.02942587        0.02511417
    15.9500000        0.03902800        0.03113151
    16.0000000        0.05278685        0.03477937
    16.0500000        0.03369769        0.03710221
    16.1000000        0.01887321        0.03432712
    16.1500000        0.02314487        0.02953826
    16.2000000        0.01902342        0.03247531
    16.2500000        0.01025120        0.03419586
    16.3000000        0.01047338        0.03557750
    16.3500000        0.01533725        0.03478391
    16.4000000        0.01509312        0.03513652
    16.4500000        0.00405695        0.03368984
    16.5000000       -0.00569078        0.03489673
    16.5500000       -0.00490627        0.02744979
    16.6000000        0.00961818        0.02396663
    16.6500000        0.01150119        0.02012287
    16.7000000        0.01125142        0.02224663
    16.7500000        0.02216188        0.02568783
    16.8000000        0.04131472        0.02777365
    16.8500000        0.03469675        0.03073607
    16.9000000        0.03891927        0.03542677
    16.9500000        0.04815734        0.04366401
    17.0000000        0.04742133        0.04647375
    17.0500000        0.04635395        0.03611138
    17.1000000        0.03745186        0.03051545
    17.1500000        0.02767659        0.02442379
    17.2000000        0.02336894        0.02207613
    17.2500000        0.01514473        0.02441338
    17.3000000        0.03355084        0.02548886
    17.3500000        0.03120603        0.02717335
    17.4000000        0.04481064        0.02449811
    17.4500000        0.03350769        0.02720284
    17.5000000        0.03488233        0.01752314
    17.5500000        0.05666972        0.01775285
    17.6000000        0.05979829        0.02523678
    17.6500000        0.05508175        0.02383190
    17.7000000        0.04297369        0.01884857
    17.7500000        0.02608965        0.01819589
    17.8000000        0.03413183        0.01743665
    17.8500000        0.04201063        0.02568649
    17.9000000        0.02741685        0.03418113
    17.9500000        0.02621106        0.03646572
    18.0000000        0.03757183        0.03527529
    18.0500000        0.01755434        0.03510227
    18.1000000        0.01374322        0.03765373
    18.1500000        0.01114827        0.03803472
    18.2000000        0.01288115        0.03709517
    18.2500000        0.00419932        0.03738750
    18.3000000        0.00526923        0.03909420
    18.3500000       -0.00249085        0.03573340
    18.4000000       -0.00668304        0.03658279
    18.4500000       -0.00815814        0.04105779
    18.5000000        0.00135691        0.03889882
    18.5500000        0.00829975        0.03892306
    18.6000000        0.01214077        0.04232056
    18.6500000        0.00138445        0.04794238
    18.7000000       -0.01041411        0.05249070
    18.7500000       -0.00735430        0.04227085
    18.8000000        0.00617394        0.04115224
    18.8500000        0.01724721        0.03799387
    18.9000000        0.02235660        0.04218550
    18.9500000        0.04373482        0.03849123
    19.0000000        0.05845735        0.04016128
    19.0500000        0.09113371        0.04158080
    19.1000000        0.10743738        0.04795809
    19.1500000        0.16839253        0.05264759
    19.2000000        0.18868542        0.05681217
    19.2500000        0.20166235        0.06255320
    19.3000000        0.23288776        0.05945700
    19.3500000        0.26637981        0.06020890
    19.4000000        0.31189783        0.05603719
    19.4500000        0.36682126        0.05220439
    19.5000000        0.43917475        0.05582859
    19.5500000        0.51411131        0.05516746
    19.6000000        0.62568988        0.05207322
    19.6500000        0.73690262        0.05202147
    19.7000000        0.89964508        0.05326144
    19.7500000        1.12423081        0.05612051
    19.8000000        1.36394166        0.05615079
    19.8500000        1.65683079        0.04837799
    19.9000000        2.05773105        0.04002915
    19.9500000        2.51643661        0.04982503
    20.0000000        3.14016522        0.05919444
