     0.0000000        1.00283618        0.00484284
     0.1000000        0.88305778        0.00482054
     0.2000000        0.79099972        0.00465602
     0.3000000        0.71598327        0.00414596
     0.4000000        0.64681070        0.00427292
     0.5000000        0.59359377        0.00453404
     0.6000000        0.54897925        0.00413869
     0.7000000        0.50640890        0.00456398
     0.8000000        0.47001310        0.00466474
     0.9000000        0.43736488        0.00446002
     1.0000000        0.40986978        0.00408212
     1.1000000        0.38156941        0.00423207
     1.2000000        0.35587072        0.00466016
     1.3000000        0.33309106        0.00475601
     1.4000000        0.31482751        0.00457192
     1.5000000        0.30149983        0.00436219
     1.6000000        0.28806119        0.00391926
     1.7000000        0.27096577        0.00399799
     1.8000000        0.25865321        0.00393309
     1.9000000        0.24415988        0.00375371
     2.0000000        0.23945392        0.00355665
     2.1000000        0.23469145        0.00436024
     2.2000000        0.22696415        0.00404296
     2.3000000        0.22457064        0.00455960
     2.4000000        0.22353801        0.00478357
     2.5000000        0.22224824        0.00475898
     2.6000000        0.22309069        0.00450091
     2.7000000        0.22714431        0.00408822
     2.8000000        0.23061325        0.00425338
     2.9000000        0.23347336        0.00483593
     3.0000000        0.23939425        0.00429658
     3.1000000        0.24578864        0.00471756
     3.2000000        0.25426702        0.00479726
     3.3000000        0.26464881        0.00582964
     3.4000000        0.27705176        0.00581501
     3.5000000        0.29407185        0.00589747
     3.6000000        0.31051221        0.00614135
     3.7000000        0.33213878        0.00558071
     3.8000000        0.35521229        0.00541685
     3.9000000        0.38085936        0.00531206
     4.0000000        0.40765572        0.00517724
     4.1000000        0.43637982        0.00485003
     4.2000000        0.46816368        0.00463397
     4.3000000        0.50298353        0.00534659
     4.4000000        0.54549891        0.00482549
     4.5000000        0.59369640        0.00453535
     4.6000000        0.65097278        0.00492343
     4.7000000        0.71737204        0.00475303
     4.8000000        0.78924994        0.00484930
     4.9000000        0.87825168        0.00459799
     5.0000000        0.99716382        0.00484284
