     0.0000000        0.15706213        0.00255977
     0.1000000        0.10511375        0.00234054
     0.2000000        0.07069029        0.00207330
     0.3000000        0.04756140        0.00198781
     0.4000000        0.03227231        0.00157448
     0.5000000        0.02215645        0.00112960
     0.6000000        0.01518592        0.00099589
     0.7000000        0.01078589        0.00071757
     0.8000000        0.00760104        0.00054357
     0.9000000        0.00512821        0.00044281
     1.0000000        0.00350112        0.00038764
     1.1000000        0.00241892        0.00034186
     1.2000000        0.00174683        0.00027476
     1.3000000        0.00120631        0.00021858
     1.4000000        0.00085555        0.00023800
     1.5000000        0.00055445        0.00024313
     1.6000000        0.00044333        0.00023264
     1.7000000        0.00037904        0.00021194
     1.8000000        0.00032994        0.00018483
     1.9000000        0.00014358        0.00016138
     2.0000000        0.00007438        0.00015669
     2.1000000       -0.00000524        0.00016358
     2.2000000       -0.00002356        0.00014490
     2.3000000       -0.00003534        0.00012019
     2.4000000       -0.00001661        0.00010308
     2.5000000        0.00000684        0.00009482
     2.6000000        0.00000269        0.00008540
     2.7000000        0.00001872        0.00008287
     2.8000000        0.00002484        0.00008488
     2.9000000       -0.00000037        0.00007281
     3.0000000       -0.00000632        0.00007689
     3.1000000        0.00000315        0.00008162
     3.2000000        0.00001053        0.00006683
     3.3000000        0.00002356        0.00005455
     3.4000000        0.00001997        0.00005611
     3.5000000       -0.00001432        0.00004522
     3.6000000       -0.00003663        0.00006050
     3.7000000       -0.00007514        0.00007128
     3.8000000       -0.00007663        0.00006376
     3.9000000       -0.00005780        0.00004721
     4.0000000       -0.00003454        0.00004217
     4.1000000       -0.00000846        0.00004012
     4.2000000        0.00000676        0.00004027
     4.3000000        0.00003117        0.00004478
     4.4000000        0.00003507        0.00004043
     4.5000000        0.00003511        0.00003513
     4.6000000        0.00002844        0.00002881
     4.7000000        0.00001377        0.00002251
     4.8000000        0.00002088        0.00002579
     4.9000000        0.00001917        0.00003614
     5.0000000        0.00001186        0.00003584
     5.1000000        0.00000442        0.00004376
     5.2000000       -0.00001654        0.00005000
     5.3000000       -0.00002200        0.00006294
     5.4000000       -0.00002646        0.00005622
     5.5000000        0.00001250        0.00003852
     5.6000000        0.00002215        0.00003277
     5.7000000        0.00002085        0.00003153
     5.8000000        0.00004758        0.00002853
     5.9000000        0.00006395        0.00003590
     6.0000000        0.00009430        0.00004835
     6.1000000        0.00012084        0.00007754
     6.2000000        0.00018939        0.00015533
     6.3000000        0.00017898        0.00016874
     6.4000000        0.00013415        0.00015330
     6.5000000        0.00006459        0.00011788
     6.6000000        0.00006753        0.00011861
     6.7000000        0.00009813        0.00013256
     6.8000000        0.00012216        0.00014977
     6.9000000        0.00009716        0.00014458
     7.0000000        0.00017120        0.00021256
     7.1000000        0.00020010        0.00022419
     7.2000000        0.00012941        0.00020595
     7.3000000        0.00002159        0.00018474
     7.4000000        0.00004066        0.00020171
     7.5000000       -0.00008941        0.00018257
     7.6000000       -0.00042196        0.00028612
     7.7000000       -0.00070155        0.00052717
     7.8000000       -0.00088366        0.00074531
     7.9000000       -0.00102577        0.00093208
     8.0000000       -0.00101860        0.00104984
     8.1000000       -0.00083494        0.00096050
     8.2000000       -0.00078243        0.00106480
     8.3000000       -0.00063407        0.00108370
     8.4000000       -0.00053764        0.00096594
     8.5000000       -0.00038339        0.00095345
     8.6000000       -0.00003566        0.00078067
     8.7000000        0.00020193        0.00070803
     8.8000000       -0.00006252        0.00123660
     8.9000000        0.00002454        0.00178562
     9.0000000        0.00063476        0.00166166
     9.1000000        0.00184856        0.00202593
     9.2000000        0.00421944        0.00238076
     9.3000000        0.00746310        0.00260682
     9.4000000        0.01119384        0.00334608
     9.5000000        0.01864629        0.00349132
     9.6000000        0.02906531        0.00370657
     9.7000000        0.04468519        0.00371841
     9.8000000        0.06892422        0.00307070
     9.9000000        0.10434205        0.00279227
    10.0000000        0.15706213        0.00255977
