     0.0000000        0.25672395        0.00906787
     0.1000000        0.12181680        0.00364989
     0.2000000        0.06844905        0.02056473
     0.3000000        0.04105796        0.03160301
     0.4000000        0.02104413        0.02850824
     0.5000000        0.01506745        0.01717242
     0.6000000        0.02018731        0.01638710
     0.7000000        0.01537530        0.01459250
     0.8000000        0.01635932        0.00701580
     0.9000000        0.00394827        0.00595425
     1.0000000       -0.00236964        0.00430469
     1.1000000       -0.01125067        0.00597321
     1.2000000       -0.01464430        0.00682696
     1.3000000       -0.01412135        0.00406242
     1.4000000       -0.01540342        0.01191536
     1.5000000       -0.00915742        0.01826129
     1.6000000       -0.00680583        0.01928024
     1.7000000        0.00305248        0.01779776
     1.8000000        0.00984942        0.01097017
     1.9000000        0.01536003        0.00840893
     2.0000000        0.01194704        0.00639367
     2.1000000        0.01260518        0.01260400
     2.2000000        0.01459571        0.01907422
     2.3000000        0.00978920        0.01256720
     2.4000000        0.00572723        0.01140626
     2.5000000        0.01064394        0.00649767
     2.6000000        0.00720349        0.00726118
     2.7000000        0.00674147        0.00742316
     2.8000000        0.00835239        0.00661685
     2.9000000        0.00902972        0.00913453
     3.0000000        0.00305815        0.00945066
     3.1000000       -0.00251447        0.01067652
     3.2000000       -0.00193104        0.01318829
     3.3000000        0.00162597        0.01315411
     3.4000000       -0.00041517        0.01572881
     3.5000000       -0.00560126        0.01339893
     3.6000000       -0.00359250        0.00831635
     3.7000000       -0.00587632        0.00470770
     3.8000000       -0.00479524        0.00120422
     3.9000000       -0.00688202        0.00282063
     4.0000000       -0.00352852        0.00928646
     4.1000000       -0.00234965        0.00697861
     4.2000000       -0.00063575        0.00388794
     4.3000000        0.00304218        0.00020891
     4.4000000        0.00304468        0.00474436
     4.5000000        0.00522751        0.00173248
     4.6000000        0.00235410        0.00070874
     4.7000000       -0.00035610        0.00149460
     4.8000000       -0.00087394        0.00488653
     4.9000000       -0.00558572        0.00882300
     5.0000000       -0.00963144        0.00833724
     5.1000000       -0.01389779        0.00358599
     5.2000000       -0.02059438        0.00167291
     5.3000000       -0.01587518        0.00446404
     5.4000000       -0.01351596        0.00677640
     5.5000000       -0.01172648        0.00810012
     5.6000000       -0.00532019        0.00570530
     5.7000000       -0.00626848        0.00665007
     5.8000000       -0.00653839        0.01618330
     5.9000000       -0.00996292        0.01928943
     6.0000000       -0.00535918        0.01983138
     6.1000000       -0.00433507        0.02104582
     6.2000000       -0.00266891        0.01919740
     6.3000000        0.00063837        0.01781023
     6.4000000        0.00098138        0.01271196
     6.5000000        0.00121038        0.01589740
     6.6000000        0.00164932        0.00868209
     6.7000000       -0.00227596        0.00423702
     6.8000000       -0.00877293        0.00494596
     6.9000000       -0.01074334        0.00237193
     7.0000000       -0.01386292        0.00254865
     7.1000000       -0.01658765        0.00765456
     7.2000000       -0.01423719        0.00814681
     7.3000000       -0.01225607        0.00416065
     7.4000000       -0.00048621        0.00064721
     7.5000000       -0.00054204        0.00005654
     7.6000000       -0.00566597        0.00399458
     7.7000000       -0.00690941        0.01422319
     7.8000000       -0.00820438        0.00680320
     7.9000000       -0.00901472        0.00204319
     8.0000000       -0.01015647        0.00440625
     8.1000000       -0.00999167        0.00293786
     8.2000000       -0.00910876        0.00620845
     8.3000000       -0.01198470        0.00778882
     8.4000000       -0.01226343        0.00472138
     8.5000000       -0.01053826        0.00743791
     8.6000000       -0.00516748        0.01086908
     8.7000000       -0.00430765        0.00881628
     8.8000000       -0.00187860        0.00123192
     8.9000000       -0.00698061        0.00367103
     9.0000000       -0.01072638        0.00159022
     9.1000000       -0.01721704        0.00171228
     9.2000000       -0.02252641        0.00583052
     9.3000000       -0.01919053        0.00678482
     9.4000000       -0.02482392        0.00149420
     9.5000000       -0.02215263        0.00095853
     9.6000000       -0.01840945        0.00822070
     9.7000000        0.00077572        0.00294155
     9.8000000        0.02845509        0.00414328
     9.9000000        0.09635541        0.00279605
    10.0000000        0.25672395        0.00906787
