     0.0000000    -2584.92668102        0.01499932
     0.1000000    -2584.92668102        0.01499932
     0.2000000    -2584.92668102        0.01499932
     0.3000000    -2584.92668102        0.01499932
     0.4000000    -2584.92668102        0.01499932
     0.5000000    -2584.92668102        0.01499932
     0.6000000    -2584.92668102        0.01499932
     0.7000000    -2584.92668102        0.01499932
     0.8000000    -2584.92668102        0.01499932
     0.9000000    -2584.92668102        0.01499932
     1.0000000    -2584.92668102        0.01499932
     1.1000000    -2584.92668102        0.01499932
     1.2000000    -2584.92668102        0.01499932
     1.3000000    -2584.92668102        0.01499932
     1.4000000    -2584.92668102        0.01499932
     1.5000000    -2584.92668102        0.01499932
     1.6000000    -2584.92668102        0.01499932
     1.7000000    -2584.92668102        0.01499932
     1.8000000    -2584.92668102        0.01499932
     1.9000000    -2584.92668102        0.01499932
     2.0000000    -2584.92668102        0.01499932
     2.1000000    -2584.92668102        0.01499932
     2.2000000    -2584.92668102        0.01499932
     2.3000000    -2584.92668102        0.01499932
     2.4000000    -2584.92668102        0.01499932
     2.5000000    -2584.92668102        0.01499932
     2.6000000    -2584.92668102        0.01499932
     2.7000000    -2584.92668102        0.01499932
     2.8000000    -2584.92668102        0.01499932
     2.9000000    -2584.92668102        0.01499932
     3.0000000    -2584.92668102        0.01499932
     3.1000000    -2584.92668102        0.01499932
     3.2000000    -2584.92668102        0.01499932
     3.3000000    -2584.92668102        0.01499932
     3.4000000    -2584.92668102        0.01499932
     3.5000000    -2584.92668102        0.01499932
     3.6000000    -2584.92668102        0.01499932
     3.7000000    -2584.92668102        0.01499932
     3.8000000    -2584.92668102        0.01499932
     3.9000000    -2584.92668102        0.01499932
     4.0000000    -2584.92668102        0.01499932
     4.1000000    -2584.92668102        0.01499932
     4.2000000    -2584.92668102        0.01499932
     4.3000000    -2584.92668102        0.01499932
     4.4000000    -2584.92668102        0.01499932
     4.5000000    -2584.92668102        0.01499932
     4.6000000    -2584.92668102        0.01499932
     4.7000000    -2584.92668102        0.01499932
     4.8000000    -2584.92668102        0.01499932
     4.9000000    -2584.92668102        0.01499932
     5.0000000    -2584.92668102        0.01499932
