     0.0000000        3.23799850        0.08434353
     0.1000000        3.01956762        0.09087913
     0.2000000        2.85737383        0.08222817
     0.3000000        2.71740990        0.08081985
     0.4000000        2.59310187        0.07585836
     0.5000000        2.48473557        0.05031552
     0.6000000        2.39362552        0.04007822
     0.7000000        2.31640368        0.04799321
     0.8000000        2.24348831        0.06563606
     0.9000000        2.18445931        0.07871871
     1.0000000        2.14146540        0.08895469
     1.1000000        2.09757105        0.10910065
     1.2000000        2.06589865        0.13514342
     1.3000000        2.03721488        0.15935624
     1.4000000        2.01237748        0.18083620
     1.5000000        1.98389237        0.19061116
     1.6000000        1.95178166        0.20108395
     1.7000000        1.93959337        0.20320580
     1.8000000        1.92428625        0.19865710
     1.9000000        1.90124322        0.18502198
     2.0000000        1.89046783        0.17420903
     2.1000000        1.87309305        0.16856358
     2.2000000        1.86347589        0.16370088
     2.3000000        1.84263948        0.16368699
     2.4000000        1.81635902        0.16636803
     2.5000000        1.80304782        0.17510355
     2.6000000        1.78334166        0.16955623
     2.7000000        1.77243237        0.15922225
     2.8000000        1.75780624        0.15291888
     2.9000000        1.74307876        0.14373163
     3.0000000        1.73446414        0.13570352
     3.1000000        1.72944385        0.11773811
     3.2000000        1.70441905        0.10814526
     3.3000000        1.69563517        0.09798842
     3.4000000        1.69242693        0.09841899
     3.5000000        1.67420257        0.09042890
     3.6000000        1.65302115        0.09803578
     3.7000000        1.64611928        0.11619941
     3.8000000        1.64485259        0.12819839
     3.9000000        1.64557846        0.14399727
     4.0000000        1.64288324        0.14374712
     4.1000000        1.63552773        0.12725022
     4.2000000        1.62698789        0.13253661
     4.3000000        1.62281570        0.12547456
     4.4000000        1.62961622        0.11906910
     4.5000000        1.63013573        0.13467772
     4.6000000        1.61574001        0.14691714
     4.7000000        1.60779889        0.15163381
     4.8000000        1.60522642        0.15174591
     4.9000000        1.59058439        0.14548845
     5.0000000        1.57547846        0.14113490
     5.1000000        1.56583691        0.13782299
     5.2000000        1.55813420        0.14120395
     5.3000000        1.54728336        0.12380328
     5.4000000        1.54299527        0.11221663
     5.5000000        1.54327329        0.09703331
     5.6000000        1.55184553        0.09034171
     5.7000000        1.55626259        0.08510289
     5.8000000        1.55262996        0.06787314
     5.9000000        1.55451725        0.04714654
     6.0000000        1.55688829        0.04656372
     6.1000000        1.55886309        0.05183593
     6.2000000        1.55980282        0.05798374
     6.3000000        1.55992049        0.06063846
     6.4000000        1.56050730        0.06935477
     6.5000000        1.56103217        0.07346893
     6.6000000        1.57075182        0.07390967
     6.7000000        1.57935479        0.08163352
     6.8000000        1.59709905        0.09659076
     6.9000000        1.61015442        0.10783781
     7.0000000        1.63161421        0.10876906
     7.1000000        1.65712674        0.11417488
     7.2000000        1.66729630        0.12302521
     7.3000000        1.66828744        0.12176519
     7.4000000        1.67239469        0.12773035
     7.5000000        1.68186976        0.12651379
     7.6000000        1.69015633        0.12306159
     7.7000000        1.71034292        0.11729006
     7.8000000        1.72398007        0.10024183
     7.9000000        1.73697254        0.09306349
     8.0000000        1.75727695        0.09644354
     8.1000000        1.76374595        0.11194020
     8.2000000        1.77452286        0.11620606
     8.3000000        1.78743737        0.11564680
     8.4000000        1.82403358        0.11881778
     8.5000000        1.85236585        0.11521510
     8.6000000        1.89291850        0.13159674
     8.7000000        1.93867998        0.13953396
     8.8000000        1.99363498        0.13106517
     8.9000000        2.04305635        0.11271804
     9.0000000        2.08303490        0.10519826
     9.1000000        2.13071458        0.09325060
     9.2000000        2.20423369        0.09064782
     9.3000000        2.29370021        0.08963154
     9.4000000        2.38241632        0.08950937
     9.5000000        2.45957768        0.08963680
     9.6000000        2.55569209        0.09068673
     9.7000000        2.67882671        0.08543659
     9.8000000        2.83600134        0.08222644
     9.9000000        3.02055839        0.08646897
    10.0000000        3.23799850        0.08434353
