     0.0000000        0.81272138        0.03202522
     0.1000000        0.60455878        0.06186506
     0.2000000        0.52191630        0.03861932
     0.3000000        0.47197005        0.03424262
     0.4000000        0.41933734        0.03094780
     0.5000000        0.35774445        0.03106143
     0.6000000        0.32586816        0.06236927
     0.7000000        0.23950568        0.06344923
     0.8000000        0.30689129        0.09265162
     0.9000000        0.27220791        0.06027256
     1.0000000        0.14414080        0.04459489
     1.1000000        0.13870642        0.14354390
     1.2000000        0.19244659        0.17995411
     1.3000000        0.12553641        0.10854095
     1.4000000        0.08987646        0.02603790
     1.5000000        0.10785133        0.04158443
     1.6000000        0.08035446        0.02012154
     1.7000000        0.07753860        0.03381176
     1.8000000        0.00327492        0.03141191
     1.9000000       -0.01545604        0.04100100
     2.0000000       -0.02378561        0.04368902
     2.1000000       -0.06159932        0.04491012
     2.2000000       -0.02765103        0.02000376
     2.3000000       -0.02267212        0.04523040
     2.4000000        0.05730564        0.06030971
     2.5000000       -0.03058650        0.09395973
     2.6000000        0.04950842        0.05010845
     2.7000000        0.01881525        0.07204748
     2.8000000        0.40948621        0.38252613
     2.9000000        0.15851071        0.14841035
     3.0000000        0.05704047        0.06552700
     3.1000000        0.03942046        0.03323520
     3.2000000        0.08834381        0.07628748
     3.3000000        0.03945600        0.03420112
     3.4000000        0.02773200        0.01100647
     3.5000000       -0.00490045        0.01807799
     3.6000000        0.01573858        0.02448858
     3.7000000        0.01392040        0.02953155
     3.8000000       -0.02916491        0.01187035
     3.9000000       -0.10920208        0.08077477
     4.0000000       -0.01668466        0.02574180
     4.1000000       -0.01971388        0.03568655
     4.2000000       -0.04866722        0.03362409
     4.3000000       -0.03828298        0.03221146
     4.4000000        0.00705195        0.03008935
     4.5000000       -0.05161262        0.02137142
     4.6000000       -0.03030028        0.01778469
     4.7000000       -0.01201158        0.02766707
     4.8000000       -0.14848635        0.16471819
     4.9000000       -0.00668154        0.04765643
     5.0000000       -0.09444110        0.08990538
     5.1000000       -0.02517393        0.04707008
     5.2000000        0.15726922        0.13109868
     5.3000000        0.06821568        0.05822038
     5.4000000        0.12023243        0.10722601
     5.5000000        0.03758308        0.04283806
     5.6000000        0.09342589        0.11675500
     5.7000000        0.17370389        0.26741634
     5.8000000       -0.03688776        0.08655332
     5.9000000       -0.06747216        0.05620274
     6.0000000        0.08391694        0.04071353
     6.1000000        0.00740226        0.05810343
     6.2000000        0.02049236        0.04121020
     6.3000000       -0.01779206        0.03894338
     6.4000000       -0.01084414        0.04565053
     6.5000000       -0.00538708        0.06824864
     6.6000000       -0.00493495        0.05854815
     6.7000000       -0.02890545        0.06183197
     6.8000000        0.17579237        0.10683074
     6.9000000       -0.05407528        0.05456970
     7.0000000       -0.01857228        0.04334942
     7.1000000        0.07522173        0.09552375
     7.2000000        0.33928937        0.28373179
     7.3000000        0.23255633        0.17971952
     7.4000000        0.12526089        0.10944788
     7.5000000       -0.75183263        0.85367232
     7.6000000        0.01631350        0.07611907
     7.7000000        0.17819575        0.17148537
     7.8000000        0.12340880        0.09352527
     7.9000000        0.04484300        0.04318070
     8.0000000        0.02470326        0.06188795
     8.1000000       -0.02379125        0.05782365
     8.2000000       -0.03718535        0.12990160
     8.3000000        0.02817102        0.05201995
     8.4000000        0.07135564        0.06224789
     8.5000000        0.15383051        0.06376334
     8.6000000        0.24413970        0.14189475
     8.7000000        0.47708443        0.21578117
     8.8000000        0.57368087        0.29867032
     8.9000000        0.28454979        0.11244534
     9.0000000        0.27625348        0.07185811
     9.1000000        0.31676745        0.11293654
     9.2000000        0.24350926        0.05541947
     9.3000000        0.20148493        0.04122386
     9.4000000        0.24835150        0.04105723
     9.5000000        0.21804508        0.07906620
     9.6000000        0.32667411        0.05415258
     9.7000000        0.49101567        0.03987745
     9.8000000        0.51452820        0.04898450
     9.9000000        0.61249410        0.06254369
    10.0000000        0.81272138        0.03202522
