     0.0000000        1.85273287        0.00461610
     0.1000000        1.45370796        0.00406399
     0.2000000        1.14611354        0.00405446
     0.3000000        0.91131065        0.00451406
     0.4000000        0.72671013        0.00406809
     0.5000000        0.58377887        0.00389005
     0.6000000        0.46945558        0.00461858
     0.7000000        0.38003546        0.00409876
     0.8000000        0.30503020        0.00426575
     0.9000000        0.24264197        0.00449815
     1.0000000        0.19640729        0.00365528
     1.1000000        0.16083147        0.00322493
     1.2000000        0.13262493        0.00294041
     1.3000000        0.10964358        0.00319583
     1.4000000        0.09060047        0.00274054
     1.5000000        0.07469355        0.00308029
     1.6000000        0.05743299        0.00309896
     1.7000000        0.04703462        0.00313196
     1.8000000        0.03944602        0.00269248
     1.9000000        0.03198827        0.00245667
     2.0000000        0.02449923        0.00169655
     2.1000000        0.02018573        0.00284730
     2.2000000        0.01892002        0.00334111
     2.3000000        0.01568474        0.00302182
     2.4000000        0.01406165        0.00259682
     2.5000000        0.01029655        0.00308118
     2.6000000        0.01214477        0.00379786
     2.7000000        0.00807501        0.00361370
     2.8000000        0.00799682        0.00348274
     2.9000000        0.00618762        0.00288658
     3.0000000        0.00565562        0.00275890
     3.1000000        0.00301336        0.00280872
     3.2000000        0.00298863        0.00265197
     3.3000000        0.00113099        0.00351752
     3.4000000        0.00461815        0.00324039
     3.5000000        0.00453425        0.00231082
     3.6000000        0.00542951        0.00217066
     3.7000000        0.00436890        0.00227896
     3.8000000        0.00540117        0.00174553
     3.9000000        0.00285225        0.00244773
     4.0000000        0.00150969        0.00220850
     4.1000000        0.00430540        0.00225488
     4.2000000        0.00392471        0.00254033
     4.3000000        0.00325002        0.00299500
     4.4000000        0.00293042        0.00261745
     4.5000000        0.00325867        0.00289905
     4.6000000        0.00520657        0.00219494
     4.7000000        0.00160509        0.00269571
     4.8000000       -0.00062125        0.00308645
     4.9000000        0.00062594        0.00272798
     5.0000000       -0.00246936        0.00281833
     5.1000000       -0.00351987        0.00265678
     5.2000000       -0.00337348        0.00255222
     5.3000000       -0.00196107        0.00272139
     5.4000000       -0.00096515        0.00225592
     5.5000000        0.00147999        0.00279208
     5.6000000        0.00044273        0.00299649
     5.7000000        0.00220263        0.00262056
     5.8000000        0.00244814        0.00243752
     5.9000000       -0.00332644        0.00250142
     6.0000000       -0.00329621        0.00279850
     6.1000000       -0.00128174        0.00288215
     6.2000000       -0.00015670        0.00328238
     6.3000000       -0.00070216        0.00311588
     6.4000000        0.00249978        0.00292156
     6.5000000       -0.00003567        0.00293178
     6.6000000       -0.00029538        0.00282863
     6.7000000       -0.00113365        0.00231714
     6.8000000        0.00083735        0.00203217
     6.9000000        0.00111393        0.00258109
     7.0000000        0.00090661        0.00224774
     7.1000000        0.00006972        0.00302435
     7.2000000       -0.00069793        0.00249688
     7.3000000        0.00149171        0.00301755
     7.4000000       -0.00028708        0.00216690
     7.5000000        0.00124260        0.00176128
     7.6000000       -0.00214020        0.00258543
     7.7000000       -0.00316536        0.00252558
     7.8000000       -0.00204455        0.00317755
     7.9000000       -0.00081897        0.00265815
     8.0000000        0.00052957        0.00280279
     8.1000000        0.00078457        0.00324330
     8.2000000        0.00134388        0.00262684
     8.3000000       -0.00114179        0.00267196
     8.4000000       -0.00176965        0.00334814
     8.5000000       -0.00356494        0.00364708
     8.6000000        0.00016932        0.00324947
     8.7000000        0.00152596        0.00358584
     8.8000000        0.00073328        0.00389526
     8.9000000        0.00957878        0.00350589
     9.0000000        0.01048656        0.00356906
     9.1000000        0.00982642        0.00337857
     9.2000000        0.01269228        0.00272744
     9.3000000        0.01440927        0.00280375
     9.4000000        0.02217487        0.00306644
     9.5000000        0.02915051        0.00314365
     9.6000000        0.03983949        0.00303125
     9.7000000        0.05270959        0.00284018
     9.8000000        0.07515425        0.00300855
     9.9000000        0.10326318        0.00402552
    10.0000000        0.14726713        0.00461610
