     0.0000000        2.00000000        0.00000020
     0.1000000        1.60856266        0.00076071
     0.2000000        1.31343549        0.00093959
     0.3000000        1.08488254        0.00101548
     0.4000000        0.90810361        0.00127226
     0.5000000        0.76697090        0.00145829
     0.6000000        0.65198052        0.00098851
     0.7000000        0.55972590        0.00106151
     0.8000000        0.48263860        0.00103131
     0.9000000        0.41856941        0.00093590
     1.0000000        0.36560436        0.00077930
     1.1000000        0.32056585        0.00084311
     1.2000000        0.28238249        0.00102804
     1.3000000        0.24910745        0.00086336
     1.4000000        0.22241014        0.00102834
     1.5000000        0.19813515        0.00105150
     1.6000000        0.17720873        0.00101705
     1.7000000        0.15918303        0.00090290
     1.8000000        0.14298833        0.00076241
     1.9000000        0.12941952        0.00078879
     2.0000000        0.11738690        0.00047588
     2.1000000        0.10641378        0.00064900
     2.2000000        0.09773137        0.00077931
     2.3000000        0.08929076        0.00083992
     2.4000000        0.08210159        0.00080973
     2.5000000        0.07429835        0.00073875
     2.6000000        0.06813767        0.00065834
     2.7000000        0.06338772        0.00077516
     2.8000000        0.05886293        0.00088135
     2.9000000        0.05487973        0.00112205
     3.0000000        0.05095836        0.00094221
     3.1000000        0.04787260        0.00084417
     3.2000000        0.04466794        0.00074950
     3.3000000        0.04157643        0.00068870
     3.4000000        0.03961164        0.00084556
     3.5000000        0.03742786        0.00093930
     3.6000000        0.03483024        0.00094550
     3.7000000        0.03337158        0.00102571
     3.8000000        0.03202742        0.00088566
     3.9000000        0.03056302        0.00110203
     4.0000000        0.02931583        0.00080398
     4.1000000        0.02815797        0.00059926
     4.2000000        0.02693646        0.00073940
     4.3000000        0.02537072        0.00084412
     4.4000000        0.02475107        0.00086868
     4.5000000        0.02442702        0.00066639
     4.6000000        0.02386571        0.00063507
     4.7000000        0.02316821        0.00061840
     4.8000000        0.02292118        0.00058249
     4.9000000        0.02261165        0.00055752
     5.0000000        0.02236335        0.00069111
     5.1000000        0.02263995        0.00063121
     5.2000000        0.02249274        0.00060687
     5.3000000        0.02224052        0.00059712
     5.4000000        0.02256818        0.00071331
     5.5000000        0.02332958        0.00078705
     5.6000000        0.02379353        0.00091097
     5.7000000        0.02425914        0.00085484
     5.8000000        0.02510093        0.00084485
     5.9000000        0.02638975        0.00078201
     6.0000000        0.02687633        0.00072596
     6.1000000        0.02888029        0.00064023
     6.2000000        0.03063975        0.00054858
     6.3000000        0.03218208        0.00057698
     6.4000000        0.03385203        0.00070102
     6.5000000        0.03596314        0.00091187
     6.6000000        0.03801802        0.00081277
     6.7000000        0.04052573        0.00092040
     6.8000000        0.04312700        0.00093076
     6.9000000        0.04589930        0.00087660
     7.0000000        0.04957366        0.00076162
     7.1000000        0.05331111        0.00085766
     7.2000000        0.05742898        0.00070266
     7.3000000        0.06195067        0.00073704
     7.4000000        0.06754559        0.00091342
     7.5000000        0.07448269        0.00078698
     7.6000000        0.08176376        0.00074398
     7.7000000        0.08864420        0.00090102
     7.8000000        0.09786299        0.00093141
     7.9000000        0.10719879        0.00102985
     8.0000000        0.11791386        0.00088153
     8.1000000        0.13083192        0.00086898
     8.2000000        0.14456015        0.00085801
     8.3000000        0.16008098        0.00094357
     8.4000000        0.17806406        0.00077667
     8.5000000        0.19920401        0.00076893
     8.6000000        0.22391452        0.00080581
     8.7000000        0.25096059        0.00104791
     8.8000000        0.28358519        0.00113656
     8.9000000        0.32168427        0.00097650
     9.0000000        0.36662857        0.00099869
     9.1000000        0.41886577        0.00087276
     9.2000000        0.48329505        0.00079437
     9.3000000        0.55987512        0.00094688
     9.4000000        0.65314336        0.00105329
     9.5000000        0.76627317        0.00128856
     9.6000000        0.90786172        0.00115604
     9.7000000        1.08548900        0.00117838
     9.8000000        1.31324683        0.00105655
     9.9000000        1.60835226        0.00077955
    10.0000000        2.00000000        0.00000008
