     0.0000000        0.95490624        0.06589244
     0.0500000        0.88306736        0.06841874
     0.1000000        0.81951617        0.07311485
     0.1500000        0.77090621        0.07655382
     0.2000000        0.72261056        0.08504168
     0.2500000        0.68419947        0.09165781
     0.3000000        0.65210497        0.09367921
     0.3500000        0.62059539        0.09653062
     0.4000000        0.59261410        0.10008491
     0.4500000        0.56969307        0.09983820
     0.5000000        0.54482862        0.10120500
     0.5500000        0.51765451        0.10356213
     0.6000000        0.49188644        0.10523817
     0.6500000        0.48115571        0.10488387
     0.7000000        0.47054469        0.10486266
     0.7500000        0.45297925        0.10131220
     0.8000000        0.43419321        0.09889858
     0.8500000        0.41872973        0.09487816
     0.9000000        0.39691755        0.08862784
     0.9500000        0.37329251        0.08587707
     1.0000000        0.35603667        0.08205589
     1.0500000        0.33918949        0.07625600
     1.1000000        0.31868677        0.07282298
     1.1500000        0.29780532        0.07137820
     1.2000000        0.26697755        0.07262770
     1.2500000        0.24487285        0.07456913
     1.3000000        0.23584731        0.07692701
     1.3500000        0.21309583        0.07542825
     1.4000000        0.19040693        0.07349087
     1.4500000        0.16087296        0.07350647
     1.5000000        0.13904590        0.07685708
     1.5500000        0.11870172        0.07867830
     1.6000000        0.09368158        0.07991210
     1.6500000        0.07168909        0.07972029
     1.7000000        0.06671026        0.08233164
     1.7500000        0.05474234        0.08752999
     1.8000000        0.04246247        0.09036157
     1.8500000        0.03829397        0.09122148
     1.9000000        0.01705148        0.09122987
     1.9500000        0.00355477        0.09265150
     2.0000000       -0.00082429        0.09352233
     2.0500000       -0.00007399        0.09283873
     2.1000000       -0.00756053        0.09301137
     2.1500000       -0.00869464        0.09257221
     2.2000000       -0.01267811        0.09039090
     2.2500000       -0.02082610        0.08948941
     2.3000000       -0.03142183        0.09065418
     2.3500000       -0.02883480        0.09246416
     2.4000000       -0.02456992        0.09226450
     2.4500000       -0.02052213        0.09070093
     2.5000000       -0.02476906        0.08862940
     2.5500000       -0.03180585        0.08290485
     2.6000000       -0.03190539        0.08003291
     2.6500000       -0.03675797        0.07772999
     2.7000000       -0.04314418        0.07563756
     2.7500000       -0.04935996        0.07776475
     2.8000000       -0.05108383        0.08073462
     2.8500000       -0.04704139        0.08086989
     2.9000000       -0.04313136        0.07829265
     2.9500000       -0.04690747        0.07598059
     3.0000000       -0.05030795        0.07133103
     3.0500000       -0.05035370        0.06670078
     3.1000000       -0.05095310        0.06329223
     3.1500000       -0.04917898        0.06242111
     3.2000000       -0.05844594        0.06228541
     3.2500000       -0.07584409        0.06209972
     3.3000000       -0.08330817        0.06147018
     3.3500000       -0.08019750        0.06206074
     3.4000000       -0.07827427        0.06187048
     3.4500000       -0.07950080        0.05940661
     3.5000000       -0.07727980        0.06081932
     3.5500000       -0.08431070        0.05855024
     3.6000000       -0.06999080        0.05805042
     3.6500000       -0.05795627        0.05786864
     3.7000000       -0.04304904        0.05956158
     3.7500000       -0.04389638        0.06223051
     3.8000000       -0.04286569        0.06234028
     3.8500000       -0.04410335        0.06391766
     3.9000000       -0.03711262        0.06722162
     3.9500000       -0.02691806        0.06845943
     4.0000000       -0.02586827        0.07162884
     4.0500000       -0.02700277        0.07087623
     4.1000000       -0.02754626        0.07073095
     4.1500000       -0.03061722        0.06771366
     4.2000000       -0.03671749        0.06878402
     4.2500000       -0.03846845        0.07019187
     4.3000000       -0.04975150        0.06980516
     4.3500000       -0.05981731        0.06815432
     4.4000000       -0.08028112        0.06538202
     4.4500000       -0.09110070        0.06373125
     4.5000000       -0.10356342        0.06214252
     4.5500000       -0.11379846        0.06101665
     4.6000000       -0.11596207        0.05722106
     4.6500000       -0.12712724        0.05642230
     4.7000000       -0.12569737        0.05465884
     4.7500000       -0.12449138        0.05577966
     4.8000000       -0.11829482        0.05711350
     4.8500000       -0.10018197        0.05920603
     4.9000000       -0.09366548        0.05992203
     4.9500000       -0.08860247        0.06028522
     5.0000000       -0.08645508        0.06236498
     5.0500000       -0.08156400        0.06369698
     5.1000000       -0.06866286        0.06688572
     5.1500000       -0.06141347        0.06879726
     5.2000000       -0.05413490        0.06731480
     5.2500000       -0.04940329        0.06350892
     5.3000000       -0.04351759        0.05666752
     5.3500000       -0.03419569        0.05202980
     5.4000000       -0.03459520        0.04967675
     5.4500000       -0.03098786        0.04852037
     5.5000000       -0.02558973        0.04943871
     5.5500000       -0.01426856        0.05044209
     5.6000000       -0.00986365        0.05345334
     5.6500000       -0.01217722        0.05410244
     5.7000000       -0.00885872        0.05545311
     5.7500000       -0.00210330        0.05647200
     5.8000000        0.00416658        0.05980932
     5.8500000        0.00732725        0.06441758
     5.9000000        0.01280141        0.07038567
     5.9500000        0.01574731        0.07391277
     6.0000000        0.02165247        0.07672989
     6.0500000        0.02512115        0.07775970
     6.1000000        0.02262140        0.07993303
     6.1500000        0.01355935        0.08309380
     6.2000000        0.01136579        0.08299690
     6.2500000        0.01344375        0.08371372
     6.3000000        0.00893191        0.08299695
     6.3500000        0.01029172        0.08242304
     6.4000000        0.00452715        0.08134031
     6.4500000       -0.00198103        0.08159262
     6.5000000       -0.01058464        0.08007684
     6.5500000       -0.01475656        0.07731073
     6.6000000       -0.01844521        0.07439476
     6.6500000       -0.02428414        0.07497408
     6.7000000       -0.02656737        0.07602212
     6.7500000       -0.02755875        0.07506818
     6.8000000       -0.02819697        0.07451912
     6.8500000       -0.02612497        0.07239659
     6.9000000       -0.02607256        0.07083084
     6.9500000       -0.02143032        0.06794724
     7.0000000       -0.01960797        0.06431862
     7.0500000       -0.01591870        0.05937230
     7.1000000       -0.02632811        0.05219971
     7.1500000       -0.02734577        0.04943137
     7.2000000       -0.02704446        0.04960437
     7.2500000       -0.03546820        0.04376718
     7.3000000       -0.04448080        0.04191721
     7.3500000       -0.06016189        0.04271278
     7.4000000       -0.07073966        0.04359009
     7.4500000       -0.07445245        0.04425206
     7.5000000       -0.07201983        0.04348814
     7.5500000       -0.07134551        0.04076540
     7.6000000       -0.06758588        0.03918548
     7.6500000       -0.06435701        0.03843970
     7.7000000       -0.06141171        0.03763012
     7.7500000       -0.06473897        0.03726598
     7.8000000       -0.05735558        0.03605969
     7.8500000       -0.04948533        0.03388056
     7.9000000       -0.04238497        0.03295980
     7.9500000       -0.04329396        0.03136356
     8.0000000       -0.04719872        0.03067739
     8.0500000       -0.04819833        0.02948522
     8.1000000       -0.05401931        0.02991923
     8.1500000       -0.05988848        0.03081436
     8.2000000       -0.05908797        0.02844502
     8.2500000       -0.06349408        0.02806968
     8.3000000       -0.06482136        0.02803348
     8.3500000       -0.06793352        0.02988392
     8.4000000       -0.06688224        0.03164363
     8.4500000       -0.06144056        0.03412460
     8.5000000       -0.06027118        0.03489418
     8.5500000       -0.05674609        0.03444583
     8.6000000       -0.05680672        0.03493408
     8.6500000       -0.06040767        0.03722763
     8.7000000       -0.06516978        0.03840107
     8.7500000       -0.06258029        0.03778365
     8.8000000       -0.06168043        0.03709115
     8.8500000       -0.05877516        0.03596679
     8.9000000       -0.05517523        0.03800449
     8.9500000       -0.05151076        0.03908948
     9.0000000       -0.05360991        0.03884114
     9.0500000       -0.05288798        0.03807171
     9.1000000       -0.05644517        0.03619995
     9.1500000       -0.06273723        0.03609456
     9.2000000       -0.06727547        0.03684084
     9.2500000       -0.07109335        0.03403103
     9.3000000       -0.07317885        0.03465249
     9.3500000       -0.07672158        0.03562952
     9.4000000       -0.08343574        0.03495709
     9.4500000       -0.07938472        0.03449351
     9.5000000       -0.08066287        0.03328207
     9.5500000       -0.07847183        0.03185300
     9.6000000       -0.08358788        0.03257201
     9.6500000       -0.08741190        0.03276464
     9.7000000       -0.08702593        0.03275749
     9.7500000       -0.08911287        0.03182931
     9.8000000       -0.08543471        0.03462357
     9.8500000       -0.08127072        0.03687492
     9.9000000       -0.07241912        0.04005079
     9.9500000       -0.06652959        0.03808655
    10.0000000       -0.06836560        0.03697457
    10.0500000       -0.06814184        0.03765376
    10.1000000       -0.06733685        0.03933456
    10.1500000       -0.06493829        0.03880102
    10.2000000       -0.06461617        0.03918013
    10.2500000       -0.06274140        0.03804496
    10.3000000       -0.06561049        0.03941356
    10.3500000       -0.06390384        0.03793503
    10.4000000       -0.06368116        0.03503085
    10.4500000       -0.06272272        0.03647910
    10.5000000       -0.06423017        0.03753478
    10.5500000       -0.06637036        0.04045567
    10.6000000       -0.07059354        0.04071078
    10.6500000       -0.07855435        0.03811129
    10.7000000       -0.07925088        0.03460393
    10.7500000       -0.08183613        0.03539152
    10.8000000       -0.07516092        0.03592948
    10.8500000       -0.07956535        0.03292621
    10.9000000       -0.08319649        0.03345174
    10.9500000       -0.07640838        0.03398791
    11.0000000       -0.08018274        0.03426845
    11.0500000       -0.07586433        0.03467534
    11.1000000       -0.07430316        0.03613484
    11.1500000       -0.06299356        0.03667342
    11.2000000       -0.05981815        0.03825214
    11.2500000       -0.05478148        0.03993188
    11.3000000       -0.05530123        0.04017045
    11.3500000       -0.05116972        0.04109024
    11.4000000       -0.05544443        0.04134410
    11.4500000       -0.06063569        0.04199302
    11.5000000       -0.06106454        0.04167643
    11.5500000       -0.06119957        0.04154787
    11.6000000       -0.06037246        0.03980579
    11.6500000       -0.05817908        0.03784311
    11.7000000       -0.05114808        0.03757228
    11.7500000       -0.04898280        0.03458601
    11.8000000       -0.05268623        0.03228223
    11.8500000       -0.05514099        0.02983472
    11.9000000       -0.06255618        0.02599441
    11.9500000       -0.06433311        0.02498047
    12.0000000       -0.06122666        0.02347424
    12.0500000       -0.05937539        0.02629951
    12.1000000       -0.05246535        0.02755901
    12.1500000       -0.05102721        0.02733090
    12.2000000       -0.05063587        0.03055148
    12.2500000       -0.04711978        0.03177759
    12.3000000       -0.04553284        0.03563266
    12.3500000       -0.04552577        0.03702607
    12.4000000       -0.04368608        0.03719861
    12.4500000       -0.04566343        0.03842479
    12.5000000       -0.04603545        0.03890118
    12.5500000       -0.05474893        0.04372582
    12.6000000       -0.05278668        0.05037654
    12.6500000       -0.05746923        0.05412731
    12.7000000       -0.05598146        0.05782385
    12.7500000       -0.05319345        0.05945072
    12.8000000       -0.05470098        0.06097968
    12.8500000       -0.05995773        0.05991419
    12.9000000       -0.06163820        0.05801030
    12.9500000       -0.05929353        0.05768875
    13.0000000       -0.06275218        0.05774519
    13.0500000       -0.06068331        0.05816705
    13.1000000       -0.06051938        0.05739400
    13.1500000       -0.06418096        0.05499568
    13.2000000       -0.06597662        0.05465893
    13.2500000       -0.06801817        0.05133819
    13.3000000       -0.07311966        0.05069834
    13.3500000       -0.06875356        0.05106360
    13.4000000       -0.06956190        0.05140286
    13.4500000       -0.07914838        0.05504332
    13.5000000       -0.07981540        0.05811192
    13.5500000       -0.08304852        0.05658673
    13.6000000       -0.09266440        0.05614899
    13.6500000       -0.09854918        0.05771556
    13.7000000       -0.10847356        0.05762978
    13.7500000       -0.11574944        0.05319246
    13.8000000       -0.12167476        0.04858645
    13.8500000       -0.11689395        0.04749859
    13.9000000       -0.11683362        0.04627691
    13.9500000       -0.11711227        0.04831482
    14.0000000       -0.11800958        0.05171404
    14.0500000       -0.11752253        0.05285103
    14.1000000       -0.11018193        0.05346181
    14.1500000       -0.10495183        0.05317637
    14.2000000       -0.09601657        0.05523450
    14.2500000       -0.09082053        0.05487320
    14.3000000       -0.09413634        0.05417389
    14.3500000       -0.09193342        0.05286612
    14.4000000       -0.09244544        0.05148473
    14.4500000       -0.08995151        0.04972647
    14.5000000       -0.09609015        0.04725232
    14.5500000       -0.10498026        0.04438711
    14.6000000       -0.10985355        0.04360288
    14.6500000       -0.12409912        0.04207713
    14.7000000       -0.12524543        0.04145039
    14.7500000       -0.12891223        0.03915206
    14.8000000       -0.13549201        0.03809010
    14.8500000       -0.12580334        0.03980307
    14.9000000       -0.12943275        0.03900448
    14.9500000       -0.12991456        0.03836404
    15.0000000       -0.12603372        0.03689167
    15.0500000       -0.12707596        0.03557739
    15.1000000       -0.12792848        0.03438443
    15.1500000       -0.12269137        0.03653874
    15.2000000       -0.11900475        0.03928706
    15.2500000       -0.11216690        0.03988992
    15.3000000       -0.10696256        0.04182614
    15.3500000       -0.09995356        0.04280561
    15.4000000       -0.08503857        0.04337931
    15.4500000       -0.08060010        0.04546420
    15.5000000       -0.06694104        0.04585384
    15.5500000       -0.05824661        0.04929211
    15.6000000       -0.04740626        0.05161943
    15.6500000       -0.03708737        0.05355020
    15.7000000       -0.03268099        0.05202741
    15.7500000       -0.03579001        0.05209964
    15.8000000       -0.03280160        0.05169628
    15.8500000       -0.02600260        0.05174879
    15.9000000       -0.01503707        0.05313520
    15.9500000       -0.01038723        0.05204804
    16.0000000       -0.00294991        0.05036733
    16.0500000        0.00120410        0.04807994
    16.1000000        0.01442534        0.04699869
    16.1500000        0.02321762        0.04574716
    16.2000000        0.03116763        0.04472920
    16.2500000        0.03173135        0.04439520
    16.3000000        0.01902081        0.04518616
    16.3500000        0.00872491        0.04651996
    16.4000000        0.01078843        0.04521894
    16.4500000        0.01294275        0.04818992
    16.5000000        0.00759566        0.04875658
    16.5500000        0.00220306        0.05307981
    16.6000000        0.00480066        0.05378715
    16.6500000        0.00067704        0.05553769
    16.7000000       -0.00594139        0.05767514
    16.7500000       -0.00856080        0.06038954
    16.8000000       -0.00249228        0.06059576
    16.8500000       -0.00114835        0.06347069
    16.9000000       -0.01356282        0.06046815
    16.9500000       -0.03022650        0.05924980
    17.0000000       -0.03612689        0.05999498
    17.0500000       -0.03795353        0.05735230
    17.1000000       -0.03843416        0.05761426
    17.1500000       -0.03498954        0.06116465
    17.2000000       -0.03208303        0.06202088
    17.2500000       -0.03055519        0.06433958
    17.3000000       -0.02276950        0.06582489
    17.3500000       -0.01752421        0.06855597
    17.4000000       -0.01561746        0.07009250
    17.4500000       -0.00666718        0.07132154
    17.5000000        0.00617490        0.07010515
    17.5500000        0.01000199        0.07046896
    17.6000000        0.02108323        0.06869526
    17.6500000        0.03692773        0.07227415
    17.7000000        0.04921322        0.07321154
    17.7500000        0.06501296        0.07429453
    17.8000000        0.07062276        0.07459715
    17.8500000        0.08384866        0.07409764
    17.9000000        0.09319587        0.07351601
    17.9500000        0.10259056        0.07341813
    18.0000000        0.11574384        0.07260563
    18.0500000        0.12481926        0.07275653
    18.1000000        0.13887160        0.07156007
    18.1500000        0.15438127        0.07041953
    18.2000000        0.15694756        0.06972396
    18.2500000        0.17940754        0.06651244
    18.3000000        0.18806736        0.06539091
    18.3500000        0.20659765        0.06336768
    18.4000000        0.21279281        0.06152788
    18.4500000        0.21085074        0.06017072
    18.5000000        0.21542125        0.05956795
    18.5500000        0.21340026        0.06093126
    18.6000000        0.21644160        0.06055266
    18.6500000        0.21730538        0.05906488
    18.7000000        0.22299798        0.05670994
    18.7500000        0.22456740        0.06067953
    18.8000000        0.22842275        0.06334094
    18.8500000        0.24436947        0.06630760
    18.9000000        0.26968175        0.06750730
    18.9500000        0.28627086        0.06773478
    19.0000000        0.30473523        0.06782641
    19.0500000        0.32443994        0.07075891
    19.1000000        0.34453398        0.06806349
    19.1500000        0.35827668        0.06893949
    19.2000000        0.37815011        0.06806811
    19.2500000        0.40615221        0.06642525
    19.3000000        0.42655873        0.06563397
    19.3500000        0.44692143        0.06782432
    19.4000000        0.47564701        0.06638980
    19.4500000        0.49298184        0.06623460
    19.5000000        0.52289900        0.06906300
    19.5500000        0.55567678        0.07185650
    19.6000000        0.59435097        0.07478481
    19.6500000        0.62838322        0.07639731
    19.7000000        0.66754289        0.07828206
    19.7500000        0.72401613        0.07848467
    19.8000000        0.77869587        0.07649509
    19.8500000        0.84357986        0.07274768
    19.9000000        0.92055267        0.06794790
    19.9500000        0.97461082        0.06639175
    20.0000000        1.04509376        0.06589244
