     0.0000000        0.06279591        0.00413410
     0.1000000        0.03760641        0.00219004
     0.2000000        0.02295301        0.00296954
     0.3000000        0.01135865        0.00259033
     0.4000000        0.00795379        0.00202851
     0.5000000        0.00204133        0.00254957
     0.6000000        0.00145753        0.00226207
     0.7000000        0.00228994        0.00239986
     0.8000000        0.00297793        0.00316929
     0.9000000        0.00278525        0.00413942
     1.0000000        0.00319544        0.00207013
     1.1000000        0.00149473        0.00133727
     1.2000000       -0.00149507        0.00210290
     1.3000000       -0.00133045        0.00264710
     1.4000000       -0.00204688        0.00212088
     1.5000000       -0.00318878        0.00222973
     1.6000000       -0.00423180        0.00162283
     1.7000000       -0.00389069        0.00158919
     1.8000000       -0.00177137        0.00208816
     1.9000000       -0.00208900        0.00258505
     2.0000000       -0.00072723        0.00276255
     2.1000000        0.00069763        0.00251666
     2.2000000        0.00176008        0.00203756
     2.3000000       -0.00085879        0.00199724
     2.4000000        0.00118612        0.00145347
     2.5000000       -0.00207671        0.00124034
     2.6000000        0.00010627        0.00126152
     2.7000000       -0.00091616        0.00146098
     2.8000000       -0.00080748        0.00223102
     2.9000000       -0.00082915        0.00271066
     3.0000000       -0.00205239        0.00213744
     3.1000000       -0.00247490        0.00159610
     3.2000000        0.00005061        0.00125857
     3.3000000        0.00050391        0.00132066
     3.4000000        0.00111191        0.00146309
     3.5000000       -0.00175944        0.00149288
     3.6000000       -0.00211091        0.00177582
     3.7000000       -0.00123882        0.00117836
     3.8000000       -0.00189579        0.00154632
     3.9000000       -0.00032652        0.00185559
     4.0000000       -0.00252531        0.00206466
     4.1000000       -0.00196163        0.00158983
     4.2000000       -0.00074640        0.00098294
     4.3000000       -0.00119865        0.00146697
     4.4000000       -0.00155677        0.00220599
     4.5000000       -0.00146143        0.00159958
     4.6000000       -0.00169328        0.00133758
     4.7000000       -0.00094051        0.00172227
     4.8000000       -0.00213876        0.00208799
     4.9000000        0.00020096        0.00245502
     5.0000000        0.00137175        0.00157904
     5.1000000        0.00140617        0.00156903
     5.2000000       -0.00054381        0.00128751
     5.3000000       -0.00196456        0.00123964
     5.4000000       -0.00246333        0.00156363
     5.5000000        0.00026707        0.00198775
     5.6000000       -0.00012487        0.00142210
     5.7000000       -0.00125049        0.00263374
     5.8000000       -0.00124184        0.00253912
     5.9000000       -0.00071312        0.00247139
     6.0000000       -0.00113018        0.00165565
     6.1000000       -0.00278233        0.00134434
     6.2000000       -0.00078546        0.00097744
     6.3000000        0.00252858        0.00154668
     6.4000000        0.00309812        0.00200714
     6.5000000        0.00192268        0.00231191
     6.6000000       -0.00040704        0.00240733
     6.7000000        0.00006932        0.00139833
     6.8000000        0.00056839        0.00231463
     6.9000000       -0.00096335        0.00285870
     7.0000000       -0.00049431        0.00174593
     7.1000000       -0.00018956        0.00272823
     7.2000000       -0.00062620        0.00318050
     7.3000000       -0.00485795        0.00326135
     7.4000000       -0.00189686        0.00393389
     7.5000000       -0.00027306        0.00209702
     7.6000000        0.00115572        0.00180686
     7.7000000        0.00166911        0.00419126
     7.8000000        0.00150595        0.00252330
     7.9000000        0.00382759        0.00172170
     8.0000000        0.00311008        0.00160337
     8.1000000        0.00453153        0.00196787
     8.2000000        0.00475272        0.00195439
     8.3000000        0.00492083        0.00100216
     8.4000000        0.00015989        0.00191541
     8.5000000        0.00141922        0.00310769
     8.6000000        0.00277564        0.00405403
     8.7000000        0.00858285        0.00352790
     8.8000000        0.01774080        0.00326975
     8.9000000        0.02313876        0.00283146
     9.0000000        0.03442701        0.00431985
     9.1000000        0.04993796        0.00342258
     9.2000000        0.07404790        0.00280251
     9.3000000        0.10630549        0.00261001
     9.4000000        0.16015526        0.00302452
     9.5000000        0.24106790        0.00283094
     9.6000000        0.36268367        0.00313619
     9.7000000        0.54426725        0.00388889
     9.8000000        0.82959510        0.00322991
     9.9000000        1.25977172        0.00282011
    10.0000000        1.93720409        0.00413410
