     0.0000000        3.04946300        0.07119408
     0.1000000        2.90813734        0.15291273
     0.2000000        2.68889453        0.07373826
     0.3000000        2.57871046        0.17917859
     0.4000000        2.42114064        0.12430079
     0.5000000        2.19859128        0.10459874
     0.6000000        2.15878118        0.08428785
     0.7000000        2.12305512        0.10914112
     0.8000000        2.03852644        0.14266829
     0.9000000        1.95479039        0.08879337
     1.0000000        1.76948473        0.14278619
     1.1000000        1.71533256        0.16224573
     1.2000000        1.73000324        0.04589469
     1.3000000        1.63714827        0.07508457
     1.4000000        1.47605293        0.07441211
     1.5000000        1.38461209        0.10602829
     1.6000000        1.56174813        0.09480689
     1.7000000        1.85129055        0.33677696
     1.8000000        1.97372704        0.61757667
     1.9000000        2.34238986        1.16645694
     2.0000000        1.75534063        0.48769595
     2.1000000        2.31783290        1.09376424
     2.2000000        2.77757012        1.83431379
     2.3000000        1.26289517        0.02191889
     2.4000000        1.33025591        0.17458302
     2.5000000        1.27697386        0.10715741
     2.6000000        1.49877032        0.18548436
     2.7000000        1.46783382        0.33344536
     2.8000000        1.64465532        0.38972237
     2.9000000        2.13926075        0.80407289
     3.0000000        1.96621988        0.35239625
     3.1000000        2.05635620        0.09827382
     3.2000000        1.62442850        0.08920460
     3.3000000        1.29567633        0.28283626
     3.4000000        1.71951888        0.98237145
     3.5000000        1.23267103        0.49187085
     3.6000000        1.20962989        0.26665565
     3.7000000        1.15377043        0.32333203
     3.8000000        0.98286663        0.22681407
     3.9000000        0.90155985        0.10868147
     4.0000000        1.02342193        0.11577481
     4.1000000        0.84899249        0.06567249
     4.2000000        1.00701047        0.07660073
     4.3000000        1.99080822        1.01597338
     4.4000000        3.56967383        2.96951530
     4.5000000        6.63884424        5.75986990
     4.6000000        3.34103123        2.38391487
     4.7000000        2.36384715        1.10999048
     4.8000000        1.40268400        0.58712815
     4.9000000        2.30227591        1.84982018
     5.0000000        1.32060880        0.77166751
     5.1000000        1.97630515        1.27771439
     5.2000000        0.94075445        0.12604084
     5.3000000        0.81710402        0.19027631
     5.4000000        0.89232883        0.30459940
     5.5000000        0.97899680        0.38095525
     5.6000000        0.88574948        0.33128104
     5.7000000        0.79881599        0.28013596
     5.8000000        0.66127569        0.16479505
     5.9000000        0.80211579        0.06481976
     6.0000000        0.79825215        0.23998509
     6.1000000        1.06215124        0.62662060
     6.2000000        0.97489806        0.37267382
     6.3000000        1.03013969        0.52029293
     6.4000000        1.31266181        0.83862018
     6.5000000        1.98227030        1.56804722
     6.6000000        1.15647493        0.54364098
     6.7000000        1.02886014        0.29427820
     6.8000000        0.87860849        0.20619437
     6.9000000        0.93045739        0.30806368
     7.0000000        0.86014951        0.19035349
     7.1000000        0.95851755        0.23661675
     7.2000000        0.93746703        0.17478330
     7.3000000        0.94108690        0.21435461
     7.4000000        1.22411852        0.22944448
     7.5000000        1.06963022        0.06374139
     7.6000000        1.07705625        0.02985688
     7.7000000        1.25029832        0.11433628
     7.8000000        1.31370775        0.20418037
     7.9000000        1.57476924        0.39159160
     8.0000000        1.81587175        0.49306158
     8.1000000        2.25691389        0.41303580
     8.2000000        1.96196788        0.32596823
     8.3000000        1.90987710        0.41221109
     8.4000000        1.78821798        0.25670603
     8.5000000        1.62055747        0.18108320
     8.6000000        1.79524243        0.07788711
     8.7000000        1.94085779        0.21123097
     8.8000000        2.13730976        0.20961126
     8.9000000        2.15529638        0.22971650
     9.0000000        1.99551525        0.03847816
     9.1000000        2.28438313        0.21976622
     9.2000000        2.23222077        0.26535717
     9.3000000        2.20078413        0.28454032
     9.4000000        2.37171278        0.29641877
     9.5000000        2.31638498        0.07041483
     9.6000000        2.36417468        0.10719311
     9.7000000        2.71871453        0.39260827
     9.8000000        2.76684053        0.21118688
     9.9000000        2.84363615        0.15909385
    10.0000000        3.04946300        0.07119408
