     0.0000000        0.14923871        0.00652821
     0.1000000        0.05820951        0.00496485
     0.2000000        0.02202695        0.00255434
     0.3000000        0.00570327        0.00260853
     0.4000000       -0.00161501        0.00584936
     0.5000000       -0.00373683        0.00581846
     0.6000000       -0.00188686        0.00463906
     0.7000000       -0.00095095        0.00473616
     0.8000000        0.00083364        0.00349807
     0.9000000        0.00237327        0.00177555
     1.0000000        0.00027366        0.00314751
     1.1000000        0.00200807        0.00399225
     1.2000000        0.00118414        0.00306293
     1.3000000        0.00023390        0.00195246
     1.4000000        0.00149682        0.00342488
     1.5000000        0.00142921        0.00493685
     1.6000000        0.00095772        0.00596845
     1.7000000       -0.00023070        0.00513213
     1.8000000       -0.00099408        0.00436068
     1.9000000       -0.00234778        0.00380114
     2.0000000       -0.00423705        0.00110424
     2.1000000       -0.00462126        0.00088412
     2.2000000       -0.00436093        0.00137935
     2.3000000       -0.00281247        0.00026151
     2.4000000       -0.00240205        0.00078635
     2.5000000       -0.00267857        0.00077413
     2.6000000       -0.00100039        0.00204734
     2.7000000        0.00051392        0.00193571
     2.8000000        0.00105746        0.00113267
     2.9000000        0.00245104        0.00052462
     3.0000000        0.00299015        0.00120634
     3.1000000        0.00216838        0.00188143
     3.2000000        0.00370270        0.00133793
     3.3000000        0.00352192        0.00031097
     3.4000000        0.00273942        0.00022627
     3.5000000        0.00207594        0.00261485
     3.6000000        0.00316870        0.00288527
     3.7000000        0.00461844        0.00209596
     3.8000000        0.00232819        0.00127407
     3.9000000        0.00121738        0.00088645
     4.0000000       -0.00009297        0.00077072
     4.1000000        0.00037202        0.00137707
     4.2000000        0.00011543        0.00273856
     4.3000000       -0.00067596        0.00323565
     4.4000000       -0.00192249        0.00371781
     4.5000000       -0.00177752        0.00251415
     4.6000000       -0.00146049        0.00211116
     4.7000000       -0.00232312        0.00199751
     4.8000000       -0.00159377        0.00102937
     4.9000000        0.00052009        0.00034466
     5.0000000        0.00164005        0.00164789
     5.1000000        0.00161881        0.00237021
     5.2000000        0.00221393        0.00132560
     5.3000000        0.00277735        0.00210597
     5.4000000        0.00317627        0.00104646
     5.5000000        0.00210276        0.00153234
     5.6000000        0.00089607        0.00092834
     5.7000000        0.00085980        0.00201408
     5.8000000        0.00060855        0.00225977
     5.9000000       -0.00171001        0.00302151
     6.0000000       -0.00370625        0.00265368
     6.1000000       -0.00293409        0.00298913
     6.2000000       -0.00256036        0.00265345
     6.3000000       -0.00275953        0.00272001
     6.4000000       -0.00066771        0.00261367
     6.5000000        0.00121908        0.00210910
     6.6000000        0.00184916        0.00086763
     6.7000000        0.00024865        0.00119827
     6.8000000        0.00041297        0.00194679
     6.9000000        0.00020331        0.00192079
     7.0000000       -0.00005734        0.00234265
     7.1000000       -0.00064547        0.00184165
     7.2000000       -0.00109509        0.00211958
     7.3000000       -0.00180126        0.00254519
     7.4000000       -0.00077786        0.00360011
     7.5000000        0.00089472        0.00284462
     7.6000000        0.00218291        0.00383416
     7.7000000        0.00483970        0.00349160
     7.8000000        0.00600995        0.00301415
     7.9000000        0.00642366        0.00415502
     8.0000000        0.00320810        0.00394485
     8.1000000        0.00182350        0.00071047
     8.2000000        0.00312117        0.00157668
     8.3000000        0.00517425        0.00278126
     8.4000000        0.00600143        0.00334326
     8.5000000        0.00417087        0.00236365
     8.6000000        0.00595392        0.00343909
     8.7000000        0.00328126        0.00314992
     8.8000000        0.00063595        0.00368122
     8.9000000        0.00117624        0.00469307
     9.0000000        0.00138082        0.00474161
     9.1000000        0.00126848        0.00381139
     9.2000000        0.00147036        0.00459476
     9.3000000        0.00356938        0.00368284
     9.4000000        0.00467397        0.00380443
     9.5000000        0.00561985        0.00426861
     9.6000000        0.00773120        0.00336444
     9.7000000        0.01120925        0.00324024
     9.8000000        0.02781212        0.00309033
     9.9000000        0.06118215        0.00453512
    10.0000000        0.14923871        0.00652821
