     0.0000000        0.17527687        0.00284327
     0.1000000        0.12236206        0.00276477
     0.2000000        0.08617666        0.00270769
     0.3000000        0.06114417        0.00267837
     0.4000000        0.04384894        0.00261103
     0.5000000        0.03227453        0.00246044
     0.6000000        0.02389610        0.00238433
     0.7000000        0.01809484        0.00233433
     0.8000000        0.01372819        0.00223140
     0.9000000        0.01058296        0.00219438
     1.0000000        0.00838809        0.00213903
     1.1000000        0.00678630        0.00206058
     1.2000000        0.00591029        0.00195649
     1.3000000        0.00472075        0.00200429
     1.4000000        0.00382313        0.00212842
     1.5000000        0.00313894        0.00217482
     1.6000000        0.00215571        0.00217041
     1.7000000        0.00146010        0.00221196
     1.8000000        0.00097662        0.00205683
     1.9000000        0.00008608        0.00198722
     2.0000000       -0.00062958        0.00197733
     2.1000000       -0.00126725        0.00196407
     2.2000000       -0.00155433        0.00201754
     2.3000000       -0.00161752        0.00191538
     2.4000000       -0.00141869        0.00177009
     2.5000000       -0.00133499        0.00175674
     2.6000000       -0.00124248        0.00184160
     2.7000000       -0.00129286        0.00183666
     2.8000000       -0.00113348        0.00186378
     2.9000000       -0.00090738        0.00191297
     3.0000000       -0.00060815        0.00197573
     3.1000000       -0.00042928        0.00203285
     3.2000000        0.00039319        0.00197973
     3.3000000        0.00073989        0.00196028
     3.4000000        0.00108849        0.00193060
     3.5000000        0.00162142        0.00198733
     3.6000000        0.00201100        0.00199884
     3.7000000        0.00267222        0.00195345
     3.8000000        0.00328524        0.00199912
     3.9000000        0.00393704        0.00198396
     4.0000000        0.00501230        0.00199579
     4.1000000        0.00725245        0.00207316
     4.2000000        0.01099455        0.00213020
     4.3000000        0.01543795        0.00217370
     4.4000000        0.02129189        0.00222092
     4.5000000        0.03022706        0.00231217
     4.6000000        0.04291106        0.00236772
     4.7000000        0.06016134        0.00246704
     4.8000000        0.08553892        0.00259062
     4.9000000        0.12205609        0.00273172
     5.0000000        0.17527687        0.00284327
