     0.0000000        2.00000000        0.00000000
     0.1000000        1.76582911        0.00192221
     0.2000000        1.58213041        0.00253109
     0.3000000        1.43059349        0.00281462
     0.4000000        1.30645422        0.00323794
     0.5000000        1.19927454        0.00375622
     0.6000000        1.10112088        0.00324208
     0.7000000        1.01713359        0.00371379
     0.8000000        0.94128138        0.00341554
     0.9000000        0.87130141        0.00301492
     1.0000000        0.81018961        0.00278860
     1.1000000        0.75179300        0.00230965
     1.2000000        0.69659045        0.00302662
     1.3000000        0.64493048        0.00233807
     1.4000000        0.59958768        0.00297680
     1.5000000        0.55899831        0.00339054
     1.6000000        0.51975173        0.00323457
     1.7000000        0.48239979        0.00330842
     1.8000000        0.44710895        0.00343387
     1.9000000        0.41690645        0.00379354
     2.0000000        0.38933888        0.00346237
     2.1000000        0.36180884        0.00411421
     2.2000000        0.34125461        0.00379359
     2.3000000        0.31714066        0.00342739
     2.4000000        0.29755431        0.00278224
     2.5000000        0.27640562        0.00296286
     2.6000000        0.25774333        0.00309075
     2.7000000        0.24394465        0.00302761
     2.8000000        0.22814575        0.00247223
     2.9000000        0.21501069        0.00343083
     3.0000000        0.20206325        0.00315739
     3.1000000        0.19188441        0.00350367
     3.2000000        0.18193334        0.00403801
     3.3000000        0.17162290        0.00407322
     3.4000000        0.16181902        0.00376491
     3.5000000        0.15529653        0.00405966
     3.6000000        0.14574441        0.00403681
     3.7000000        0.13917831        0.00450395
     3.8000000        0.13366078        0.00452157
     3.9000000        0.12870021        0.00336052
     4.0000000        0.12316657        0.00292743
     4.1000000        0.11803684        0.00250905
     4.2000000        0.11210474        0.00286464
     4.3000000        0.10786343        0.00317150
     4.4000000        0.10356925        0.00330974
     4.5000000        0.10353424        0.00284998
     4.6000000        0.10150709        0.00262079
     4.7000000        0.09812626        0.00267522
     4.8000000        0.09712513        0.00260716
     4.9000000        0.09773951        0.00255722
     5.0000000        0.09666269        0.00266812
     5.1000000        0.09813649        0.00235579
     5.2000000        0.09669614        0.00193264
     5.3000000        0.09680117        0.00323633
     5.4000000        0.09782477        0.00291864
     5.5000000        0.10091605        0.00320041
     5.6000000        0.10330009        0.00339571
     5.7000000        0.10801999        0.00253596
     5.8000000        0.11045435        0.00276810
     5.9000000        0.11545529        0.00294575
     6.0000000        0.11952378        0.00270981
     6.1000000        0.12596221        0.00290559
     6.2000000        0.13335990        0.00352986
     6.3000000        0.13878704        0.00335267
     6.4000000        0.14408412        0.00277303
     6.5000000        0.15235343        0.00266742
     6.6000000        0.16388504        0.00239814
     6.7000000        0.17270799        0.00199131
     6.8000000        0.18168294        0.00194119
     6.9000000        0.19131726        0.00229916
     7.0000000        0.20272750        0.00256263
     7.1000000        0.21657532        0.00310551
     7.2000000        0.23016031        0.00309825
     7.3000000        0.24635260        0.00333364
     7.4000000        0.26544846        0.00445286
     7.5000000        0.28478784        0.00440941
     7.6000000        0.30596053        0.00439722
     7.7000000        0.32550596        0.00421194
     7.8000000        0.34708232        0.00430316
     7.9000000        0.36984199        0.00441162
     8.0000000        0.39622036        0.00454965
     8.1000000        0.42579211        0.00405561
     8.2000000        0.45396529        0.00406782
     8.3000000        0.48816399        0.00469111
     8.4000000        0.52424902        0.00486682
     8.5000000        0.56266969        0.00405129
     8.6000000        0.60647833        0.00348750
     8.7000000        0.65054072        0.00361552
     8.8000000        0.69875164        0.00436743
     8.9000000        0.75511495        0.00388633
     9.0000000        0.81372998        0.00446725
     9.1000000        0.87545700        0.00409149
     9.2000000        0.94635056        0.00418753
     9.3000000        1.02356751        0.00377901
     9.4000000        1.10594042        0.00375915
     9.5000000        1.20093062        0.00434111
     9.6000000        1.30873088        0.00384474
     9.7000000        1.43449675        0.00395587
     9.8000000        1.58431202        0.00398042
     9.9000000        1.76685007        0.00222060
    10.0000000        2.00000000        0.00000018
