     0.0000000        0.15158829        0.00424563
     0.1000000        0.10507405        0.00392614
     0.2000000        0.07401411        0.00406719
     0.3000000        0.05008004        0.00415636
     0.4000000        0.03588202        0.00338488
     0.5000000        0.02671733        0.00301071
     0.6000000        0.02035050        0.00359152
     0.7000000        0.01566416        0.00333666
     0.8000000        0.01316025        0.00308323
     0.9000000        0.00899944        0.00335905
     1.0000000        0.00972520        0.00261107
     1.1000000        0.00541590        0.00280601
     1.2000000        0.00395621        0.00291099
     1.3000000        0.00135673        0.00288064
     1.4000000        0.00192842        0.00250129
     1.5000000        0.00222285        0.00183933
     1.6000000        0.00302387        0.00219224
     1.7000000        0.00307135        0.00217140
     1.8000000        0.00122176        0.00273935
     1.9000000       -0.00090153        0.00351972
     2.0000000        0.00054141        0.00278770
     2.1000000        0.00086349        0.00295413
     2.2000000       -0.00099790        0.00408069
     2.3000000        0.00119084        0.00339312
     2.4000000        0.00245918        0.00348676
     2.5000000        0.00029823        0.00358238
     2.6000000        0.00090882        0.00321204
     2.7000000        0.00087149        0.00329136
     2.8000000       -0.00369562        0.00260941
     2.9000000       -0.00239176        0.00320663
     3.0000000       -0.00038436        0.00283536
     3.1000000        0.00089634        0.00232655
     3.2000000        0.00174018        0.00208790
     3.3000000        0.00072524        0.00219572
     3.4000000        0.00024026        0.00263186
     3.5000000        0.00049661        0.00317389
     3.6000000       -0.00205092        0.00265868
     3.7000000       -0.00068163        0.00295539
     3.8000000       -0.00222155        0.00214068
     3.9000000       -0.00203196        0.00261073
     4.0000000        0.00026095        0.00286206
     4.1000000        0.00266293        0.00329373
     4.2000000        0.00249669        0.00314174
     4.3000000        0.00510875        0.00389992
     4.4000000        0.00287878        0.00341964
     4.5000000       -0.00020433        0.00333118
     4.6000000       -0.00358145        0.00318315
     4.7000000       -0.00307257        0.00236200
     4.8000000       -0.00131343        0.00244079
     4.9000000        0.00049226        0.00206487
     5.0000000       -0.00244778        0.00227945
     5.1000000        0.00072624        0.00305153
     5.2000000        0.00271314        0.00371979
     5.3000000        0.00034865        0.00403688
     5.4000000        0.00010939        0.00305308
     5.5000000        0.00170762        0.00292863
     5.6000000        0.00069244        0.00332824
     5.7000000       -0.00040604        0.00351886
     5.8000000        0.00081095        0.00288179
     5.9000000       -0.00129331        0.00332192
     6.0000000       -0.00191015        0.00307076
     6.1000000       -0.00244146        0.00253118
     6.2000000       -0.00021819        0.00269010
     6.3000000        0.00130738        0.00277911
     6.4000000        0.00142101        0.00189276
     6.5000000        0.00164590        0.00294838
     6.6000000        0.00248849        0.00269316
     6.7000000        0.00307242        0.00266571
     6.8000000        0.00560383        0.00287424
     6.9000000        0.00623193        0.00323874
     7.0000000        0.00537931        0.00301066
     7.1000000        0.00543444        0.00188744
     7.2000000        0.00729134        0.00207684
     7.3000000        0.00970902        0.00251430
     7.4000000        0.01396253        0.00256416
     7.5000000        0.01690656        0.00261614
     7.6000000        0.01405731        0.00247459
     7.7000000        0.01462451        0.00301896
     7.8000000        0.01503727        0.00308377
     7.9000000        0.02468568        0.00310259
     8.0000000        0.02830571        0.00316896
     8.1000000        0.03392423        0.00255356
     8.2000000        0.03930945        0.00248845
     8.3000000        0.05131101        0.00331918
     8.4000000        0.06419580        0.00272995
     8.5000000        0.07435368        0.00265167
     8.6000000        0.08675329        0.00256583
     8.7000000        0.10581419        0.00115962
     8.8000000        0.13371074        0.00189709
     8.9000000        0.16486627        0.00304175
     9.0000000        0.20140913        0.00296553
     9.1000000        0.24710469        0.00346540
     9.2000000        0.30640832        0.00409627
     9.3000000        0.37446841        0.00389622
     9.4000000        0.46362157        0.00303497
     9.5000000        0.57633890        0.00370798
     9.6000000        0.71832361        0.00381440
     9.7000000        0.90502048        0.00322756
     9.8000000        1.13891278        0.00371721
     9.9000000        1.44641410        0.00348667
    10.0000000        1.84841171        0.00424563
