     0.0000000        0.61446530        0.00504972
     0.1000000        0.50520139        0.00548704
     0.2000000        0.42572963        0.00572575
     0.3000000        0.36612255        0.00553867
     0.4000000        0.31973964        0.00538011
     0.5000000        0.28240633        0.00498767
     0.6000000        0.25241057        0.00450468
     0.7000000        0.22717164        0.00465393
     0.8000000        0.20481305        0.00412013
     0.9000000        0.18438242        0.00320084
     1.0000000        0.16676552        0.00319301
     1.1000000        0.15127749        0.00325868
     1.2000000        0.13765807        0.00381343
     1.3000000        0.12608085        0.00440609
     1.4000000        0.11598006        0.00489141
     1.5000000        0.10631064        0.00505858
     1.6000000        0.09815858        0.00521638
     1.7000000        0.09121069        0.00495299
     1.8000000        0.08475687        0.00491494
     1.9000000        0.07885610        0.00498056
     2.0000000        0.07354415        0.00461362
     2.1000000        0.06827577        0.00431538
     2.2000000        0.06243192        0.00433099
     2.3000000        0.05630405        0.00457401
     2.4000000        0.05249703        0.00445948
     2.5000000        0.04790723        0.00479094
     2.6000000        0.04370416        0.00587672
     2.7000000        0.04107568        0.00553174
     2.8000000        0.04038047        0.00461844
     2.9000000        0.03885991        0.00412042
     3.0000000        0.03685504        0.00321109
     3.1000000        0.03541299        0.00266973
     3.2000000        0.03396312        0.00257903
     3.3000000        0.03240112        0.00261292
     3.4000000        0.03067526        0.00262132
     3.5000000        0.02888530        0.00269405
     3.6000000        0.02653837        0.00321418
     3.7000000        0.02606287        0.00346805
     3.8000000        0.02461984        0.00356313
     3.9000000        0.02279034        0.00388961
     4.0000000        0.02081939        0.00425634
     4.1000000        0.01913323        0.00424781
     4.2000000        0.01669369        0.00475978
     4.3000000        0.01593295        0.00505104
     4.4000000        0.01526698        0.00515184
     4.5000000        0.01466321        0.00499959
     4.6000000        0.01593463        0.00413336
     4.7000000        0.01594945        0.00386585
     4.8000000        0.01608681        0.00374607
     4.9000000        0.01653602        0.00369286
     5.0000000        0.01740169        0.00301790
     5.1000000        0.01768538        0.00259477
     5.2000000        0.01847776        0.00230536
     5.3000000        0.01888659        0.00242387
     5.4000000        0.01780304        0.00259306
     5.5000000        0.01618491        0.00277387
     5.6000000        0.01514911        0.00323463
     5.7000000        0.01494178        0.00363180
     5.8000000        0.01509029        0.00372462
     5.9000000        0.01657759        0.00361660
     6.0000000        0.01765370        0.00352152
     6.1000000        0.02037712        0.00313148
     6.2000000        0.02336765        0.00304002
     6.3000000        0.02578436        0.00301902
     6.4000000        0.02676584        0.00319056
     6.5000000        0.02785631        0.00328165
     6.6000000        0.02952731        0.00299110
     6.7000000        0.03053182        0.00349738
     6.8000000        0.03138098        0.00363246
     6.9000000        0.03287706        0.00370624
     7.0000000        0.03501046        0.00345632
     7.1000000        0.03828732        0.00343727
     7.2000000        0.04139472        0.00330795
     7.3000000        0.04561584        0.00304751
     7.4000000        0.05024946        0.00298194
     7.5000000        0.05460921        0.00267678
     7.6000000        0.05842463        0.00295879
     7.7000000        0.06318070        0.00313563
     7.8000000        0.06923144        0.00314789
     7.9000000        0.07421124        0.00376630
     8.0000000        0.07908592        0.00392858
     8.1000000        0.08510322        0.00356409
     8.2000000        0.09227044        0.00322083
     8.3000000        0.09919174        0.00319541
     8.4000000        0.10730299        0.00292817
     8.5000000        0.11433970        0.00279114
     8.6000000        0.12261645        0.00267806
     8.7000000        0.13171129        0.00264729
     8.8000000        0.14257861        0.00267296
     8.9000000        0.15579929        0.00351852
     9.0000000        0.16961375        0.00353231
     9.1000000        0.18440784        0.00313671
     9.2000000        0.20178147        0.00296817
     9.3000000        0.22272525        0.00292254
     9.4000000        0.24698475        0.00275661
     9.5000000        0.27554779        0.00277556
     9.6000000        0.31143656        0.00278414
     9.7000000        0.35704757        0.00309969
     9.8000000        0.41870958        0.00320229
     9.9000000        0.50066035        0.00379954
    10.0000000        0.61446530        0.00504972
