     0.0000000        1.00743817        0.00872274
     0.1000000        0.87536987        0.00843852
     0.2000000        0.77423372        0.00802602
     0.3000000        0.69181992        0.00768546
     0.4000000        0.62214866        0.00712313
     0.5000000        0.56154974        0.00558844
     0.6000000        0.50520158        0.00604999
     0.7000000        0.45836477        0.00598347
     0.8000000        0.41433724        0.00634692
     0.9000000        0.37812132        0.00652644
     1.0000000        0.34764571        0.00619151
     1.1000000        0.31234937        0.00779639
     1.2000000        0.28646477        0.00795610
     1.3000000        0.26021379        0.00741073
     1.4000000        0.23740946        0.00698541
     1.5000000        0.21098005        0.00590959
     1.6000000        0.19484431        0.00666227
     1.7000000        0.17142350        0.00800901
     1.8000000        0.15933410        0.00800439
     1.9000000        0.14208453        0.00664796
     2.0000000        0.13238848        0.00665758
     2.1000000        0.11806614        0.00678896
     2.2000000        0.10983637        0.00601295
     2.3000000        0.10116721        0.00609404
     2.4000000        0.09358279        0.00549299
     2.5000000        0.08956560        0.00557183
     2.6000000        0.08131426        0.00595284
     2.7000000        0.07497035        0.00627591
     2.8000000        0.06353544        0.00580459
     2.9000000        0.05908175        0.00529300
     3.0000000        0.05204134        0.00516098
     3.1000000        0.04584730        0.00494052
     3.2000000        0.04494623        0.00503063
     3.3000000        0.03957326        0.00622181
     3.4000000        0.03537602        0.00593680
     3.5000000        0.03705981        0.00500253
     3.6000000        0.03089317        0.00521469
     3.7000000        0.03197228        0.00579178
     3.8000000        0.03100609        0.00482474
     3.9000000        0.03009187        0.00424843
     4.0000000        0.02916115        0.00563216
     4.1000000        0.03002950        0.00582805
     4.2000000        0.02760327        0.00616099
     4.3000000        0.02435226        0.00653602
     4.4000000        0.02107308        0.00602518
     4.5000000        0.02007787        0.00703768
     4.6000000        0.01896557        0.00737588
     4.7000000        0.01248312        0.00816576
     4.8000000        0.01138188        0.00845453
     4.9000000        0.01506792        0.00753490
     5.0000000        0.01900963        0.00735879
     5.1000000        0.01507561        0.00669546
     5.2000000        0.01522208        0.00755061
     5.3000000        0.01723968        0.00803109
     5.4000000        0.02098124        0.00759799
     5.5000000        0.02181561        0.00782833
     5.6000000        0.02608858        0.00768026
     5.7000000        0.02621784        0.00754802
     5.8000000        0.02906269        0.00752439
     5.9000000        0.02427912        0.00569476
     6.0000000        0.02408567        0.00560454
     6.1000000        0.02441255        0.00541065
     6.2000000        0.02785588        0.00568567
     6.3000000        0.03359104        0.00675082
     6.4000000        0.04055229        0.00730306
     6.5000000        0.04107884        0.00603535
     6.6000000        0.04654299        0.00669973
     6.7000000        0.04831242        0.00615987
     6.8000000        0.04945986        0.00648119
     6.9000000        0.05386317        0.00681830
     7.0000000        0.05830311        0.00607765
     7.1000000        0.06540289        0.00544646
     7.2000000        0.07077259        0.00551101
     7.3000000        0.07106817        0.00550238
     7.4000000        0.07345456        0.00574503
     7.5000000        0.07959172        0.00541443
     7.6000000        0.08914546        0.00616235
     7.7000000        0.09624946        0.00598688
     7.8000000        0.11252340        0.00609631
     7.9000000        0.12188012        0.00617230
     8.0000000        0.13443489        0.00617583
     8.1000000        0.14474647        0.00594405
     8.2000000        0.15986061        0.00738358
     8.3000000        0.17932855        0.00735548
     8.4000000        0.20006390        0.00753436
     8.5000000        0.21403376        0.00762860
     8.6000000        0.23457143        0.00578308
     8.7000000        0.25398101        0.00576897
     8.8000000        0.27455676        0.00707215
     8.9000000        0.30221992        0.00699576
     9.0000000        0.33275749        0.00650690
     9.1000000        0.36591175        0.00722445
     9.2000000        0.40189304        0.00798052
     9.3000000        0.44183501        0.00740374
     9.4000000        0.49249646        0.00731031
     9.5000000        0.54999143        0.00836165
     9.6000000        0.60545268        0.00751085
     9.7000000        0.67482355        0.00809821
     9.8000000        0.75889502        0.00740271
     9.9000000        0.86014511        0.00790552
    10.0000000        0.99256183        0.00872274
