     0.0000000        0.80736832        0.01170315
     0.1000000        0.64351401        0.01142475
     0.2000000        0.52942578        0.01201083
     0.3000000        0.44017042        0.01137345
     0.4000000        0.36920210        0.00934498
     0.5000000        0.31171823        0.00743201
     0.6000000        0.26459525        0.00676869
     0.7000000        0.22285862        0.00670999
     0.8000000        0.19054525        0.00608842
     0.9000000        0.16422690        0.00533810
     1.0000000        0.14234078        0.00457159
     1.1000000        0.12428330        0.00351355
     1.2000000        0.11022907        0.00272251
     1.3000000        0.09625305        0.00281034
     1.4000000        0.08287622        0.00255617
     1.5000000        0.07190953        0.00297826
     1.6000000        0.06098217        0.00387017
     1.7000000        0.05161216        0.00433638
     1.8000000        0.04494275        0.00438926
     1.9000000        0.03955877        0.00398789
     2.0000000        0.03506555        0.00400195
     2.1000000        0.03038899        0.00469869
     2.2000000        0.02701065        0.00467132
     2.3000000        0.02624968        0.00385323
     2.4000000        0.02562606        0.00331395
     2.5000000        0.02502168        0.00383234
     2.6000000        0.02396171        0.00505018
     2.7000000        0.02104785        0.00494356
     2.8000000        0.01884048        0.00419040
     2.9000000        0.01700795        0.00369477
     3.0000000        0.01541974        0.00338026
     3.1000000        0.01301774        0.00280307
     3.2000000        0.01079761        0.00237037
     3.3000000        0.00994651        0.00225915
     3.4000000        0.00935053        0.00240486
     3.5000000        0.00854199        0.00232800
     3.6000000        0.00677794        0.00209056
     3.7000000        0.00522434        0.00230346
     3.8000000        0.00416549        0.00234929
     3.9000000        0.00359206        0.00225529
     4.0000000        0.00350894        0.00257273
     4.1000000        0.00215033        0.00290372
     4.2000000        0.00347299        0.00390497
     4.3000000        0.00627099        0.00540831
     4.4000000        0.00816038        0.00680546
     4.5000000        0.00922149        0.00706419
     4.6000000        0.01165926        0.00890667
     4.7000000        0.01187255        0.00934096
     4.8000000        0.01147716        0.00792541
     4.9000000        0.00919016        0.00681730
     5.0000000        0.00710112        0.00727585
     5.1000000        0.00675692        0.00697323
     5.2000000        0.00681512        0.00667234
     5.3000000        0.00728335        0.00536919
     5.4000000        0.00687753        0.00577247
     5.5000000        0.00765507        0.00608390
     5.6000000        0.00891169        0.00690630
     5.7000000        0.00981340        0.00669337
     5.8000000        0.01057564        0.00631378
     5.9000000        0.00941661        0.00576828
     6.0000000        0.00879167        0.00504157
     6.1000000        0.00666861        0.00473304
     6.2000000        0.00587973        0.00489569
     6.3000000        0.00522664        0.00515923
     6.4000000        0.00418860        0.00556195
     6.5000000        0.00234897        0.00580641
     6.6000000        0.00104700        0.00625792
     6.7000000        0.00073929        0.00710623
     6.8000000        0.00204556        0.00650060
     6.9000000        0.00356434        0.00653679
     7.0000000        0.00492012        0.00619469
     7.1000000        0.00620947        0.00563773
     7.2000000        0.00938314        0.00468097
     7.3000000        0.01076666        0.00411474
     7.4000000        0.01244666        0.00359827
     7.5000000        0.01415451        0.00354718
     7.6000000        0.01619015        0.00387069
     7.7000000        0.01993359        0.00361486
     7.8000000        0.02374824        0.00362475
     7.9000000        0.02977049        0.00263810
     8.0000000        0.03625138        0.00216438
     8.1000000        0.04227324        0.00207391
     8.2000000        0.04795741        0.00214231
     8.3000000        0.05447743        0.00215082
     8.4000000        0.06359771        0.00236071
     8.5000000        0.07327679        0.00231215
     8.6000000        0.08406626        0.00225393
     8.7000000        0.09780506        0.00338746
     8.8000000        0.11294060        0.00409720
     8.9000000        0.12940434        0.00348862
     9.0000000        0.14829700        0.00337481
     9.1000000        0.16967925        0.00364504
     9.2000000        0.19680655        0.00423910
     9.3000000        0.22737142        0.00546818
     9.4000000        0.26343919        0.00574457
     9.5000000        0.30769656        0.00563257
     9.6000000        0.36148763        0.00516745
     9.7000000        0.42948614        0.00534923
     9.8000000        0.51857137        0.00676951
     9.9000000        0.63881808        0.00929803
    10.0000000        0.80736832        0.01170315
