     0.0000000        0.48425726        0.00186284
     0.1000000        0.29290442        0.00191167
     0.2000000        0.18011051        0.00135808
     0.3000000        0.11210225        0.00137057
     0.4000000        0.07053701        0.00117092
     0.5000000        0.04528138        0.00084040
     0.6000000        0.02953126        0.00056461
     0.7000000        0.01960279        0.00036337
     0.8000000        0.01319123        0.00036391
     0.9000000        0.00893965        0.00032410
     1.0000000        0.00611703        0.00022814
     1.1000000        0.00420083        0.00020955
     1.2000000        0.00290155        0.00018136
     1.3000000        0.00203982        0.00014509
     1.4000000        0.00140511        0.00012796
     1.5000000        0.00096743        0.00010846
     1.6000000        0.00063543        0.00014378
     1.7000000        0.00045014        0.00013898
     1.8000000        0.00032624        0.00009321
     1.9000000        0.00025832        0.00009130
     2.0000000        0.00019143        0.00011980
     2.1000000        0.00010900        0.00014060
     2.2000000        0.00004632        0.00013376
     2.3000000        0.00001496        0.00011861
     2.4000000        0.00002626        0.00011161
     2.5000000        0.00006910        0.00009138
     2.6000000        0.00010754        0.00006047
     2.7000000        0.00009834        0.00006785
     2.8000000        0.00005968        0.00009997
     2.9000000        0.00006397        0.00008240
     3.0000000        0.00005755        0.00007742
     3.1000000        0.00005065        0.00006131
     3.2000000        0.00003888        0.00006346
     3.3000000        0.00004852        0.00005630
     3.4000000        0.00005508        0.00004607
     3.5000000        0.00005406        0.00003389
     3.6000000        0.00006153        0.00002001
     3.7000000        0.00006441        0.00000793
     3.8000000        0.00005410        0.00001965
     3.9000000        0.00004804        0.00002812
     4.0000000        0.00004722        0.00003116
     4.1000000        0.00004733        0.00003348
     4.2000000        0.00005561        0.00002723
     4.3000000        0.00006300        0.00002598
     4.4000000        0.00006986        0.00001964
     4.5000000        0.00008055        0.00000602
     4.6000000        0.00008494        0.00001069
     4.7000000        0.00008500        0.00001224
     4.8000000        0.00008034        0.00001280
     4.9000000        0.00007676        0.00001599
     5.0000000        0.00007630        0.00001552
     5.1000000        0.00007660        0.00001514
     5.2000000        0.00007236        0.00001062
     5.3000000        0.00006737        0.00000726
     5.4000000        0.00006703        0.00000893
     5.5000000        0.00006735        0.00000661
     5.6000000        0.00006841        0.00000158
     5.7000000        0.00006823        0.00000447
     5.8000000        0.00007121        0.00000877
     5.9000000        0.00006599        0.00000993
     6.0000000        0.00007099        0.00000705
     6.1000000        0.00007312        0.00001307
     6.2000000        0.00006401        0.00001420
     6.3000000        0.00006274        0.00001945
     6.4000000        0.00006353        0.00002699
     6.5000000        0.00006765        0.00002810
     6.6000000        0.00007051        0.00002613
     6.7000000        0.00007918        0.00002661
     6.8000000        0.00008449        0.00002358
     6.9000000        0.00010161        0.00002128
     7.0000000        0.00011113        0.00001924
     7.1000000        0.00011628        0.00002656
     7.2000000        0.00012649        0.00003475
     7.3000000        0.00013717        0.00004354
     7.4000000        0.00013051        0.00007923
     7.5000000        0.00014889        0.00007894
     7.6000000        0.00015835        0.00007277
     7.7000000        0.00019501        0.00007965
     7.8000000        0.00024892        0.00006169
     7.9000000        0.00031225        0.00002263
     8.0000000        0.00036342        0.00002096
     8.1000000        0.00040248        0.00000537
     8.2000000        0.00050901        0.00003764
     8.3000000        0.00062496        0.00004366
     8.4000000        0.00084956        0.00005634
     8.5000000        0.00115065        0.00007578
     8.6000000        0.00156848        0.00014163
     8.7000000        0.00217610        0.00020834
     8.8000000        0.00302039        0.00024881
     8.9000000        0.00424929        0.00027258
     9.0000000        0.00616507        0.00019609
     9.1000000        0.00891308        0.00014709
     9.2000000        0.01308512        0.00030605
     9.3000000        0.01957215        0.00043863
     9.4000000        0.02949724        0.00051294
     9.5000000        0.04548645        0.00076571
     9.6000000        0.07097107        0.00113658
     9.7000000        0.11241534        0.00152942
     9.8000000        0.18060544        0.00156993
     9.9000000        0.29398248        0.00198582
    10.0000000        0.48425726        0.00186284
