     0.0000000        1.00152015        0.03195991
     0.1000000        0.72360551        0.02776848
     0.2000000        0.53517707        0.02765692
     0.3000000        0.40198176        0.01877446
     0.4000000        0.30524617        0.01576521
     0.5000000        0.23323430        0.01326250
     0.6000000        0.18103330        0.01165923
     0.7000000        0.14171629        0.00920797
     0.8000000        0.10920599        0.00501504
     0.9000000        0.08229321        0.00397315
     1.0000000        0.06204953        0.00203331
     1.1000000        0.05104726        0.00170359
     1.2000000        0.03701257        0.00159716
     1.3000000        0.02860886        0.00158019
     1.4000000        0.02153980        0.00080503
     1.5000000        0.01437032        0.00306104
     1.6000000        0.01124294        0.00439179
     1.7000000        0.01152588        0.00303362
     1.8000000        0.00807745        0.00269162
     1.9000000        0.00565089        0.00108959
     2.0000000        0.00314097        0.00110837
     2.1000000        0.00289117        0.00059607
     2.2000000        0.00145658        0.00160968
     2.3000000        0.00129170        0.00271023
     2.4000000        0.00090462        0.00190480
     2.5000000        0.00100196        0.00183649
     2.6000000        0.00168969        0.00244012
     2.7000000        0.00246949        0.00295400
     2.8000000        0.00288682        0.00247419
     2.9000000        0.00248798        0.00199382
     3.0000000        0.00214230        0.00226961
     3.1000000        0.00093347        0.00206673
     3.2000000       -0.00044687        0.00140589
     3.3000000       -0.00099081        0.00074389
     3.4000000       -0.00156851        0.00157528
     3.5000000       -0.00095938        0.00179089
     3.6000000       -0.00115164        0.00186321
     3.7000000       -0.00011978        0.00143287
     3.8000000        0.00091444        0.00128096
     3.9000000        0.00059367        0.00086294
     4.0000000        0.00061951        0.00041946
     4.1000000        0.00092692        0.00053329
     4.2000000        0.00080777        0.00050160
     4.3000000        0.00064437        0.00051768
     4.4000000        0.00083182        0.00102939
     4.5000000        0.00044717        0.00104679
     4.6000000        0.00059487        0.00076830
     4.7000000        0.00030146        0.00020193
     4.8000000       -0.00044788        0.00089817
     4.9000000       -0.00106476        0.00120867
     5.0000000       -0.00079566        0.00099487
     5.1000000       -0.00041623        0.00102538
     5.2000000        0.00001473        0.00072680
     5.3000000        0.00030714        0.00070761
     5.4000000        0.00031836        0.00085191
     5.5000000        0.00007796        0.00060491
     5.6000000        0.00068698        0.00070253
     5.7000000        0.00066976        0.00156386
     5.8000000        0.00117167        0.00135344
     5.9000000        0.00093852        0.00052476
     6.0000000        0.00115528        0.00100945
     6.1000000        0.00047523        0.00139499
     6.2000000        0.00114248        0.00218176
     6.3000000        0.00078284        0.00174213
     6.4000000        0.00057899        0.00184662
     6.5000000        0.00097330        0.00130427
     6.6000000       -0.00035823        0.00164725
     6.7000000       -0.00004513        0.00130038
     6.8000000        0.00124998        0.00155440
     6.9000000        0.00089092        0.00098080
     7.0000000        0.00159444        0.00049322
     7.1000000        0.00199058        0.00052658
     7.2000000        0.00340597        0.00046809
     7.3000000        0.00321348        0.00266607
     7.4000000        0.00553439        0.00257770
     7.5000000        0.00468160        0.00261356
     7.6000000        0.00537004        0.00108451
     7.7000000        0.00441476        0.00145807
     7.8000000        0.00533644        0.00010842
     7.9000000        0.00752739        0.00149068
     8.0000000        0.00800735        0.00097587
     8.1000000        0.00945124        0.00227715
     8.2000000        0.01298063        0.00270053
     8.3000000        0.01587328        0.00376424
     8.4000000        0.01876790        0.00113461
     8.5000000        0.02368444        0.00169931
     8.6000000        0.02852205        0.00256765
     8.7000000        0.03387929        0.00506987
     8.8000000        0.04452671        0.00335949
     8.9000000        0.05554405        0.00512498
     9.0000000        0.06585891        0.00542898
     9.1000000        0.08268706        0.00300899
     9.2000000        0.11571191        0.00302475
     9.3000000        0.14416432        0.00155830
     9.4000000        0.18156474        0.00395747
     9.5000000        0.24077325        0.00349758
     9.6000000        0.31188735        0.00611440
     9.7000000        0.41102014        0.00580469
     9.8000000        0.53896649        0.01103397
     9.9000000        0.72263361        0.02006535
    10.0000000        0.99847985        0.03195991
