     0.0000000        0.81804506        0.02458690
     0.1000000        0.65171422        0.02402041
     0.2000000        0.53421839        0.02312571
     0.3000000        0.44617630        0.02265342
     0.4000000        0.37845360        0.02294005
     0.5000000        0.32710180        0.02320999
     0.6000000        0.28408004        0.02217349
     0.7000000        0.24697722        0.02028537
     0.8000000        0.21300459        0.01902958
     0.9000000        0.18611519        0.01833866
     1.0000000        0.16187564        0.01662545
     1.1000000        0.14079716        0.01524477
     1.2000000        0.12290662        0.01410525
     1.3000000        0.10870006        0.01304871
     1.4000000        0.09673921        0.01142850
     1.5000000        0.08426773        0.01040855
     1.6000000        0.07583314        0.00923405
     1.7000000        0.06731919        0.00948936
     1.8000000        0.06248110        0.00874463
     1.9000000        0.05458764        0.00875513
     2.0000000        0.04605483        0.00906466
     2.1000000        0.04066252        0.00971916
     2.2000000        0.03787932        0.00925515
     2.3000000        0.03255569        0.00818963
     2.4000000        0.02903725        0.00859006
     2.5000000        0.02258452        0.00805281
     2.6000000        0.01767507        0.00924239
     2.7000000        0.01489515        0.01049403
     2.8000000        0.01113967        0.01100370
     2.9000000        0.00608877        0.01122817
     3.0000000        0.00038096        0.01144425
     3.1000000       -0.00286855        0.01044333
     3.2000000       -0.00684211        0.00898574
     3.3000000       -0.00753237        0.00933706
     3.4000000       -0.00586717        0.00870232
     3.5000000       -0.00836936        0.00823807
     3.6000000       -0.00676595        0.00794483
     3.7000000       -0.00525673        0.00820342
     3.8000000       -0.00516488        0.00816558
     3.9000000       -0.00410566        0.00799892
     4.0000000       -0.00602528        0.00775582
     4.1000000       -0.00242469        0.00814187
     4.2000000       -0.00222093        0.00906090
     4.3000000       -0.00185489        0.00865280
     4.4000000       -0.00495894        0.00860396
     4.5000000       -0.00746168        0.00920924
     4.6000000       -0.01049958        0.00925871
     4.7000000       -0.01137906        0.00958079
     4.8000000       -0.01105184        0.00948997
     4.9000000       -0.01061213        0.00920700
     5.0000000       -0.00676303        0.00950322
     5.1000000       -0.00372353        0.00843231
     5.2000000       -0.00311261        0.00770164
     5.3000000       -0.00306281        0.00695396
     5.4000000        0.00030916        0.00788673
     5.5000000        0.00085393        0.00886824
     5.6000000        0.00077457        0.00841697
     5.7000000       -0.00086237        0.00743187
     5.8000000       -0.00366260        0.00902861
     5.9000000       -0.00453145        0.00931440
     6.0000000       -0.00429716        0.00832574
     6.1000000       -0.00285938        0.00783362
     6.2000000       -0.00020428        0.00718082
     6.3000000       -0.00073588        0.00636767
     6.4000000       -0.00035130        0.00702372
     6.5000000       -0.00074923        0.00712536
     6.6000000        0.00072199        0.00624210
     6.7000000        0.00110056        0.00530798
     6.8000000       -0.00206560        0.00393241
     6.9000000       -0.00466338        0.00377967
     7.0000000       -0.00247333        0.00439972
     7.1000000        0.00077731        0.00458841
     7.2000000        0.00369608        0.00595945
     7.3000000        0.00858550        0.00699222
     7.4000000        0.01357897        0.00679091
     7.5000000        0.01608156        0.00720154
     7.6000000        0.01818165        0.00770573
     7.7000000        0.02183153        0.00833906
     7.8000000        0.02935221        0.00633504
     7.9000000        0.03551615        0.00655369
     8.0000000        0.04203551        0.00624256
     8.1000000        0.04758583        0.00752869
     8.2000000        0.05187455        0.00799567
     8.3000000        0.05896779        0.00929142
     8.4000000        0.06910212        0.01049138
     8.5000000        0.08048076        0.01063576
     8.6000000        0.09128680        0.00956915
     8.7000000        0.10388112        0.00869352
     8.8000000        0.11800610        0.00823847
     8.9000000        0.13207829        0.00977341
     9.0000000        0.14749631        0.01011877
     9.1000000        0.16515126        0.01073977
     9.2000000        0.19091467        0.01096764
     9.3000000        0.22880955        0.01453759
     9.4000000        0.27107311        0.01762296
     9.5000000        0.31806866        0.01779731
     9.6000000        0.37792221        0.01951337
     9.7000000        0.44614182        0.02130564
     9.8000000        0.53236360        0.02281805
     9.9000000        0.65083781        0.02458037
    10.0000000        0.81804506        0.02458690
