     0.0000000        0.31190135        0.01409887
     0.1000000        0.17138972        0.01370277
     0.2000000        0.09525044        0.01304696
     0.3000000        0.05501328        0.01148365
     0.4000000        0.03077207        0.01016384
     0.5000000        0.01588722        0.01042088
     0.6000000        0.00652121        0.01037896
     0.7000000       -0.00095508        0.01061773
     0.8000000       -0.00071859        0.00897411
     0.9000000       -0.00109209        0.00728468
     1.0000000       -0.00321898        0.00634080
     1.1000000       -0.00328915        0.00532937
     1.2000000       -0.00395569        0.00606734
     1.3000000       -0.00423952        0.00603923
     1.4000000       -0.00525095        0.00578208
     1.5000000       -0.00546237        0.00495487
     1.6000000       -0.00479535        0.00413912
     1.7000000       -0.00371001        0.00343009
     1.8000000       -0.00057337        0.00309704
     1.9000000       -0.00097177        0.00267367
     2.0000000       -0.00233496        0.00249915
     2.1000000       -0.00267339        0.00224102
     2.2000000       -0.00320809        0.00260242
     2.3000000       -0.00373229        0.00344560
     2.4000000       -0.00342823        0.00431460
     2.5000000       -0.00217537        0.00556782
     2.6000000       -0.00311076        0.00784743
     2.7000000       -0.00284455        0.00794404
     2.8000000       -0.00479231        0.00753697
     2.9000000       -0.00562568        0.00710598
     3.0000000       -0.00593522        0.00737806
     3.1000000       -0.00803950        0.00731407
     3.2000000       -0.00917623        0.00679208
     3.3000000       -0.00711700        0.00615697
     3.4000000       -0.00558508        0.00580109
     3.5000000       -0.00354506        0.00511317
     3.6000000       -0.00093779        0.00514422
     3.7000000        0.00213814        0.00529537
     3.8000000        0.00309748        0.00625432
     3.9000000        0.00262111        0.00695222
     4.0000000        0.00357319        0.00792381
     4.1000000        0.00309134        0.00882255
     4.2000000        0.00436141        0.00881642
     4.3000000        0.00498027        0.00987545
     4.4000000        0.00516920        0.01064968
     4.5000000        0.00612682        0.01081284
     4.6000000        0.00741481        0.01055789
     4.7000000        0.00877650        0.00878420
     4.8000000        0.00904152        0.00791141
     4.9000000        0.00796633        0.00638898
     5.0000000        0.00641452        0.00607389
     5.1000000        0.00492965        0.00553275
     5.2000000        0.00367376        0.00526555
     5.3000000        0.00213845        0.00508289
     5.4000000        0.00242604        0.00554701
     5.5000000        0.00193795        0.00495513
     5.6000000        0.00229836        0.00331879
     5.7000000        0.00096249        0.00319597
     5.8000000        0.00037634        0.00278776
     5.9000000        0.00177469        0.00261405
     6.0000000        0.00149669        0.00294940
     6.1000000        0.00088213        0.00351222
     6.2000000       -0.00123699        0.00380158
     6.3000000       -0.00410359        0.00372771
     6.4000000       -0.00457011        0.00363950
     6.5000000       -0.00381076        0.00395173
     6.6000000       -0.00375078        0.00344119
     6.7000000       -0.00346978        0.00390016
     6.8000000       -0.00388377        0.00374277
     6.9000000       -0.00320257        0.00406640
     7.0000000       -0.00241668        0.00408946
     7.1000000       -0.00153325        0.00397770
     7.2000000        0.00100498        0.00385278
     7.3000000        0.00228268        0.00404276
     7.4000000        0.00098468        0.00422889
     7.5000000        0.00074172        0.00405093
     7.6000000       -0.00129032        0.00344340
     7.7000000       -0.00260753        0.00354396
     7.8000000        0.00078470        0.00404681
     7.9000000        0.00036095        0.00413390
     8.0000000       -0.00022530        0.00481489
     8.1000000       -0.00051624        0.00567387
     8.2000000       -0.00128744        0.00619694
     8.3000000        0.00086912        0.00548299
     8.4000000        0.00267090        0.00515157
     8.5000000        0.00290323        0.00582980
     8.6000000        0.00356382        0.00682728
     8.7000000        0.00222500        0.00770423
     8.8000000        0.00227079        0.00847354
     8.9000000        0.00162205        0.00891106
     9.0000000        0.00175272        0.00955812
     9.1000000        0.00280653        0.00975425
     9.2000000        0.00334908        0.01028035
     9.3000000        0.00513130        0.01122854
     9.4000000        0.01056936        0.01150178
     9.5000000        0.01617366        0.01266577
     9.6000000        0.03077387        0.01287336
     9.7000000        0.05508239        0.01350639
     9.8000000        0.09805273        0.01360929
     9.9000000        0.17237604        0.01379245
    10.0000000        0.31190135        0.01409887
