     0.0000000        0.42070047        0.02724464
     0.1000000        0.39660609        0.01759969
     0.2000000        0.39189080        0.05561281
     0.3000000        0.28244715        0.01242851
     0.4000000        0.23240646        0.01134424
     0.5000000        0.19140152        0.01196015
     0.6000000        0.16634405        0.01858124
     0.7000000        0.12457066        0.06774167
     0.8000000        0.08989539        0.08001972
     0.9000000        0.12933705        0.03085144
     1.0000000        0.13074241        0.02875787
     1.1000000        0.14397658        0.04058832
     1.2000000        0.20110969        0.08160353
     1.3000000        0.16156414        0.09905850
     1.4000000       -0.10775460        0.09820834
     1.5000000       -0.44906576        0.46226483
     1.6000000       -0.04346723        0.07091285
     1.7000000        0.19397210        0.09738171
     1.8000000        0.36856683        0.32645604
     1.9000000        0.18603897        0.13438649
     2.0000000        0.05450699        0.05385201
     2.1000000        0.05558586        0.02535032
     2.2000000        0.06386598        0.03652739
     2.3000000        0.04156888        0.03047107
     2.4000000        0.04058482        0.01948427
     2.5000000        0.02722927        0.03334385
     2.6000000        0.05587483        0.02676682
     2.7000000        0.01760892        0.02355489
     2.8000000       -0.01628763        0.03804767
     2.9000000        0.03653145        0.04006247
     3.0000000        0.02693119        0.05680553
     3.1000000       -0.07745420        0.11488315
     3.2000000       -0.22807385        0.22693902
     3.3000000        0.01550886        0.05363551
     3.4000000        0.05264286        0.06804444
     3.5000000        0.10144222        0.05305298
     3.6000000        0.05242932        0.04087643
     3.7000000        0.09161846        0.05402211
     3.8000000        0.01892002        0.04759947
     3.9000000        0.07996855        0.04337543
     4.0000000       -0.11483281        0.25466124
     4.1000000        0.09781094        0.02953621
     4.2000000       -0.03541653        0.17234250
     4.3000000        0.06070252        0.08467739
     4.4000000        0.17944469        0.02086702
     4.5000000        0.21704469        0.03370973
     4.6000000        0.24354594        0.02266343
     4.7000000        0.28688580        0.01457391
     4.8000000        0.33049475        0.00818330
     4.9000000        0.38003828        0.01142488
     5.0000000        0.42070047        0.02724464
