     0.0000000        1.00069734        0.00752986
     0.1000000        0.87665438        0.00705540
     0.2000000        0.78043030        0.00813520
     0.3000000        0.70556530        0.00823943
     0.4000000        0.63786013        0.00846189
     0.5000000        0.58563427        0.00751002
     0.6000000        0.54074096        0.00780730
     0.7000000        0.49795878        0.00875503
     0.8000000        0.46282215        0.00864924
     0.9000000        0.43493200        0.00785693
     1.0000000        0.40439455        0.00750085
     1.1000000        0.38077804        0.00733262
     1.2000000        0.36028381        0.00683090
     1.3000000        0.33711012        0.00747907
     1.4000000        0.31974644        0.00680261
     1.5000000        0.30577670        0.00671264
     1.6000000        0.28312250        0.00696972
     1.7000000        0.26638265        0.00692438
     1.8000000        0.25312222        0.00846350
     1.9000000        0.24268599        0.00852828
     2.0000000        0.23594967        0.00844251
     2.1000000        0.23384764        0.00791291
     2.2000000        0.23075451        0.00794789
     2.3000000        0.22263628        0.00811255
     2.4000000        0.22068251        0.00774789
     2.5000000        0.22057609        0.00670588
     2.6000000        0.22110303        0.00673002
     2.7000000        0.22409546        0.00638376
     2.8000000        0.22517056        0.00665079
     2.9000000        0.22475618        0.00614019
     3.0000000        0.23147487        0.00709543
     3.1000000        0.24130557        0.00664166
     3.2000000        0.24640100        0.00888144
     3.3000000        0.25629832        0.00848257
     3.4000000        0.26785499        0.00723282
     3.5000000        0.28197434        0.00652409
     3.6000000        0.30377308        0.00668530
     3.7000000        0.32342164        0.00489770
     3.8000000        0.34763443        0.00557894
     3.9000000        0.37168851        0.00605062
     4.0000000        0.39713885        0.00530154
     4.1000000        0.42557708        0.00571219
     4.2000000        0.46308909        0.00541651
     4.3000000        0.50012078        0.00472265
     4.4000000        0.54111971        0.00522546
     4.5000000        0.58744004        0.00500689
     4.6000000        0.64375121        0.00587007
     4.7000000        0.70709154        0.00532178
     4.8000000        0.78434996        0.00521551
     4.9000000        0.87683869        0.00685089
     5.0000000        0.99930266        0.00752986
