     0.0000000        0.50328599        0.00199915
     0.1000000        0.30867281        0.00223255
     0.2000000        0.19091582        0.00171887
     0.3000000        0.11835620        0.00169994
     0.4000000        0.07355137        0.00141873
     0.5000000        0.04623387        0.00108576
     0.6000000        0.02915642        0.00078611
     0.7000000        0.01860010        0.00045020
     0.8000000        0.01192260        0.00041565
     0.9000000        0.00767125        0.00038440
     1.0000000        0.00498939        0.00025851
     1.1000000        0.00314002        0.00016818
     1.2000000        0.00206826        0.00021170
     1.3000000        0.00147043        0.00024149
     1.4000000        0.00099805        0.00020384
     1.5000000        0.00073183        0.00016441
     1.6000000        0.00052488        0.00018080
     1.7000000        0.00033291        0.00020852
     1.8000000        0.00018610        0.00018059
     1.9000000        0.00014015        0.00017214
     2.0000000        0.00008346        0.00013908
     2.1000000        0.00002640        0.00008768
     2.2000000        0.00000152        0.00008010
     2.3000000       -0.00004285        0.00011419
     2.4000000        0.00004335        0.00014156
     2.5000000        0.00011980        0.00012419
     2.6000000        0.00020368        0.00004497
     2.7000000        0.00022104        0.00007444
     2.8000000        0.00018224        0.00010991
     2.9000000        0.00021167        0.00007624
     3.0000000        0.00021951        0.00005842
     3.1000000        0.00022041        0.00003017
     3.2000000        0.00018805        0.00005528
     3.3000000        0.00019237        0.00006988
     3.4000000        0.00015924        0.00009160
     3.5000000        0.00014950        0.00006145
     3.6000000        0.00015362        0.00001840
     3.7000000        0.00015672        0.00000620
     3.8000000        0.00014651        0.00002005
     3.9000000        0.00012687        0.00004525
     4.0000000        0.00008537        0.00007545
     4.1000000        0.00006271        0.00008566
     4.2000000        0.00005167        0.00007872
     4.3000000        0.00005979        0.00006570
     4.4000000        0.00006533        0.00004649
     4.5000000        0.00008196        0.00004191
     4.6000000        0.00007503        0.00005408
     4.7000000        0.00007917        0.00005863
     4.8000000        0.00006749        0.00005481
     4.9000000        0.00005494        0.00005400
     5.0000000        0.00005289        0.00004558
     5.1000000        0.00004851        0.00004853
     5.2000000        0.00001704        0.00004139
     5.3000000        0.00000883        0.00002778
     5.4000000        0.00000868        0.00004455
     5.5000000       -0.00000046        0.00003326
     5.6000000       -0.00000791        0.00002220
     5.7000000        0.00001162        0.00001847
     5.8000000        0.00003226        0.00005069
     5.9000000        0.00001097        0.00005039
     6.0000000        0.00001465        0.00005113
     6.1000000        0.00002389        0.00004974
     6.2000000        0.00000915        0.00006830
     6.3000000        0.00000717        0.00006306
     6.4000000       -0.00000667        0.00006549
     6.5000000       -0.00000030        0.00007973
     6.6000000        0.00000722        0.00009355
     6.7000000        0.00002662        0.00010424
     6.8000000        0.00005102        0.00008539
     6.9000000        0.00008945        0.00008293
     7.0000000        0.00006647        0.00009515
     7.1000000        0.00004891        0.00010906
     7.2000000        0.00005586        0.00010299
     7.3000000        0.00002490        0.00011855
     7.4000000       -0.00003186        0.00017668
     7.5000000        0.00001026        0.00016753
     7.6000000        0.00002412        0.00015229
     7.7000000        0.00004203        0.00012734
     7.8000000        0.00007759        0.00010028
     7.9000000        0.00013004        0.00011371
     8.0000000        0.00014003        0.00011953
     8.1000000        0.00010991        0.00010676
     8.2000000        0.00014002        0.00014397
     8.3000000        0.00013972        0.00016023
     8.4000000        0.00016966        0.00016022
     8.5000000        0.00040063        0.00013206
     8.6000000        0.00068827        0.00015130
     8.7000000        0.00112348        0.00033857
     8.8000000        0.00190015        0.00050435
     8.9000000        0.00310987        0.00046129
     9.0000000        0.00495158        0.00036681
     9.1000000        0.00771460        0.00041172
     9.2000000        0.01198518        0.00039776
     9.3000000        0.01865330        0.00035713
     9.4000000        0.02929214        0.00034355
     9.5000000        0.04671072        0.00072500
     9.6000000        0.07441931        0.00124018
     9.7000000        0.11893149        0.00172781
     9.8000000        0.19147271        0.00159367
     9.9000000        0.30982738        0.00202184
    10.0000000        0.50328599        0.00199915
